,0,1
0,4,0.5228057532797021
1,4,0.5138479007046286
2,4,0.4727811630721825
3,4,0.5151154374830922
4,4,0.5105743668414556
5,4,0.45449376662118035
6,4,0.5159183685270866
7,4,0.5255314247903431
8,4,0.4305426588969884
9,4,0.4628004438075324
10,4,0.42107048709820843
11,4,0.40665532366311036
12,4,0.27972843126633046
13,4,0.34534953847871785
14,4,0.37043849506906384
15,4,0.3516012030062195
16,4,0.5877985640895431
17,4,0.5879148742988444
18,4,0.5188346266918624
19,4,0.5732816705561585
20,4,0.5527221885819763
21,4,0.5025778401322448
22,4,0.5912394948822881
23,4,0.5919185526437356
24,4,0.48204303975922597
25,4,0.5033010423528113
26,4,0.46849177191337077
27,4,0.4374609370274535
28,4,0.2891309159105367
29,4,0.3700284164439431
30,4,0.42008338722788763
31,4,0.39815441039135746
32,4,0.6295976310102953
33,4,0.6148732692536497
34,4,0.5536895879708684
35,4,0.6046111838567588
36,4,0.589800898781706
37,4,0.5395505380260702
38,4,0.624622580477919
39,4,0.6173102016575815
40,4,0.501753291334354
41,4,0.536909259738076
42,4,0.48867636480620225
43,4,0.46693519891577223
44,4,0.30334500568634637
45,4,0.38936151304004496
46,4,0.43911219816003
47,4,0.40751164787059435
48,4,0.6705797075536346
49,4,0.6648037223467759
50,4,0.6110329179963058
51,4,0.6457741167884474
52,4,0.6253406523578562
53,4,0.5797831790497849
54,4,0.6642120189620206
55,4,0.6604953518854673
56,4,0.5293255910177663
57,4,0.5521248496989993
58,4,0.5138054232655648
59,4,0.4873041284668933
60,4,0.31614613943280107
61,4,0.41502294911002535
62,4,0.47069592005482297
63,4,0.4301614071563549
64,4,0.7006857431233762
65,4,0.6900971035858879
66,4,0.6261972733454262
67,4,0.6715147030770079
68,4,0.6543381382018119
69,4,0.6006188592611006
70,4,0.6911155651018522
71,4,0.684429688709927
72,4,0.5452467345882068
73,4,0.5799557867463929
74,4,0.5292464793506866
75,4,0.5174010535859209
76,4,0.34475601287088375
77,4,0.44185334012194244
78,4,0.4848046416006582
79,4,0.447888192007742
