 100
 1 2502505
 587 233 220 24702400 32011479
 1
 1 108 0 76 0 30 1 122 174353 348706 249450
 2 2502605
 587 233 220 23428006 60217289
 1
 1 49 0 25 1 21 1 1169 17951 35902 64684
 3 2502705
 587 233 220 22936462 86121423
 1
 1 97 0 81 0 27 1 141 189013 378026 1329252
 4 2502805
 587 233 220 18636812 67393052
 1
 1 113 0 92 0 33 1 87 272740 545480 2088409
 5 2502905
 587 233 220 22569949 54739627
 1
 1 88 0 54 1 39 1 162 123941 247882 551340
 6 2503005
 587 233 220 21578351 53679715
 1
 1 86 1 84 1 45 1 92 231009 462018 895377
 7 2503105
 587 233 220 25552221 49977694
 1
 1 118 0 79 1 51 1 63 360225 720450 2871263
 8 2503205
 587 233 220 18145239 57463951
 1
 1 75 1 58 1 57 1 121 158268 316536 881502
 9 2503305
 587 233 220 19089484 47292167
 1
 1 90 1 70 1 63 1 75 238945 477890 1740917
 10 2503405
 587 233 220 25868353 40209606
 1
 1 68 0 66 0 31 1 216 98347 196694 169360
 11 2503505
 587 233 220 23408127 84170900
 1
 1 74 1 63 1 61 1 105 243097 486194 1924965
 12 2503605
 587 233 220 23805994 38293335
 1
 1 95 1 80 1 57 1 69 296957 593914 887117
 13 2503705
 587 233 220 24925434 63393360
 1
 1 52 0 36 1 25 1 642 36988 73976 170755
 14 2503805
 587 233 220 25711009 53420413
 1
 1 68 0 48 1 31 1 297 87771 175542 290559
 15 2503905
 587 233 220 20797266 22290831
 1
 1 100 0 44 1 37 1 184 112886 225772 430769
 16 2504005
 587 233 220 19368095 70687552
 1
 1 43 1 40 1 39 1 448 51215 102430 292366
 17 2504105
 587 233 220 22552276 52086567
 1
 1 72 0 49 1 35 1 243 83930 167860 481874
 18 2504205
 587 233 220 26426931 31195332
 1
 1 104 0 55 1 30 1 175 113466 226932 512106
 19 2504305
 587 233 220 18420504 51006930
 1
 1 60 0 45 1 26 1 428 49219 98438 314809
 20 2504405
 587 233 220 23822103 50827300
 1
 1 97 1 77 1 66 1 61 425841 851682 1860343
 21 2504505
 587 233 220 21143521 77062819
 1
 1 109 1 93 1 72 1 41 482389 964778 2709317
 22 2504605
 587 233 220 18755968 67399755
 1
 1 89 1 78 1 50 1 86 267181 534362 940824
 23 2504705
 587 233 220 19327588 72763703
 1
 1 84 0 81 0 23 1 192 131949 263898 824504
 24 2504805
 587 233 220 26528321 54945330
 1
 1 113 0 80 0 29 1 114 200058 400116 676568
 25 2504905
 587 233 220 19835602 61499738
 1
 1 75 0 54 1 35 1 212 105729 211458 585264
 26 2505005
 587 233 220 26245172 77069559
 1
 1 86 0 71 1 41 1 120 219174 438348 419920
 27 2505105
 587 233 220 20209546 19148862
 1
 1 118 0 66 1 47 1 82 258466 516932 480620
 28 2505205
 587 233 220 20748169 73599029
 1
 1 62 1 59 1 52 1 158 137849 275698 590222
 29 2505305
 587 233 220 25331405 41427341
 1
 1 91 1 58 1 57 1 100 192448 384896 1139123
 30 2505405
 587 233 220 20210613 31613619
 1
 1 64 0 53 1 32 1 277 78310 156620 525085
 31 2505505
 587 233 220 19472335 20901410
 1
 1 70 1 63 1 49 1 139 178830 357660 1070183
 32 2505605
 587 233 220 21169344 25259892
 1
 1 95 0 76 1 44 1 94 273265 546530 393902
 33 2505705
 587 233 220 21314759 24933730
 1
 1 40 1 36 1 21 1 995 26425 52850 91799
 34 2505805
 587 233 220 18221235 24289421
 1
 1 68 0 35 1 27 1 468 48966 97932 104165
 35 2505905
 587 233 220 19427396 33953188
 1
 1 100 0 33 1 31 1 294 69760 139520 535938
 36 2506005
 587 233 220 22359553 37823828
 1
 1 41 1 39 1 26 1 723 33195 66390 196094
 37 2506105
 587 233 220 19314849 60209294
 1
 1 98 0 73 1 44 1 95 245343 490686 989117
 38 2506205
 587 233 220 21628794 21266063
 1
 1 104 0 94 1 50 1 61 296701 593402 2295823
 39 2506305
 587 233 220 20536991 66748032
 1
 1 89 1 56 1 45 1 134 135663 271326 623498
 40 2506405
 587 233 220 20592095 27399149
 1
 1 85 1 77 1 62 1 74 284149 568298 786815
 41 2506505
 587 233 220 24739178 78240067
 1
 1 109 1 80 1 68 1 50 457079 914158 933566
 42 2506605
 587 233 220 25333172 34596370
 1
 1 76 1 74 1 50 1 107 252672 505344 1873300
 43 2506705
 587 233 220 26353375 63562940
 1
 1 82 1 80 1 71 1 64 364624 729248 2905434
 44 2506805
 587 233 220 23959696 47986162
 1
 1 114 0 67 0 25 1 157 123740 247480 635022
 45 2506905
 587 233 220 26024827 98219007
 1
 1 63 0 55 1 31 1 280 85141 170282 564412
 46 2507005
 587 233 220 22059252 48963012
 1
 1 86 0 58 1 36 1 167 147198 294396 752095
 47 2507105
 587 233 220 26082882 28816533
 1
 1 118 0 54 1 42 1 112 205643 411286 767832
 48 2507205
 587 233 220 22345127 58228969
 1
 1 59 1 49 1 48 1 216 97873 195746 248178
 49 2507305
 587 233 220 22898782 61342727
 1
 1 91 0 54 1 45 1 136 143483 286966 930298
 50 2507405
 587 233 220 20091590 69826823
 1
 1 60 1 40 1 32 1 391 47090 94180 190153
 51 2507505
 587 233 220 25263798 43561958
 1
 1 66 1 64 1 36 1 197 99846 199692 391681
 52 2507605
 587 233 220 22477500 27983615
 1
 1 96 0 72 0 31 1 140 164295 328590 1105484
 53 2507705
 587 233 220 23893598 33925099
 1
 1 78 0 37 1 27 1 386 57617 115234 165114
 54 2507805
 587 233 220 18490078 66251052
 1
 1 99 0 68 0 23 1 194 107337 214674 516775
 55 2507905
 587 233 220 20487588 35928370
 1
 1 100 0 94 0 28 1 114 164137 328274 1043609
 56 2508005
 587 233 220 22564411 78305069
 1
 1 90 0 41 1 34 1 239 84358 168716 313075
 57 2508105
 587 233 220 21007692 24577395
 1
 1 85 0 73 1 40 1 121 212171 424342 676437
 58 2508205
 587 233 220 20328638 72872439
 1
 1 105 0 81 1 46 1 76 252913 505826 368136
 59 2508305
 587 233 220 23861781 40050356
 1
 1 76 1 52 1 46 1 165 119154 238308 809401
 60 2508405
 587 233 220 21558494 84026988
 1
 1 78 1 72 1 58 1 92 266632 533264 1902024
 61 2508505
 587 233 220 26742967 48758854
 1
 1 109 1 68 1 64 1 63 407938 815876 2962834
 62 2508605
 587 233 220 25058317 92162942
 1
 1 70 1 63 1 50 1 136 176516 353032 569889
 63 2508705
 587 233 220 20406368 76645654
 1
 1 82 1 76 1 59 1 81 309435 618870 1972440
 64 2508805
 587 233 220 26498607 29592777
 1
 1 114 0 54 0 20 1 244 80767 161534 261476
 65 2508905
 587 233 220 22930559 53056570
 1
 1 55 0 50 1 26 1 420 52184 104368 337503
 66 2509005
 587 233 220 24312344 29107488
 1
 1 87 0 45 1 32 1 240 101229 202458 449431
 67 2509105
 587 233 220 23110171 72452837
 1
 1 119 0 41 1 38 1 162 140989 281978 1111293
 68 2509205
 587 233 220 27005501 80952222
 1
 1 60 1 44 1 36 1 316 69783 139566 340278
 69 2509305
 587 233 220 21408267 44476685
 1
 1 91 0 50 1 32 1 206 124993 249986 784362
 70 2509405
 587 233 220 23492597 85675875
 1
 1 56 0 32 1 28 1 599 35353 70706 107006
 71 2509505
 587 233 220 24144292 65166416
 1
 1 99 1 64 1 62 1 76 279979 559958 2065838
 72 2509605
 587 233 220 23427486 65580160
 1
 1 96 1 95 1 68 1 48 552220 1104440 1536496
 73 2509705
 587 233 220 22425297 66908420
 1
 1 90 0 73 1 37 1 123 206132 412264 622011
 74 2509805
 587 233 220 20437901 23181666
 1
 1 86 1 79 1 69 1 64 369890 739780 1071947
 75 2509905
 587 233 220 20601540 57512083
 1
 1 101 0 81 0 24 1 153 118597 237194 312209
 76 2510005
 587 233 220 21303982 43586320
 1
 1 77 0 42 1 30 1 310 76662 153324 200697
 77 2510105
 587 233 220 25972450 50038596
 1
 1 73 0 73 0 36 1 156 138922 277844 1024572
 78 2510205
 587 233 220 21606438 70729975
 1
 1 105 0 68 1 42 1 100 244876 489752 564557
 79 2510305
 587 233 220 19147919 39796811
 1
 1 64 1 48 1 46 1 212 102190 204380 608426
 80 2510405
 587 233 220 23926518 57012210
 1
 1 78 1 59 1 54 1 121 209384 418768 584263
 81 2510505
 587 233 220 18488535 46318593
 1
 1 110 0 60 1 55 1 82 284473 568946 456347
 82 2510605
 587 233 220 25480706 39994245
 1
 1 65 1 51 1 50 1 181 112690 225380 539174
 83 2510705
 587 233 220 25310513 32890546
 1
 1 83 1 71 1 46 1 110 221422 442844 1463157
 84 2510805
 587 233 220 21851867 25281591
 1
 1 114 0 77 1 42 1 81 264287 528574 1624486
 85 2510905
 587 233 220 26901141 63747127
 1
 1 55 0 37 1 22 1 672 38865 77730 181168
 86 2511005
 587 233 220 18782561 33663309
 1
 1 87 0 33 1 28 1 374 63108 126216 142511
 87 2511105
 587 233 220 22962288 72018907
 1
 1 119 0 34 1 28 1 265 71386 142772 105761
 88 2511205
 587 233 220 24160710 76781080
 1
 1 100 0 60 1 40 1 125 153186 306372 676031
 89 2511305
 587 233 220 19423704 42655420
 1
 1 95 0 92 0 46 1 74 276139 552278 488297
 90 2511405
 587 233 220 26154873 76818321
 1
 1 91 0 52 1 33 1 192 100403 200806 695170
 91 2511505
 587 233 220 25238450 66671017
 1
 1 86 1 65 1 57 1 94 281967 563934 1704906
 92 2511605
 587 233 220 26325221 63371973
 1
 1 96 1 82 1 63 1 60 436520 873040 2372885
 93 2511705
 587 233 220 19843252 71828891
 1
 1 78 0 69 1 37 1 151 125776 251552 689950
 94 2511805
 587 233 220 18463824 42176490
 1
 1 75 1 73 1 69 1 79 271862 543724 1153679
 95 2511905
 587 233 220 25193021 48785025
 1
 1 101 0 69 0 20 1 215 89456 178912 384153
 96 2512005
 587 233 220 23267664 60660381
 1
 1 64 0 42 1 26 1 430 57464 114928 392314
 97 2512105
 587 233 220 18502783 63953740
 1
 1 74 0 60 1 32 1 211 88573 177146 155559
 98 2512205
 587 233 220 19194506 28976286
 1
 1 106 0 55 1 38 1 135 145789 291578 940016
 99 2512305
 587 233 220 25765206 58985162
 1
 1 51 1 46 1 44 1 291 89667 179334 384481
 100 2512405
 587 233 220 22161118 34940109
 1
 1 78 1 49 1 47 1 167 156455 312910 759605
