 100
 1 2502505
 587 233 220 23702925 62050851
 3
 1 108 0 76 0 30 1 40 211045 422090 1059187
 2 110 0 43 1 25 1 33 95000 190000 315145
 3 92 1 81 1 55 1 39 341692 683384 2421649
 2 2502605
 587 233 220 19197602 71976905
 3
 1 49 0 25 1 21 1 41 16358 32716 41395
 2 60 1 51 1 41 1 53 102549 205098 747715
 3 103 1 76 1 64 1 44 412616 825232 2678107
 3 2502705
 587 233 220 20375642 46274557
 3
 1 97 0 81 0 27 1 41 179914 359828 401280
 2 102 0 78 0 39 1 42 257201 514402 605106
 3 113 0 46 1 36 1 44 167742 335484 805132
 4 2502805
 587 233 220 26926752 28844511
 3
 1 113 0 92 0 33 1 67 238117 476234 1330101
 2 52 1 37 1 28 1 60 43316 86632 239182
 3 57 1 33 1 29 1 70 46018 92036 159189
 5 2502905
 587 233 220 20478129 58956878
 3
 1 88 0 54 1 39 1 51 157012 314024 923930
 2 94 0 54 1 36 1 38 162522 325044 586869
 3 87 0 77 1 43 1 47 190628 381256 338457
 6 2503005
 587 233 220 18524779 40453648
 3
 1 86 1 84 1 45 1 56 219406 438812 373019
 2 81 0 45 1 34 1 56 99477 198954 572261
 3 70 1 54 1 37 1 35 89606 179212 303980
 7 2503105
 587 233 220 23259668 54430704
 3
 1 118 0 79 1 51 1 37 412752 825504 1888176
 2 86 0 32 1 31 1 44 62218 124436 390606
 3 64 1 58 1 52 1 45 148683 297366 977307
 8 2503205
 587 233 220 21022885 53652148
 3
 1 75 1 58 1 57 1 58 201376 402752 1408969
 2 57 1 37 1 30 1 66 41680 83360 229280
 3 79 0 74 0 35 1 56 144984 289968 512586
 9 2503305
 587 233 220 26635899 29665109
 3
 1 90 1 70 1 63 1 29 270517 541034 1252955
 2 84 0 78 0 28 1 32 133292 266584 936795
 3 94 0 85 0 39 1 40 209859 419718 524869
 10 2503405
 587 233 220 25247339 29890892
 3
 1 68 0 66 0 31 1 44 96084 192168 143521
 2 120 0 34 1 26 1 41 94059 188118 475645
 3 95 1 76 1 60 1 45 369730 739460 1559338
 11 2503505
 587 233 220 24677699 81797434
 3
 1 74 1 63 1 61 1 33 236600 473200 1369446
 2 71 0 60 0 25 1 36 85259 170518 414658
 3 106 1 80 1 59 1 33 355967 711934 1052078
 12 2503605
 587 233 220 25564633 101839437
 3
 1 95 1 80 1 57 1 38 271884 543768 1348224
 2 112 0 87 0 23 1 29 164919 329838 501772
 3 116 0 41 1 40 1 37 142976 285952 973861
 13 2503705
 587 233 220 23033040 86731182
 3
 1 52 0 36 1 25 1 112 28792 57584 146874
 2 63 0 37 1 21 1 76 41309 82618 107265
 3 100 0 61 1 36 1 96 142891 285782 403668
 14 2503805
 587 233 220 27011105 75361936
 3
 1 68 0 48 1 31 1 45 77575 155150 227552
 2 104 1 80 1 63 1 41 355896 711792 1135682
 3 82 0 46 0 21 1 46 65881 131762 505204
 15 2503905
 587 233 220 26462961 64592550
 3
 1 100 0 44 1 37 1 32 101828 203656 442793
 2 90 1 78 1 55 1 49 341530 683060 2181616
 3 65 1 57 1 42 1 38 128112 256224 703420
 16 2504005
 587 233 220 18405803 24468333
 3
 1 43 1 40 1 39 1 49 48240 96480 85593
 2 97 0 76 1 40 1 51 193104 386208 1497540
 3 67 1 63 1 47 1 59 175355 350710 925944
 17 2504105
 587 233 220 24769294 76988261
 3
 1 72 0 49 1 35 1 72 103796 207592 563518
 2 75 1 66 1 47 1 76 155559 311118 1107487
 3 78 0 30 1 22 1 65 36021 72042 283118
 18 2504205
 587 233 220 26792984 55842065
 3
 1 104 0 55 1 30 1 25 139661 279322 306772
 2 92 1 89 1 73 1 24 495612 991224 2092088
 3 88 0 88 0 43 1 33 286469 572938 651631
 19 2504305
 587 233 220 22862117 65549577
 3
 1 60 0 45 1 26 1 40 54237 108474 133009
 2 71 1 43 1 39 1 40 85609 171218 128260
 3 99 1 71 1 64 1 50 379679 759358 2587903
 20 2504405
 587 233 220 25235765 78942646
 3
 1 97 1 77 1 66 1 28 422615 845230 3261006
 2 81 1 69 1 69 1 32 309738 619476 2175368
 3 109 0 53 0 24 1 28 106792 213584 247989
 21 2504505
 587 233 220 18056784 65547817
 3
 1 109 1 93 1 72 1 27 600160 1200320 867719
 2 95 0 67 0 32 1 26 155020 310040 864433
 3 119 0 45 1 36 1 26 126005 252010 713469
 22 2504605
 587 233 220 24752448 76223315
 3
 1 89 1 78 1 50 1 29 229850 459700 1667008
 2 73 1 65 1 46 1 51 144761 289522 1083556
 3 94 0 66 1 39 1 36 154707 309414 998195
 23 2504705
 587 233 220 20293948 46485472
 3
 1 84 0 81 0 23 1 50 135136 270272 760878
 2 115 1 72 1 64 1 34 346664 693328 1161349
 3 77 0 49 1 25 1 44 72899 145798 122735
 24 2504805
 587 233 220 21107575 71614640
 3
 1 113 0 80 0 29 1 35 175286 350572 1185435
 2 98 1 65 1 62 1 34 259166 518332 1331886
 3 60 1 59 1 46 1 45 113949 227898 752972
 25 2504905
 587 233 220 22786199 78302815
 3
 1 75 0 54 1 35 1 47 113568 227136 845420
 2 107 0 60 1 49 1 45 219512 439024 1728012
 3 70 1 67 1 42 1 47 151164 302328 415793
 26 2505005
 587 233 220 20527806 75483145
 3
 1 86 0 71 1 41 1 46 165405 330810 263143
 2 75 1 58 1 58 1 41 195122 390244 303152
 3 100 0 81 0 27 1 37 148886 297772 1067577
 27 2505105
 587 233 220 22540489 48838972
 3
 1 118 0 66 1 47 1 39 260618 521236 1086454
 2 99 0 56 0 25 1 34 93024 186048 563894
 3 91 1 83 1 48 1 30 317202 634404 1334674
 28 2505205
 587 233 220 21865751 41141587
 3
 1 62 1 59 1 52 1 32 133111 266222 508736
 2 54 1 52 1 50 1 39 101002 202004 569110
 3 102 1 69 1 65 1 40 347210 694420 2174845
 29 2505305
 587 233 220 24859098 32151660
 3
 1 91 1 58 1 57 1 40 212202 424404 319590
 2 92 1 78 1 53 1 33 231548 463096 1051373
 3 112 0 48 1 28 1 36 121527 243054 401704
 30 2505405
 587 233 220 26987468 38427141
 3
 1 64 0 53 1 32 1 154 89442 178884 215878
 2 51 1 42 1 28 1 117 45239 90478 154004
 3 49 1 32 1 30 1 134 30880 61760 235145
 31 2505505
 587 233 220 21346699 64559476
 3
 1 70 1 63 1 49 1 45 192870 385740 1139125
 2 84 1 54 1 49 1 42 143998 287996 926964
 3 89 0 70 1 42 1 42 215777 431554 1100726
 32 2505605
 587 233 220 19833771 70663248
 3
 1 95 0 76 1 44 1 57 190693 381386 1268527
 2 81 0 47 1 34 1 58 81769 163538 510307
 3 71 0 52 1 30 1 40 88112 176224 226734
 33 2505705
 587 233 220 22770851 49707844
 3
 1 40 1 36 1 21 1 84 22445 44890 63460
 2 76 0 45 1 31 1 103 83682 167364 235856
 3 63 1 54 1 51 1 95 113645 227290 706174
 34 2505805
 587 233 220 23232816 33112740
 3
 1 68 0 35 1 27 1 47 39830 79660 91101
 2 118 0 57 1 43 1 54 210326 420652 1637394
 3 73 0 72 0 36 1 59 169839 339678 946550
 35 2505905
 587 233 220 24389774 64581833
 3
 1 100 0 33 1 31 1 46 82258 164516 292051
 2 84 0 68 1 42 1 58 163131 326262 1152849
 3 95 0 84 0 31 1 46 193427 386854 1453076
 36 2506005
 587 233 220 22596597 45240041
 3
 1 41 1 39 1 26 1 57 28579 57158 220682
 2 110 0 40 1 34 1 70 110261 220522 627097
 3 94 1 77 1 52 1 45 284877 569754 782075
 37 2506105
 587 233 220 25413945 35683084
 3
 1 98 0 73 1 44 1 25 269733 539466 1215429
 2 60 1 60 1 38 1 37 85628 171256 353111
 3 105 1 73 1 60 1 37 337152 674304 2240960
 38 2506205
 587 233 220 19742608 78549490
 3
 1 104 0 94 1 50 1 34 383958 767916 704495
 2 102 0 87 0 36 1 25 210532 421064 1526933
 3 115 0 42 1 33 1 34 115853 231706 335357
 39 2506305
 587 233 220 18243658 65990482
 3
 1 89 1 56 1 45 1 97 167810 335620 604380
 2 53 1 37 1 34 1 69 55042 110084 433838
 3 54 0 35 1 25 1 77 33299 66598 77287
 40 2506405
 587 233 220 26964001 75917245
 3
 1 85 1 77 1 62 1 28 270201 540402 646893
 2 94 0 63 1 32 1 39 159713 319426 1147981
 3 83 1 75 1 45 1 40 196698 393396 1118151
 41 2506505
 587 233 220 22811902 30025655
 3
 1 109 1 80 1 68 1 35 367411 734822 1383935
 2 90 0 45 1 31 1 37 106846 213692 671966
 3 66 1 56 1 34 1 37 100019 200038 644749
 42 2506605
 587 233 220 26665320 22586418
 3
 1 76 1 74 1 50 1 50 194411 388822 1269106
 2 86 0 40 1 29 1 61 88318 176636 256643
 3 66 1 55 1 48 1 57 138485 276970 1010686
 43 2506705
 587 233 220 21147949 16971209
 3
 1 82 1 80 1 71 1 35 311755 623510 2090888
 2 66 0 37 1 27 1 49 45862 91724 171487
 3 77 0 76 0 31 1 57 112998 225996 459191
 44 2506805
 587 233 220 23655355 88637181
 3
 1 114 0 67 0 25 1 61 129248 258496 835419
 2 92 0 79 0 25 1 44 120073 240146 639236
 3 89 0 87 0 36 1 37 227950 455900 1461019
 45 2506905
 587 233 220 23659486 25974217
 3
 1 63 0 55 1 31 1 51 81641 163282 642849
 2 120 0 43 1 23 1 39 101763 203526 546509
 3 97 1 72 1 57 1 50 300086 600172 629506
 46 2507005
 587 233 220 23364987 62369655
 3
 1 86 0 58 1 36 1 37 129580 259160 947395
 2 71 0 69 0 22 1 37 79179 158358 407154
 3 108 0 78 1 54 1 42 389221 778442 3061747
 47 2507105
 587 233 220 22409810 60781002
 3
 1 118 0 54 1 42 1 51 209950 419900 1016967
 2 112 0 95 0 20 1 41 172103 344206 731891
 3 118 0 38 1 37 1 45 112588 225176 558983
 48 2507205
 587 233 220 19020920 52073204
 3
 1 59 1 49 1 48 1 43 95258 190516 336174
 2 79 1 63 1 46 1 54 183059 366118 424183
 3 95 0 58 1 38 1 56 148063 296126 822995
 49 2507305
 587 233 220 18951781 30342826
 3
 1 91 0 54 1 45 1 32 144141 288282 537136
 2 105 1 77 1 72 1 24 450209 900418 2890768
 3 79 1 78 1 48 1 30 201820 403640 1227422
 50 2507405
 587 233 220 24133196 45761491
 3
 1 60 1 40 1 32 1 64 55087 110174 285137
 2 98 1 75 1 55 1 40 350644 701288 2108106
 3 60 1 59 1 39 1 64 120296 240592 284132
 51 2507505
 587 233 220 19459968 28542885
 3
 1 66 1 64 1 36 1 47 119955 239910 227713
 2 97 1 73 1 49 1 49 233724 467448 1470830
 3 69 1 60 1 43 1 33 146294 292588 321514
 52 2507605
 587 233 220 18054549 35999949
 3
 1 96 0 72 0 31 1 61 149888 299776 749053
 2 75 1 72 1 47 1 56 205592 411184 1405479
 3 80 0 25 1 20 1 70 30146 60292 105045
 53 2507705
 587 233 220 24751799 50753424
 3
 1 78 0 37 1 27 1 63 47443 94886 354481
 2 89 0 70 0 25 1 52 128514 257028 440376
 3 90 0 84 0 41 1 55 255866 511732 1959780
 54 2507805
 587 233 220 25420956 39165950
 3
 1 99 0 68 0 23 1 54 103587 207174 659180
 2 68 1 52 1 40 1 53 104577 209154 686978
 3 101 1 66 1 61 1 35 318455 636910 768871
 55 2507905
 587 233 220 18809947 74863852
 3
 1 100 0 94 0 28 1 40 175673 351346 1007083
 2 81 1 78 1 66 1 36 312104 624208 1172868
 3 111 0 49 0 21 1 38 79892 159784 374535
 56 2508005
 587 233 220 19724013 35025020
 3
 1 90 0 41 1 34 1 133 82404 164808 249649
 2 64 0 32 1 28 1 131 42843 85686 120730
 3 42 1 31 1 31 1 144 34570 69140 196664
 57 2508105
 587 233 220 18763566 18073779
 3
 1 85 0 73 1 40 1 39 212952 425904 1257529
 2 73 1 62 1 54 1 42 218436 436872 1301215
 3 90 0 63 1 41 1 43 152822 305644 903906
 58 2508205
 587 233 220 26951987 80355905
 3
 1 105 0 81 1 46 1 38 292025 584050 1988080
 2 115 1 81 1 61 1 22 417998 835996 3040031
 3 72 0 51 0 23 1 32 60047 120094 77591
 59 2508305
 587 233 220 19297878 55435600
 3
 1 76 1 52 1 46 1 74 140002 280004 1105492
 2 66 0 59 1 31 1 52 90506 181012 455535
 3 62 1 55 1 44 1 69 129440 258880 985404
 60 2508405
 587 233 220 23134231 44079190
 3
 1 78 1 72 1 58 1 36 220406 440812 1151890
 2 107 1 57 1 57 1 37 269970 539940 1363210
 3 72 1 64 1 37 1 32 139245 278490 830343
 61 2508505
 587 233 220 25277628 40421687
 3
 1 109 1 68 1 64 1 28 340356 680712 1780962
 2 84 1 58 1 55 1 31 171182 342364 528954
 3 96 0 83 0 24 1 42 123151 246302 984763
 62 2508605
 587 233 220 19635926 53369599
 3
 1 70 1 63 1 50 1 33 136946 273892 184908
 2 100 0 53 1 34 1 39 154062 308124 653538
 3 93 0 78 1 45 1 48 282509 565018 1261486
 63 2508705
 587 233 220 24391863 59934022
 3
 1 82 1 76 1 59 1 32 297864 595728 2072316
 2 60 1 51 1 50 1 29 127923 255846 479141
 3 104 1 66 1 61 1 33 328249 656498 2257735
 64 2508805
 587 233 220 22822647 21100598
 3
 1 114 0 54 0 20 1 42 107963 215926 183764
 2 92 1 87 1 50 1 46 311236 622472 830981
 3 114 0 43 1 26 1 51 90618 181236 704540
 65 2508905
 587 233 220 26921222 72691968
 3
 1 55 0 50 1 26 1 160 55631 111262 358135
 2 48 1 42 1 37 1 167 49952 99904 223693
 3 47 1 34 1 26 1 149 34977 69954 56826
 66 2509005
 587 233 220 22591075 32581215
 3
 1 87 0 45 1 32 1 47 106469 212938 206363
 2 84 1 63 1 46 1 52 151159 302318 722570
 3 84 1 67 1 44 1 46 187364 374728 988164
 67 2509105
 587 233 220 22503872 36635906
 3
 1 119 0 41 1 38 1 57 128768 257536 389889
 2 90 0 44 1 35 1 79 97311 194622 171663
 3 67 0 55 0 27 1 85 65684 131368 385351
 68 2509205
 587 233 220 25811634 86006732
 3
 1 60 1 44 1 36 1 74 67132 134264 509205
 2 76 1 42 1 40 1 81 83526 167052 271122
 3 65 1 49 1 48 1 83 99320 198640 599045
 69 2509305
 587 233 220 26746716 103052374
 3
 1 91 0 50 1 32 1 52 98030 196060 147072
 2 118 0 66 1 40 1 48 267854 535708 1799652
 3 75 0 69 0 32 1 44 120711 241422 157521
 70 2509405
 587 233 220 19878042 76036145
 3
 1 56 0 32 1 28 1 46 38010 76020 166906
 2 92 0 68 1 39 1 69 179226 358452 803568
 3 90 0 86 0 29 1 48 164529 329058 384423
 71 2509505
 587 233 220 23084694 46952310
 3
 1 99 1 64 1 62 1 38 327037 654074 1821447
 2 110 0 43 1 37 1 30 144157 288314 949470
 3 96 1 73 1 50 1 28 246734 493468 828215
 72 2509605
 587 233 220 24814137 52263534
 3
 1 96 1 95 1 68 1 28 471308 942616 1344668
 2 69 1 61 1 35 1 24 109195 218390 858818
 3 107 1 70 1 55 1 22 360121 720242 1629497
 73 2509705
 587 233 220 18149276 20520941
 3
 1 90 0 73 1 37 1 44 156627 313254 945282
 2 102 0 95 0 33 1 44 284201 568402 1370736
 3 117 0 38 1 30 1 39 111345 222690 337069
 74 2509805
 587 233 220 19663553 43471986
 3
 1 86 1 79 1 69 1 38 396311 792622 725845
 2 53 1 46 1 31 1 47 54802 109604 247177
 3 96 0 51 1 37 1 47 126011 252022 909589
 75 2509905
 587 233 220 19476275 58243447
 3
 1 101 0 81 0 24 1 50 175641 351282 941932
 2 94 0 72 0 29 1 43 136833 273666 257111
 3 79 1 72 1 47 1 44 199853 399706 1405501
 76 2510005
 587 233 220 25594981 77518859
 3
 1 77 0 42 1 30 1 89 74017 148034 486284
 2 98 0 45 1 28 1 95 78785 157570 451798
 3 61 1 58 1 32 1 85 93279 186558 130309
 77 2510105
 587 233 220 24162561 21068779
 3
 1 73 0 73 0 36 1 74 142169 284338 968411
 2 87 0 49 1 26 1 67 96899 193798 414687
 3 68 1 53 1 44 1 53 95446 190892 352695
 78 2510205
 587 233 220 18066493 36375782
 3
 1 105 0 68 1 42 1 61 217532 435064 1645681
 2 75 0 37 1 24 1 53 45811 91622 91540
 3 79 0 73 0 26 1 55 107067 214134 424753
 79 2510305
 587 233 220 18327260 20608529
 3
 1 64 1 48 1 46 1 79 113695 227390 812518
 2 79 0 25 1 22 1 55 30581 61162 82009
 3 89 0 85 0 33 1 66 167538 335076 879916
 80 2510405
 587 233 220 22863814 48430925
 3
 1 78 1 59 1 54 1 40 166181 332362 574373
 2 120 0 52 0 20 1 57 95712 191424 514728
 3 100 1 67 1 54 1 36 251127 502254 1806844
 81 2510505
 587 233 220 21879482 71465153
 3
 1 110 0 60 1 55 1 23 231945 463890 1612863
 2 80 1 78 1 71 1 28 342842 685684 1913769
 3 110 0 75 1 50 1 22 329841 659682 1900833
 82 2510605
 587 233 220 25224146 63411322
 3
 1 65 1 51 1 50 1 51 130675 261350 454740
 2 113 0 78 0 28 1 56 186585 373170 1466641
 3 120 0 35 1 32 1 57 115830 231660 229986
 83 2510705
 587 233 220 26100192 41836426
 3
 1 83 1 71 1 46 1 43 187731 375462 1472588
 2 76 1 63 1 54 1 46 223485 446970 1391489
 3 91 0 56 1 40 1 31 140610 281220 765588
 84 2510805
 587 233 220 22559891 23975066
 3
 1 114 0 77 1 42 1 31 311888 623776 1534156
 2 105 1 81 1 74 1 23 424213 848426 2035311
 3 76 1 73 1 50 1 15 227647 455294 312983
 85 2510905
 587 233 220 27022499 34947812
 3
 1 55 0 37 1 22 1 117 31351 62702 148777
 2 72 0 55 1 31 1 103 91695 183390 252836
 3 61 1 56 1 36 1 99 89056 178112 115471
 86 2511005
 587 233 220 19303261 33756912
 3
 1 87 0 33 1 28 1 60 50671 101342 152892
 2 97 1 70 1 57 1 44 237185 474370 831712
 3 71 1 57 1 38 1 52 92550 185100 659215
 87 2511105
 587 233 220 22202170 56119803
 3
 1 119 0 34 1 28 1 39 101934 203868 561242
 2 84 1 69 1 48 1 32 223334 446668 528397
 3 97 1 82 1 78 1 27 396333 792666 1569647
 88 2511205
 587 233 220 20707153 70739633
 3
 1 100 0 60 1 40 1 45 215185 430370 1525131
 2 89 0 67 1 34 1 44 161175 322350 896709
 3 92 0 80 0 38 1 37 223869 447738 1609758
 89 2511305
 587 233 220 20377602 36768198
 3
 1 95 0 92 0 46 1 32 356510 713020 1090601
 2 65 1 60 1 40 1 32 117368 234736 387477
 3 103 1 62 1 59 1 32 261592 523184 1365054
 90 2511405
 587 233 220 20667690 63834776
 3
 1 91 0 52 1 33 1 30 130383 260766 519275
 2 87 1 81 1 63 1 26 301587 603174 816516
 3 113 0 79 1 45 1 34 301344 602688 1564401
 91 2511505
 587 233 220 18484177 58953735
 3
 1 86 1 65 1 57 1 66 234121 468242 1165679
 2 61 1 37 1 32 1 80 47768 95536 341472
 3 39 1 33 1 27 1 92 21450 42900 50389
 92 2511605
 587 233 220 25280259 43489060
 3
 1 96 1 82 1 63 1 32 360813 721626 1986918
 2 74 1 63 1 59 1 33 199365 398730 390916
 3 86 0 60 1 43 1 23 182657 365314 866339
 93 2511705
 587 233 220 26273219 90522037
 3
 1 78 0 69 1 37 1 26 173758 347516 799770
 2 115 1 90 1 58 1 37 420773 841546 527915
 3 68 0 53 0 20 1 37 45107 90214 271967
 94 2511805
 587 233 220 24448917 92053165
 3
 1 75 1 73 1 69 1 46 302385 604770 428458
 2 66 1 56 1 40 1 55 96362 192724 397393
 3 64 1 51 1 41 1 32 95517 191034 703610
 95 2511905
 587 233 220 20810520 65595298
 3
 1 101 0 69 0 20 1 50 93188 186376 231258
 2 108 0 66 1 54 1 40 234165 468330 1502445
 3 74 0 62 1 33 1 49 126467 252934 566180
 96 2512005
 587 233 220 24467901 22706452
 3
 1 64 0 42 1 26 1 62 51301 102602 352958
 2 92 1 58 1 52 1 53 246429 492858 1132262
 3 92 0 85 0 21 1 67 138306 276612 621114
 97 2512105
 587 233 220 23505911 77726167
 3
 1 74 0 60 1 32 1 48 89181 178362 305164
 2 100 0 50 1 43 1 50 141260 282520 532537
 3 95 0 74 1 42 1 42 210983 421966 565437
 98 2512205
 587 233 220 22156917 44782947
 3
 1 106 0 55 1 38 1 46 185296 370592 430760
 2 69 1 50 1 48 1 42 120643 241286 829136
 3 106 1 63 1 57 1 34 245360 490720 299151
 99 2512305
 587 233 220 20837084 64726433
 3
 1 51 1 46 1 44 1 64 79087 158174 509165
 2 95 0 92 1 47 1 46 264994 529988 1245445
 3 116 0 39 1 23 1 44 74070 148140 174737
 100 2512405
 587 233 220 20767213 42745905
 3
 1 78 1 49 1 47 1 70 139521 279042 285237
 2 46 1 45 1 43 1 75 65641 131282 140396
 3 98 0 44 1 36 1 69 129229 258458 628061
