100
 1 2502505
 587 233 220 25279784 49806148
 10
 1 108 0 76 0 30 1 20 189177 378354 228123
 2 110 0 43 1 25 1 11 93235 186470 524541
 3 92 1 81 1 55 1 9 301242 602484 1950750
 4 81 0 33 1 28 1 9 52641 105282 401813
 5 120 1 99 1 73 1 9 690816 1381632 4820377
 6 111 0 70 1 48 1 13 226855 453710 971334
 7 98 0 72 1 46 1 4 256244 512488 755298
 8 95 0 66 0 31 1 12 132243 264486 273477
 9 85 0 84 0 30 1 9 158554 317108 733626
 10 71 0 32 1 25 1 10 34618 69236 111371
 2 2502605
 587 233 220 20594448 41228015
 10
 1 49 0 25 1 21 1 13 19839 39678 139431
 2 60 1 51 1 41 1 9 102378 204756 655126
 3 103 1 76 1 64 1 11 430112 860224 2405915
 4 95 1 70 1 62 1 14 282482 564964 355786
 5 111 0 49 1 26 1 13 113532 227064 200581
 6 85 1 84 1 72 1 16 341454 682908 2656653
 7 48 1 36 1 31 1 12 33305 66610 92030
 8 86 0 76 0 38 1 11 191826 383652 1344932
 9 71 1 48 1 47 1 16 115139 230278 513346
 10 90 0 43 1 33 1 8 81181 162362 591629
 3 2502705
 587 233 220 25789366 47010393
 10
 1 97 0 81 0 27 1 8 162554 325108 943372
 2 102 0 78 0 39 1 16 273699 547398 2102234
 3 113 0 46 1 36 1 12 121175 242350 454440
 4 66 1 50 1 42 1 12 104627 209254 795493
 5 101 0 30 1 26 1 18 48928 97856 95937
 6 100 0 56 1 35 1 13 147396 294792 463191
 7 91 0 50 1 40 1 14 131109 262218 702239
 8 106 1 61 1 56 1 17 276301 552602 1597749
 9 103 1 63 1 58 1 12 279321 558642 1576275
 10 75 1 57 1 41 1 13 155149 310298 652700
 4 2502805
 587 233 220 21388972 54786939
 10
 1 113 0 92 0 33 1 15 232161 464322 1035606
 2 52 1 37 1 28 1 17 34823 69646 88481
 3 57 1 33 1 29 1 17 48429 96858 381314
 4 99 0 37 1 30 1 19 88753 177506 534372
 5 92 0 64 1 33 1 13 135198 270396 975144
 6 119 0 59 1 39 1 19 240564 481128 1446875
 7 54 1 52 1 49 1 13 99118 198236 622175
 8 75 0 45 1 35 1 21 103641 207282 605206
 9 79 1 68 1 44 1 13 200161 400322 1585765
 10 116 0 49 1 47 1 22 215706 431412 1305394
 5 2502905
 587 233 220 20560134 59034512
 10
 1 88 0 54 1 39 1 12 164706 329412 517178
 2 94 0 54 1 36 1 12 124846 249692 205608
 3 87 0 77 1 43 1 17 191961 383922 497323
 4 100 1 80 1 72 1 15 408728 817456 1542101
 5 83 0 40 1 36 1 18 78189 156378 515069
 6 91 0 54 0 22 1 7 65125 130250 372079
 7 109 0 58 1 54 1 10 305635 611270 1874732
 8 94 0 55 1 30 1 13 132564 265128 461423
 9 34 1 32 1 31 1 18 27533 55066 48917
 10 83 1 80 1 57 1 8 340624 681248 2272547
 6 2503005
 587 233 220 22708144 25402221
 10
 1 86 1 84 1 45 1 18 274350 548700 2106770
 2 81 0 45 1 34 1 19 106115 212230 380047
 3 70 1 54 1 37 1 13 105486 210972 715133
 4 71 1 61 1 52 1 16 153042 306084 222056
 5 78 1 73 1 40 1 10 190696 381392 1328895
 6 69 1 63 1 46 1 13 151638 303276 344716
 7 72 1 67 1 56 1 10 195047 390094 1450940
 8 75 0 75 0 36 1 8 133820 267640 276454
 9 94 1 88 1 50 1 12 339987 679974 928255
 10 65 1 51 1 50 1 13 146035 292070 1073567
 7 2503105
 587 233 220 25869459 72563176
 10
 1 118 0 79 1 51 1 16 410314 820628 2438826
 2 86 0 32 1 31 1 8 51289 102578 140020
 3 64 1 58 1 52 1 14 137107 274214 783219
 4 42 1 42 1 32 1 14 34330 68660 205483
 5 64 1 55 1 43 1 16 126427 252854 469036
 6 84 0 70 0 35 1 10 124051 248102 863496
 7 76 0 57 1 36 1 14 98331 196662 210644
 8 95 1 60 1 55 1 14 248315 496630 849563
 9 80 1 66 1 52 1 14 165110 330220 823317
 10 109 0 73 0 23 1 18 164460 328920 415939
 8 2503205
 587 233 220 19601615 43586100
 10
 1 75 1 58 1 57 1 8 168410 336820 1201554
 2 57 1 37 1 30 1 11 47552 95104 216520
 3 79 0 74 0 35 1 14 146689 293378 758588
 4 104 1 99 1 74 1 8 622473 1244946 4390855
 5 55 1 46 1 31 1 11 47685 95370 105108
 6 99 0 98 0 33 1 15 267844 535688 338729
 7 90 1 85 1 59 1 9 397972 795944 2295955
 8 115 0 74 1 44 1 7 288740 577480 2056101
 9 107 0 67 0 21 1 11 109944 219888 168760
 10 81 1 76 1 55 1 13 250269 500538 1544255
 9 2503305
 587 233 220 21813914 32764055
 10
 1 90 1 70 1 63 1 4 354859 709718 1287554
 2 84 0 78 0 28 1 15 126346 252692 153477
 3 94 0 85 0 39 1 16 277825 555650 716456
 4 80 1 76 1 54 1 16 197208 394416 313134
 5 69 1 50 1 45 1 10 123468 246936 297336
 6 70 1 57 1 37 1 17 89954 179908 686786
 7 94 1 61 1 54 1 15 199130 398260 1212772
 8 92 0 44 1 29 1 20 91453 182906 591445
 9 72 1 53 1 37 1 13 124449 248898 339638
 10 89 0 43 1 27 1 23 65064 130128 235341
 10 2503405
 587 233 220 21511323 29694208
 10
 1 68 0 66 0 31 1 11 103677 207354 228225
 2 120 0 34 1 26 1 14 64123 128246 472857
 3 95 1 76 1 60 1 17 347854 695708 2648033
 4 61 1 47 1 34 1 12 61755 123510 467338
 5 53 1 45 1 36 1 11 72950 145900 555522
 6 80 1 52 1 42 1 12 153081 306162 183878
 7 109 0 63 0 28 1 11 146273 292546 272849
 8 74 0 64 1 35 1 12 128459 256918 374295
 9 53 1 40 1 36 1 16 50978 101956 216962
 10 102 1 96 1 59 1 17 346934 693868 2424683
 11 2503505
 587 233 220 18420996 67976035
 10
 1 74 1 63 1 61 1 13 217953 435906 609276
 2 71 0 60 0 25 1 12 89734 179468 495820
 3 106 1 80 1 59 1 11 343356 686712 574801
 4 109 0 76 1 42 1 6 264767 529534 368960
 5 118 0 56 0 22 1 15 118466 236932 845850
 6 105 0 67 1 43 1 17 195261 390522 947492
 7 72 1 65 1 37 1 14 109046 218092 437614
 8 84 1 59 1 54 1 19 222115 444230 1536806
 9 91 0 69 0 26 1 13 117982 235964 836046
 10 69 0 31 1 28 1 6 50644 101288 99547
 12 2503605
 587 233 220 23320958 29059813
 10
 1 95 1 80 1 57 1 8 326430 652860 1133935
 2 112 0 87 0 23 1 15 153771 307542 965876
 3 116 0 41 1 40 1 12 124999 249998 947442
 4 98 1 80 1 56 1 15 285545 571090 2280274
 5 108 1 60 1 59 1 8 337470 674940 643987
 6 82 1 77 1 67 1 9 343325 686650 1257402
 7 67 1 46 1 36 1 8 66883 133766 107822
 8 104 0 72 1 44 1 11 291692 583384 1562076
 9 89 0 56 0 24 1 17 84833 169666 521397
 10 64 1 36 1 36 1 11 71029 142058 246238
 13 2503705
 587 233 220 24116719 26771454
 10
 1 52 0 36 1 25 1 27 37347 74694 214078
 2 63 0 37 1 21 1 13 37073 74146 225736
 3 100 0 61 1 36 1 16 151759 303518 984060
 4 79 0 52 1 36 1 18 89106 178212 522712
 5 99 0 63 1 36 1 13 187568 375136 525635
 6 97 0 49 1 30 1 12 114717 229434 383495
 7 90 1 69 1 55 1 16 242581 485162 1827016
 8 91 0 33 1 28 1 14 70031 140062 182431
 9 111 0 76 1 41 1 24 300134 600268 2101945
 10 95 0 44 1 35 1 16 108484 216968 183307
 14 2503805
 587 233 220 24515757 61114665
 10
 1 68 0 48 1 31 1 10 81149 162298 210070
 2 104 1 80 1 63 1 16 470397 940794 3128344
 3 82 0 46 0 21 1 8 52446 104892 278255
 4 114 1 78 1 60 1 7 406078 812156 2119674
 5 90 1 74 1 66 1 11 353164 706328 2778343
 6 112 0 54 1 36 1 9 151799 303598 496471
 7 71 1 64 1 54 1 8 171864 343728 1252973
 8 74 0 53 1 33 1 12 90343 180686 116718
 9 75 1 62 1 57 1 12 224731 449462 1508630
 10 68 1 62 1 52 1 12 132497 264994 766445
 15 2503905
 587 233 220 20969992 26942804
 10
 1 100 0 44 1 37 1 6 105716 211432 676456
 2 90 1 78 1 55 1 10 251277 502554 461587
 3 65 1 57 1 42 1 9 111444 222888 307295
 4 85 0 58 1 41 1 9 123045 246090 934305
 5 81 1 69 1 50 1 10 195862 391724 1109118
 6 84 1 78 1 51 1 12 229022 458044 341549
 7 109 1 73 1 73 1 16 381784 763568 1537760
 8 73 1 58 1 52 1 9 132141 264282 484604
 9 73 1 49 1 40 1 11 94183 188366 453778
 10 120 0 60 1 39 1 8 248099 496198 1751299
 16 2504005
 587 233 220 21494666 61527276
 10
 1 43 1 40 1 39 1 16 44348 88696 209638
 2 97 0 76 1 40 1 13 200494 400988 761472
 3 67 1 63 1 47 1 11 175757 351514 432475
 4 98 0 57 1 38 1 14 148346 296692 274777
 5 73 0 71 0 27 1 9 102354 204708 785455
 6 66 1 56 1 41 1 14 114098 228196 321273
 7 82 1 75 1 72 1 13 353049 706098 2656999
 8 93 0 71 1 43 1 19 173705 347410 276183
 9 95 0 35 1 28 1 21 68240 136480 322252
 10 88 1 72 1 68 1 8 383416 766832 1276861
 17 2504105
 587 233 220 22590635 55721957
 10
 1 72 0 49 1 35 1 9 75116 150232 402036
 2 75 1 66 1 47 1 11 199245 398490 854298
 3 78 0 30 1 22 1 8 39464 78928 86333
 4 119 1 79 1 79 1 9 459373 918746 1857346
 5 76 1 65 1 62 1 11 263245 526490 2003294
 6 119 1 81 1 65 1 14 543134 1086268 977460
 7 91 0 77 0 36 1 11 215515 431030 528560
 8 113 0 89 0 27 1 4 168671 337342 366924
 9 98 0 59 1 44 1 5 223757 447514 645134
 10 76 1 55 1 43 1 9 159860 319720 879296
 18 2504205
 587 233 220 25712971 57246824
 10
 1 104 0 55 1 30 1 9 108721 217442 370344
 2 92 1 89 1 73 1 8 480566 961132 3174641
 3 88 0 88 0 43 1 9 237081 474162 1766589
 4 90 1 60 1 60 1 7 271612 543224 1175084
 5 79 1 53 1 41 1 6 149827 299654 969345
 6 96 0 91 0 28 1 5 165576 331152 270526
 7 100 1 90 1 79 1 9 452827 905654 2943412
 8 73 0 42 1 32 1 9 72363 144726 519527
 9 115 1 85 1 60 1 7 381461 762922 1530672
 10 113 1 83 1 76 1 6 472069 944138 1687099
 19 2504305
 587 233 220 19743252 76073325
 10
 1 60 0 45 1 26 1 15 42258 84516 143041
 2 71 1 43 1 39 1 11 96579 193158 330773
 3 99 1 71 1 64 1 11 398889 797778 2270655
 4 61 1 41 1 40 1 11 89529 179058 194616
 5 83 1 79 1 43 1 10 221039 442078 1749631
 6 63 1 52 1 35 1 17 97375 194750 117767
 7 54 0 33 1 20 1 13 27103 54206 41921
 8 62 1 57 1 51 1 17 147848 295696 269562
 9 79 1 76 1 71 1 19 379467 758934 868338
 10 91 1 81 1 48 1 14 318079 636158 2206630
 20 2504405
 587 233 220 18311509 64383842
 10
 1 97 1 77 1 66 1 10 377473 754946 2020353
 2 81 1 69 1 69 1 21 314713 629426 1512348
 3 109 0 53 0 24 1 12 85124 170248 505894
 4 98 0 33 1 20 1 15 51090 102180 392496
 5 86 0 56 1 34 1 14 128307 256614 955694
 6 76 0 50 1 35 1 12 106326 212652 140631
 7 109 0 42 1 22 1 19 72873 145746 259103
 8 82 1 69 1 42 1 6 171446 342892 513423
 9 58 1 43 1 31 1 14 46710 93420 318556
 10 99 0 80 1 48 1 16 241510 483020 1500065
 21 2504505
 587 233 220 24067477 75176827
 10
 1 109 1 93 1 72 1 6 612669 1225338 1538188
 2 95 0 67 0 32 1 13 171772 343544 407528
 3 119 0 45 1 36 1 13 121858 243716 465957
 4 95 1 78 1 62 1 10 390034 780068 980065
 5 116 0 89 0 32 1 13 256164 512328 461279
 6 98 0 65 1 38 1 16 192497 384994 687531
 7 72 0 51 0 24 1 8 66852 133704 178390
 8 102 0 88 0 26 1 10 176194 352388 770769
 9 99 0 47 1 44 1 10 131441 262882 390230
 10 106 0 52 1 31 1 15 125708 251416 307539
 22 2504605
 587 233 220 18336082 71375696
 10
 1 89 1 78 1 50 1 9 269662 539324 1381737
 2 73 1 65 1 46 1 10 165895 331790 310564
 3 94 0 66 1 39 1 5 149217 298434 476803
 4 66 1 59 1 42 1 11 139280 278560 957043
 5 106 1 93 1 70 1 18 485421 970842 2596449
 6 80 1 71 1 62 1 16 305182 610364 1654739
 7 60 0 36 1 26 1 7 46393 92786 237741
 8 72 0 31 1 31 1 14 57444 114888 98790
 9 63 0 63 0 31 1 16 75533 151066 277707
 10 74 0 39 1 23 1 5 58166 116332 116168
 23 2504705
 587 233 220 18891790 63835566
 10
 1 84 0 81 0 23 1 7 101895 203790 609418
 2 115 1 72 1 64 1 19 465218 930436 3009910
 3 77 0 49 1 25 1 8 62512 125024 84440
 4 40 1 37 1 22 1 7 20514 41028 92173
 5 97 0 96 0 46 1 7 273768 547536 2188395
 6 95 0 43 1 25 1 8 63290 126580 234860
 7 90 0 69 0 28 1 13 140186 280372 699021
 8 56 1 51 1 49 1 8 91474 182948 437134
 9 118 1 93 1 80 1 10 579525 1159050 2755330
 10 56 1 47 1 41 1 11 82910 165820 189944
 24 2504805
 587 233 220 23965005 84918193
 10
 1 113 0 80 0 29 1 15 179161 358322 1394862
 2 98 1 65 1 62 1 10 324918 649836 2268781
 3 60 1 59 1 46 1 16 104839 209678 755129
 4 100 1 97 1 64 1 5 547674 1095348 1600746
 5 99 0 88 0 23 1 15 173196 346392 808965
 6 106 0 49 1 33 1 11 142674 285348 949648
 7 78 0 54 1 30 1 17 106586 213172 850615
 8 71 1 68 1 41 1 10 143489 286978 341205
 9 83 0 80 0 35 1 22 171159 342318 451847
 10 99 0 55 0 27 1 16 125821 251642 620992
 25 2504905
 587 233 220 26473732 81404358
 10
 1 75 0 54 1 35 1 17 113529 227058 143376
 2 107 0 60 1 49 1 17 264061 528122 1587399
 3 70 1 67 1 42 1 10 120472 240944 433050
 4 78 1 71 1 44 1 13 213658 427316 1056289
 5 78 0 61 0 27 1 10 115542 231084 336941
 6 78 1 73 1 48 1 15 171887 343774 981355
 7 109 0 87 0 32 1 13 252219 504438 1154228
 8 91 0 87 0 25 1 14 151110 302220 722434
 9 67 1 51 1 47 1 12 111719 223438 365276
 10 67 1 63 1 60 1 12 213073 426146 676898
 26 2505005
 587 233 220 26277127 45524117
 10
 1 86 0 71 1 41 1 18 188533 377066 1107313
 2 75 1 58 1 58 1 21 183354 366708 909534
 3 100 0 81 0 27 1 15 178369 356738 432241
 4 59 0 42 1 24 1 17 53207 106414 359152
 5 69 0 37 1 30 1 18 48187 96374 60599
 6 63 1 50 1 36 1 10 87966 175932 697724
 7 96 0 72 0 34 1 15 152139 304278 564785
 8 111 0 71 0 29 1 13 160977 321954 836320
 9 102 1 67 1 53 1 16 251639 503278 1036438
 10 71 0 34 1 32 1 15 50223 100446 198867
 27 2505105
 587 233 220 18849799 60368178
 10
 1 118 0 66 1 47 1 11 263814 527628 362704
 2 99 0 56 0 25 1 15 83407 166814 453196
 3 91 1 83 1 48 1 13 323324 646648 1968490
 4 104 0 66 1 40 1 9 187046 374092 1244235
 5 75 0 60 1 33 1 14 124197 248394 360534
 6 113 1 78 1 60 1 13 416220 832440 2165385
 7 36 1 36 1 29 1 14 26596 53192 210731
 8 56 1 48 1 40 1 8 74632 149264 136539
 9 67 0 40 1 22 1 10 35707 71414 183134
 10 92 1 78 1 64 1 12 361015 722030 1979115
 28 2505205
 587 233 220 26132139 60806500
 10
 1 62 1 59 1 52 1 23 170148 340296 643990
 2 54 1 52 1 50 1 11 89690 179380 563868
 3 102 1 69 1 65 1 9 404229 808458 1346707
 4 97 0 76 1 46 1 16 215249 430498 1324863
 5 52 1 50 1 37 1 20 82269 164538 205153
 6 93 0 85 0 23 1 13 154773 309546 494805
 7 90 0 38 1 38 1 25 111664 223328 422675
 8 66 1 60 1 40 1 17 129469 258938 366552
 9 38 1 31 1 26 1 21 20391 40782 71642
 10 86 0 60 1 36 1 20 112962 225924 855460
 29 2505305
 587 233 220 19993858 24393449
 10
 1 91 1 58 1 57 1 12 258519 517038 1755735
 2 92 1 78 1 53 1 13 244030 488060 773111
 3 112 0 48 1 28 1 10 104468 208936 273504
 4 78 0 47 1 26 1 11 57250 114500 87536
 5 41 1 40 1 28 1 17 30184 60368 88098
 6 57 1 47 1 32 1 12 74787 149574 206838
 7 54 1 47 1 40 1 11 61165 122330 434813
 8 85 0 80 0 25 1 18 151649 303298 590220
 9 89 1 86 1 54 1 13 300071 600142 1765518
 10 118 1 94 1 68 1 10 624803 1249606 2559787
 30 2505405
 587 233 220 21724081 55894291
 10
 1 64 0 53 1 32 1 16 94332 188664 416424
 2 51 1 42 1 28 1 14 51744 103488 299956
 3 49 1 32 1 30 1 18 37851 75702 262469
 4 109 1 68 1 59 1 17 339974 679948 1746679
 5 66 0 43 1 32 1 11 75849 151698 257699
 6 120 0 71 1 47 1 16 355753 711506 749957
 7 109 0 57 1 41 1 17 178766 357532 985079
 8 100 0 70 0 28 1 16 130742 261484 621524
 9 76 1 70 1 51 1 11 211305 422610 357455
 10 85 0 40 1 26 1 15 70845 141690 391158
 31 2505505
 587 233 220 25854436 86798020
 10
 1 70 1 63 1 49 1 15 150608 301216 207264
 2 84 1 54 1 49 1 17 166061 332122 240249
 3 89 0 70 1 42 1 11 218929 437858 1335231
 4 80 0 48 1 39 1 15 125159 250318 643891
 5 114 0 47 1 42 1 16 150665 301330 683422
 6 92 0 62 1 34 1 11 138174 276348 379814
 7 72 1 66 1 43 1 18 174981 349962 537328
 8 120 0 55 1 46 1 15 247223 494446 1426391
 9 106 0 62 0 25 1 13 121825 243650 882982
 10 72 0 53 1 34 1 14 110923 221846 380404
 32 2505605
 587 233 220 25517374 74573435
 10
 1 95 0 76 1 44 1 14 233152 466304 1119486
 2 81 0 47 1 34 1 20 84188 168376 201563
 3 71 0 52 1 30 1 18 85248 170496 547481
 4 96 0 52 1 28 1 11 118247 236494 235619
 5 104 0 80 1 50 1 13 275404 550808 1822638
 6 77 1 64 1 57 1 19 232138 464276 834832
 7 75 0 45 1 36 1 23 82654 165308 651598
 8 65 1 49 1 39 1 15 75255 150510 130012
 9 70 1 49 1 41 1 12 105829 211658 221761
 10 111 0 44 1 42 1 11 178501 357002 857214
 33 2505705
 587 233 220 20636523 69656067
 10
 1 40 1 36 1 21 1 12 24835 49670 48935
 2 76 0 45 1 31 1 11 77534 155068 377024
 3 63 1 54 1 51 1 14 130723 261446 329575
 4 114 1 77 1 69 1 15 462579 925158 2690567
 5 95 1 57 1 53 1 15 178075 356150 563555
 6 92 0 36 1 20 1 11 51761 103522 170531
 7 90 1 84 1 47 1 17 251040 502080 501293
 8 84 0 69 0 24 1 12 112476 224952 864574
 9 57 1 35 1 35 1 14 45712 91424 296948
 10 78 1 76 1 50 1 11 233171 466342 1519991
 34 2505805
 587 233 220 22569753 61535017
 10
 1 68 0 35 1 27 1 13 52691 105382 116031
 2 118 0 57 1 43 1 9 189520 379040 933996
 3 73 0 72 0 36 1 15 120487 240974 616750
 4 85 1 58 1 50 1 14 202217 404434 911910
 5 86 0 56 1 33 1 14 137782 275564 563553
 6 99 0 44 1 31 1 9 99396 198792 150066
 7 93 1 54 1 49 1 18 215385 430770 516044
 8 89 0 69 0 26 1 14 134486 268972 238469
 9 98 1 90 1 74 1 12 570274 1140548 2531356
 10 58 1 48 1 46 1 18 90490 180980 506401
 35 2505905
 587 233 220 21417147 23848970
 10
 1 100 0 33 1 31 1 8 82169 164338 318511
 2 84 0 68 1 42 1 15 202478 404956 426256
 3 95 0 84 0 31 1 15 213205 426410 1520117
 4 57 1 39 1 30 1 15 42929 85858 233667
 5 76 1 71 1 60 1 22 205402 410804 914531
 6 71 1 68 1 46 1 18 150961 301922 1168047
 7 109 0 51 1 26 1 16 89420 178840 344024
 8 109 0 54 1 45 1 13 181443 362886 1215124
 9 84 0 55 1 29 1 15 106905 213810 755041
 10 104 0 66 0 20 1 14 101552 203104 171306
 36 2506005
 587 233 220 21780486 63190949
 10
 1 41 1 39 1 26 1 17 28119 56238 111885
 2 110 0 40 1 34 1 13 105327 210654 769672
 3 94 1 77 1 52 1 11 322482 644964 2449676
 4 119 1 96 1 71 1 9 611366 1222732 1612533
 5 67 1 63 1 47 1 20 166366 332732 1248685
 6 61 1 43 1 31 1 15 52761 105522 244527
 7 72 0 53 1 35 1 12 97804 195608 127789
 8 64 1 38 1 38 1 6 77295 154590 510455
 9 110 0 71 1 45 1 13 218777 437554 734820
 10 73 1 71 1 52 1 15 179088 358176 1029338
 37 2506105
 587 233 220 21697763 21239546
 10
 1 98 0 73 1 44 1 10 211740 423480 760798
 2 60 1 60 1 38 1 17 121011 242022 912701
 3 105 1 73 1 60 1 11 395973 791946 739708
 4 90 1 77 1 52 1 15 287861 575722 1348251
 5 66 0 58 0 24 1 19 67937 135874 492925
 6 106 1 76 1 55 1 13 293319 586638 1950531
 7 55 1 44 1 36 1 14 74174 148348 190863
 8 82 0 58 0 23 1 12 93199 186398 573178
 9 74 1 61 1 58 1 10 164284 328568 699361
 10 81 0 39 1 24 1 15 54858 109716 193061
 38 2506205
 587 233 220 22229761 28127766
 10
 1 104 0 94 1 50 1 8 410917 821834 2341713
 2 102 0 87 0 36 1 21 229018 458036 650307
 3 115 0 42 1 33 1 9 142924 285848 661830
 4 61 1 58 1 32 1 9 70904 141808 219526
 5 70 1 62 1 48 1 16 138861 277722 974909
 6 91 1 79 1 78 1 5 423078 846156 1619827
 7 90 1 57 1 53 1 10 189109 378218 1440496
 8 78 0 68 0 25 1 12 96975 193950 744901
 9 77 1 44 1 39 1 16 103351 206702 579221
 10 97 1 89 1 56 1 9 314730 629460 1243974
 39 2506305
 587 233 220 24386257 37255131
 10
 1 89 1 56 1 45 1 29 165072 330144 804244
 2 53 1 37 1 34 1 23 49851 99702 394836
 3 54 0 35 1 25 1 23 33969 67938 43552
 4 73 0 39 1 33 1 27 74205 148410 414028
 5 73 1 39 1 38 1 22 76246 152492 448354
 6 50 1 42 1 29 1 14 43493 86986 216112
 7 62 1 59 1 54 1 24 140577 281154 590960
 8 98 0 53 1 44 1 20 186029 372058 819536
 9 94 0 32 1 31 1 20 57773 115546 217037
 10 97 0 64 0 28 1 23 120269 240538 682938
 40 2506405
 587 233 220 25373630 80676507
 10
 1 85 1 77 1 62 1 8 349853 699706 1444527
 2 94 0 63 1 32 1 7 168071 336142 273446
 3 83 1 75 1 45 1 9 175914 351828 1168417
 4 95 1 95 1 54 1 10 429273 858546 1514520
 5 76 0 76 0 30 1 16 116279 232558 434054
 6 113 0 66 1 44 1 8 217508 435016 649573
 7 108 1 71 1 61 1 10 340811 681622 2351331
 8 118 0 62 1 37 1 16 217562 435124 290711
 9 93 1 58 1 48 1 13 213807 427614 1518729
 10 60 0 32 1 29 1 5 37104 74208 76601
 41 2506505
 587 233 220 24640772 66052380
 10
 1 109 1 80 1 68 1 8 423720 847440 3225945
 2 90 0 45 1 31 1 14 102639 205278 236237
 3 66 1 56 1 34 1 14 110324 220648 777561
 4 76 0 66 1 34 1 9 102845 205690 789860
 5 111 0 80 1 53 1 15 374906 749812 1538509
 6 86 0 59 0 29 1 14 105467 210934 571096
 7 80 1 72 1 63 1 11 277246 554492 496388
 8 81 0 47 0 22 1 8 61646 123292 271644
 9 114 1 80 1 64 1 9 479253 958506 2010280
 10 90 0 37 1 32 1 11 65657 131314 187381
 42 2506605
 587 233 220 26591464 104418161
 10
 1 76 1 74 1 50 1 17 208602 417204 1516350
 2 86 0 40 1 29 1 11 85586 171172 248183
 3 66 1 55 1 48 1 10 108524 217048 789930
 4 75 0 57 1 37 1 9 113730 227460 737224
 5 102 0 83 0 29 1 10 172083 344166 575767
 6 74 1 58 1 52 1 15 169408 338816 584234
 7 89 0 65 1 36 1 16 152619 305238 568194
 8 99 1 68 1 67 1 12 388390 776780 2463167
 9 80 1 78 1 66 1 12 277767 555534 371462
 10 65 1 57 1 45 1 9 128477 256954 392462
 43 2506705
 587 233 220 26379790 76427553
 10
 1 82 1 80 1 71 1 11 312837 625674 2206299
 2 66 0 37 1 27 1 4 55917 111834 73421
 3 77 0 76 0 31 1 4 137983 275966 930673
 4 100 0 56 1 38 1 8 160457 320914 867597
 5 93 1 86 1 67 1 12 389400 778800 1071637
 6 89 0 76 0 30 1 6 158773 317546 521990
 7 98 1 90 1 67 1 16 516836 1033672 1921676
 8 87 0 52 1 42 1 11 166577 333154 849804
 9 53 1 42 1 35 1 7 48519 97038 343412
 10 116 0 53 1 36 1 11 197424 394848 778372
 44 2506805
 587 233 220 22636001 79391278
 10
 1 114 0 67 0 25 1 20 154216 308432 362275
 2 92 0 79 0 25 1 15 123613 247226 987778
 3 89 0 87 0 36 1 19 224699 449398 1601132
 4 95 0 71 1 36 1 14 161844 323688 1195918
 5 90 0 83 1 43 1 12 211854 423708 1539092
 6 93 0 39 1 28 1 12 90100 180200 501966
 7 69 0 54 1 31 1 16 77783 155566 185131
 8 107 0 61 1 37 1 13 157380 314760 659044
 9 98 0 52 1 40 1 8 127461 254922 956336
 10 83 1 69 1 60 1 9 219774 439548 367986
 45 2506905
 587 233 220 18888269 55535824
 10
 1 63 0 55 1 31 1 12 74908 149816 158242
 2 120 0 43 1 23 1 12 84571 169142 543702
 3 97 1 72 1 57 1 22 293361 586722 2097854
 4 77 1 76 1 42 1 22 168965 337930 209844
 5 93 0 74 0 20 1 11 100631 201262 623438
 6 65 1 63 1 43 1 16 136327 272654 673651
 7 108 0 71 1 40 1 11 189704 379408 995699
 8 79 0 36 1 21 1 14 52387 104774 206180
 9 68 0 62 0 26 1 19 67503 135006 511083
 10 68 1 50 1 40 1 19 121218 242436 432847
 46 2507005
 587 233 220 19173130 56534960
 10
 1 86 0 58 1 36 1 8 161590 323180 1002212
 2 71 0 69 0 22 1 9 79127 158254 326725
 3 108 0 78 1 54 1 12 367481 734962 1883061
 4 104 1 58 1 57 1 10 278473 556946 1749019
 5 96 1 65 1 58 1 13 277148 554296 493972
 6 58 0 37 1 26 1 9 47731 95462 255102
 7 73 1 72 1 49 1 5 174359 348718 788970
 8 98 1 67 1 56 1 13 315859 631718 1663690
 9 117 0 89 0 23 1 11 148501 297002 551109
 10 109 1 76 1 73 1 8 484196 968392 2505105
 47 2507105
 587 233 220 25769530 31319494
 10
 1 118 0 54 1 42 1 12 183611 367222 1266392
 2 112 0 95 0 20 1 14 155042 310084 315651
 3 118 0 38 1 37 1 17 122615 245230 801898
 4 76 0 38 1 38 1 13 81965 163930 121798
 5 100 0 56 1 34 1 14 120403 240806 853034
 6 100 0 73 1 50 1 17 241886 483772 772773
 7 75 0 58 1 36 1 10 123859 247718 610557
 8 76 1 51 1 41 1 16 133224 266448 1040607
 9 82 0 75 1 39 1 12 200976 401952 481893
 10 84 1 76 1 44 1 13 188817 377634 1300776
 48 2507205
 587 233 220 21512913 64733265
 10
 1 59 1 49 1 48 1 5 90232 180464 720480
 2 79 1 63 1 46 1 10 138184 276368 915751
 3 95 0 58 1 38 1 10 134308 268616 885697
 4 95 0 79 1 47 1 11 250480 500960 1767069
 5 72 0 46 1 27 1 11 62266 124532 260674
 6 88 1 74 1 72 1 10 353179 706358 1795012
 7 90 1 77 1 67 1 16 314707 629414 1931222
 8 96 0 59 1 36 1 13 148948 297896 623415
 9 62 1 55 1 46 1 13 106599 213198 164933
 10 92 0 77 1 43 1 10 258903 517806 1412818
 49 2507305
 587 233 220 19360263 41310436
 10
 1 91 0 54 1 45 1 13 158913 317826 648772
 2 105 1 77 1 72 1 8 390164 780328 2377605
 3 79 1 78 1 48 1 14 260455 520910 1002158
 4 109 1 76 1 59 1 5 404049 808098 2154686
 5 48 1 37 1 30 1 11 33227 66454 250880
 6 44 1 37 1 27 1 12 37224 74448 289895
 7 79 1 76 1 54 1 6 201108 402216 1479348
 8 116 0 78 0 20 1 12 162366 324732 463624
 9 101 0 71 1 49 1 15 211613 423226 699941
 10 102 0 100 0 49 1 10 333740 667480 2198962
 50 2507405
 587 233 220 25013503 54347360
 10
 1 60 1 40 1 32 1 13 65732 131464 251757
 2 98 1 75 1 55 1 17 257602 515204 1424070
 3 60 1 59 1 39 1 27 120943 241886 412847
 4 81 0 56 1 40 1 17 123825 247650 752290
 5 119 0 34 1 25 1 9 69551 139102 487220
 6 107 0 61 1 42 1 10 239682 479364 881963
 7 108 0 85 0 20 1 19 156220 312440 417957
 8 97 0 66 1 45 1 22 250269 500538 932104
 9 66 0 35 1 26 1 17 42935 85870 234507
 10 69 0 32 1 20 1 16 28805 57610 218121
 51 2507505
 587 233 220 21908636 85762537
 10
 1 66 1 64 1 36 1 12 100706 201412 674924
 2 97 1 73 1 49 1 19 215049 430098 765548
 3 69 1 60 1 43 1 25 131190 262380 811441
 4 52 0 37 1 20 1 16 31408 62816 127821
 5 109 0 63 1 37 1 23 153877 307754 993346
 6 79 0 57 0 24 1 21 94574 189148 750984
 7 95 0 72 0 22 1 20 95888 191776 267861
 8 65 1 50 1 39 1 16 76351 152702 598301
 9 98 0 42 1 30 1 19 102120 204240 370898
 10 53 1 40 1 36 1 13 46792 93584 193732
 52 2507605
 587 233 220 26812797 75248352
 10
 1 96 0 72 0 31 1 12 129772 259544 478415
 2 75 1 72 1 47 1 16 221851 443702 514948
 3 80 0 25 1 20 1 17 28330 56660 145989
 4 114 1 94 1 61 1 10 569069 1138138 703929
 5 100 0 40 1 39 1 15 111896 223792 311601
 6 72 1 51 1 48 1 13 158112 316224 240169
 7 36 1 28 1 24 1 12 21414 42828 116174
 8 85 0 58 1 35 1 18 128557 257114 211450
 9 85 1 84 1 58 1 16 354401 708802 1832356
 10 95 0 48 0 24 1 14 77709 155418 352680
 53 2507705
 587 233 220 19508612 59751172
 10
 1 78 0 37 1 27 1 11 47044 94088 161994
 2 89 0 70 0 25 1 17 122116 244232 379774
 3 90 0 84 0 41 1 8 192428 384856 788775
 4 85 0 75 1 42 1 7 203048 406096 1168973
 5 91 0 77 1 44 1 7 233654 467308 984099
 6 114 1 87 1 71 1 12 546416 1092832 2334908
 7 90 0 37 1 25 1 8 56043 112086 443263
 8 105 1 80 1 77 1 9 525875 1051750 2516006
 9 74 1 71 1 50 1 10 211397 422794 1183644
 10 62 1 57 1 55 1 12 158005 316010 888565
 54 2507805
 587 233 220 26093156 91360404
 10
 1 99 0 68 0 23 1 23 114598 229196 439530
 2 68 1 52 1 40 1 17 98968 197936 608065
 3 101 1 66 1 61 1 20 262303 524606 540660
 4 57 0 56 0 22 1 17 52825 105650 158039
 5 81 1 54 1 47 1 19 128889 257778 158775
 6 86 0 34 1 25 1 24 58888 117776 97650
 7 54 0 46 1 27 1 11 53365 106730 125752
 8 95 0 65 1 34 1 17 156089 312178 980352
 9 105 0 57 1 29 1 10 108585 217170 237721
 10 120 0 63 0 28 1 14 180068 360136 1404887
 55 2507905
 587 233 220 19513209 21504256
 10
 1 100 0 94 0 28 1 19 158953 317906 997318
 2 81 1 78 1 66 1 13 319529 639058 1235127
 3 111 0 49 0 21 1 12 80727 161454 517552
 4 119 0 63 1 37 1 20 245013 490026 533502
 5 72 0 50 1 30 1 14 87180 174360 221013
 6 58 1 58 1 40 1 12 115771 231542 210662
 7 108 0 55 1 29 1 17 147491 294982 259644
 8 54 1 49 1 38 1 15 63812 127624 143642
 9 69 1 46 1 44 1 12 87973 175946 218002
 10 88 1 71 1 61 1 9 261835 523670 682553
 56 2508005
 587 233 220 18565559 25199416
 10
 1 90 0 41 1 34 1 34 99098 198196 202349
 2 64 0 32 1 28 1 17 40208 80416 123520
 3 42 1 31 1 31 1 19 28678 57356 205425
 4 94 0 90 0 44 1 15 254833 509666 455379
 5 68 1 63 1 53 1 24 152542 305084 227215
 6 55 0 30 1 21 1 23 30348 60696 230525
 7 72 0 64 0 31 1 16 101799 203598 343860
 8 75 0 56 1 34 1 30 94738 189476 439406
 9 62 0 34 1 31 1 31 46027 92054 70957
 10 79 0 55 1 32 1 24 115917 231834 616872
 57 2508105
 587 233 220 24943451 29980100
 10
 1 85 0 73 1 40 1 9 170063 340126 1198369
 2 73 1 62 1 54 1 7 209646 419292 684155
 3 90 0 63 1 41 1 13 143892 287784 317951
 4 75 0 61 0 24 1 15 79970 159940 232772
 5 57 1 53 1 44 1 8 117250 234500 449346
 6 93 0 70 1 45 1 9 238119 476238 1455150
 7 73 0 36 1 33 1 8 61145 122290 332706
 8 95 1 80 1 75 1 7 438331 876662 951057
 9 93 1 89 1 78 1 11 439883 879766 3389087
 10 113 1 87 1 65 1 9 420457 840914 3132143
 58 2508205
 587 233 220 20009445 46679118
 10
 1 105 0 81 1 46 1 18 313048 626096 1119035
 2 115 1 81 1 61 1 9 489056 978112 912582
 3 72 0 51 0 23 1 12 64717 129434 288463
 4 65 1 56 1 33 1 10 79940 159880 536577
 5 60 0 44 0 21 1 13 41415 82830 294891
 6 85 1 69 1 65 1 7 321775 643550 1075824
 7 90 0 82 0 35 1 10 209970 419940 779379
 8 115 1 94 1 64 1 8 511508 1023016 1593158
 9 80 0 53 1 33 1 9 86928 173856 321271
 10 95 0 81 0 37 1 10 207089 414178 668674
 59 2508305
 587 233 220 23518292 39851715
 10
 1 76 1 52 1 46 1 18 160041 320082 292980
 2 66 0 59 1 31 1 26 97268 194536 704280
 3 62 1 55 1 44 1 25 118106 236212 732907
 4 95 0 46 1 36 1 12 127523 255046 451931
 5 63 1 59 1 35 1 11 89321 178642 391149
 6 100 0 37 1 32 1 23 96239 192478 465566
 7 91 0 54 1 37 1 21 152855 305710 638187
 8 49 1 44 1 36 1 26 64499 128998 345397
 9 109 0 66 1 49 1 18 267780 535560 1885205
 10 69 0 48 1 27 1 19 63798 127596 185270
 60 2508405
 587 233 220 24496136 28724223
 10
 1 78 1 72 1 58 1 14 272403 544806 729218
 2 107 1 57 1 57 1 11 217403 434806 1313314
 3 72 1 64 1 37 1 19 108655 217310 498757
 4 93 0 66 0 26 1 13 114217 228434 267785
 5 116 0 67 1 35 1 13 231726 463452 360546
 6 101 0 56 1 39 1 12 151701 303402 303120
 7 108 0 100 0 39 1 11 262902 525804 1994461
 8 64 1 55 1 33 1 10 71362 142724 156736
 9 73 1 65 1 53 1 10 208995 417990 696468
 10 106 0 41 1 35 1 12 97072 194144 448687
 61 2508505
 587 233 220 18563967 39837460
 10
 1 109 1 68 1 64 1 7 400451 800902 2321289
 2 84 1 58 1 55 1 7 225697 451394 1108754
 3 96 0 83 0 24 1 16 140040 280080 1093414
 4 74 0 67 1 37 1 14 142280 284560 859799
 5 107 1 73 1 70 1 7 458094 916188 2233845
 6 80 1 73 1 54 1 13 212259 424518 433895
 7 72 0 41 1 33 1 13 87308 174616 683869
 8 84 1 79 1 74 1 10 430745 861490 1575786
 9 40 0 37 1 20 1 14 23970 47940 59426
 10 74 1 73 1 42 1 20 193137 386274 265228
 62 2508605
 587 233 220 21193484 38592616
 10
 1 70 1 63 1 50 1 14 133654 267308 641086
 2 100 0 53 1 34 1 9 118011 236022 346652
 3 93 0 78 1 45 1 11 238876 477752 1168259
 4 100 0 55 1 48 1 10 223135 446270 1666270
 5 98 1 73 1 50 1 13 223330 446660 886676
 6 69 1 45 1 43 1 9 90228 180456 460506
 7 43 1 42 1 36 1 15 49379 98758 293018
 8 104 1 92 1 63 1 16 399988 799976 2055260
 9 93 0 36 1 26 1 11 59901 119802 463122
 10 50 1 45 1 41 1 17 71999 143998 438377
 63 2508705
 587 233 220 23793409 26322397
 10
 1 82 1 76 1 59 1 8 314723 629446 751443
 2 60 1 51 1 50 1 14 110749 221498 745083
 3 104 1 66 1 61 1 7 309085 618170 1470840
 4 71 0 36 1 28 1 7 55525 111050 322485
 5 89 0 77 0 26 1 9 137167 274334 801778
 6 108 1 84 1 66 1 15 516306 1032612 2100452
 7 90 0 51 1 45 1 10 159887 319774 1232675
 8 48 1 35 1 33 1 9 44944 89888 235379
 9 89 1 57 1 52 1 5 159703 319406 560132
 10 99 1 77 1 58 1 16 348301 696602 549318
 64 2508805
 587 233 220 25921509 40489795
 10
 1 114 0 54 0 20 1 16 83543 167086 593826
 2 92 1 87 1 50 1 10 357552 715104 1737043
 3 114 0 43 1 26 1 10 106557 213114 385273
 4 93 0 69 1 42 1 7 167539 335078 302308
 5 80 1 79 1 64 1 19 353719 707438 1342864
 6 99 0 80 0 29 1 8 160492 320984 271334
 7 60 1 54 1 47 1 12 130954 261908 947566
 8 54 1 53 1 32 1 16 61279 122558 203216
 9 113 1 75 1 68 1 10 496953 993906 1727265
 10 67 1 66 1 49 1 10 172215 344430 452665
 65 2508905
 587 233 220 20053264 79851466
 10
 1 55 0 50 1 26 1 8 56701 113402 164445
 2 48 1 42 1 37 1 16 59319 118638 94262
 3 47 1 34 1 26 1 17 31086 62172 40545
 4 104 0 74 1 50 1 18 288517 577034 785133
 5 83 0 70 1 40 1 17 208704 417408 755931
 6 53 1 52 1 38 1 19 67976 135952 498056
 7 108 0 69 1 49 1 11 234167 468334 307330
 8 78 1 73 1 72 1 20 272432 544864 1981140
 9 77 0 62 0 24 1 15 89047 178094 503544
 10 74 0 34 1 21 1 15 34040 68080 95363
 66 2509005
 587 233 220 26603277 47431912
 10
 1 87 0 45 1 32 1 14 108936 217872 417998
 2 84 1 63 1 46 1 11 195689 391378 339134
 3 84 1 67 1 44 1 12 212599 425198 726832
 4 76 0 55 1 30 1 11 107096 214192 423136
 5 87 1 78 1 61 1 6 272438 544876 859861
 6 115 0 77 1 53 1 11 308434 616868 1407995
 7 78 1 72 1 51 1 12 188528 377056 409056
 8 93 1 91 1 62 1 10 336512 673024 1414817
 9 48 1 41 1 40 1 7 60286 120572 168573
 10 92 1 82 1 53 1 11 272940 545880 614206
 67 2509105
 587 233 220 25042111 91952752
 10
 1 119 0 41 1 38 1 14 164261 328522 384811
 2 90 0 44 1 35 1 15 92986 185972 224929
 3 67 0 55 0 27 1 7 64198 128396 506434
 4 71 1 47 1 36 1 18 77803 155606 608963
 5 90 1 55 1 51 1 17 205762 411524 1457306
 6 87 0 68 1 40 1 19 201606 403212 863710
 7 87 0 53 1 36 1 17 128221 256442 1001387
 8 113 0 47 1 34 1 19 120871 241742 746843
 9 97 0 56 1 35 1 25 158241 316482 538152
 10 90 0 60 0 25 1 19 120541 241082 757064
 68 2509205
 587 233 220 19098383 35029331
 10
 1 60 1 44 1 36 1 9 79055 158110 508678
 2 76 1 42 1 40 1 8 86894 173788 301686
 3 65 1 49 1 48 1 11 133618 267236 1059409
 4 109 0 92 1 51 1 10 436395 872790 740589
 5 93 0 42 1 31 1 12 84394 168788 540135
 6 83 1 64 1 59 1 7 218624 437248 1520012
 7 96 1 90 1 55 1 11 397127 794254 3033326
 8 52 1 42 1 31 1 15 57306 114612 152830
 9 98 1 72 1 61 1 8 272666 545332 839761
 10 118 0 98 1 57 1 12 489649 979298 2100981
 69 2509305
 587 233 220 23665148 68700055
 10
 1 91 0 50 1 32 1 20 115424 230848 646755
 2 118 0 66 1 40 1 16 226860 453720 282243
 3 75 0 69 0 32 1 12 112362 224724 740306
 4 81 0 73 0 32 1 19 168209 336418 985270
 5 97 0 69 0 33 1 16 162522 325044 218011
 6 97 0 31 1 27 1 17 54552 109104 295119
 7 57 1 54 1 29 1 11 71723 143446 506122
 8 77 1 71 1 62 1 16 297193 594386 1744852
 9 116 0 84 0 27 1 16 181783 363566 548055
 10 85 0 30 1 29 1 14 54379 108758 65314
 70 2509405
 587 233 220 24416292 64319976
 10
 1 56 0 32 1 28 1 9 39211 78422 201006
 2 92 0 68 1 39 1 11 218301 436602 450384
 3 90 0 86 0 29 1 9 174226 348452 595998
 4 73 1 54 1 52 1 17 134112 268224 762129
 5 114 0 100 0 45 1 17 413333 826666 672347
 6 94 0 51 1 36 1 14 133797 267594 215595
 7 108 0 59 1 38 1 13 147706 295412 714647
 8 89 1 82 1 61 1 7 361384 722768 2692413
 9 81 1 71 1 43 1 12 191230 382460 1523747
 10 61 1 53 1 37 1 8 85745 171490 264553
 71 2509505
 587 233 220 22847714 35197264
 10
 1 99 1 64 1 62 1 20 299342 598684 1473882
 2 110 0 43 1 37 1 16 154367 308734 268354
 3 96 1 73 1 50 1 9 231824 463648 1540089
 4 114 0 53 1 35 1 10 172536 345072 1334785
 5 105 0 27 1 22 1 12 56119 112238 365418
 6 75 1 66 1 51 1 14 194829 389658 570284
 7 72 1 61 1 48 1 17 128318 256636 235387
 8 102 0 46 1 32 1 12 102555 205110 408508
 9 59 1 57 1 45 1 12 92734 185468 128305
 10 111 0 45 1 33 1 16 104494 208988 484863
 72 2509605
 587 233 220 20530797 33371387
 10
 1 96 1 95 1 68 1 10 541781 1083562 2408585
 2 69 1 61 1 35 1 12 102262 204524 536286
 3 107 1 70 1 55 1 10 288815 577630 952131
 4 92 0 85 0 34 1 11 227007 454014 299110
 5 96 0 60 1 31 1 12 147313 294626 260797
 6 66 1 38 1 38 1 17 71181 142362 349396
 7 63 1 57 1 36 1 12 99937 199874 676350
 8 51 1 31 1 31 1 15 41778 83556 152592
 9 100 0 75 1 44 1 14 258543 517086 1361872
 10 78 1 66 1 53 1 16 231240 462480 918587
 73 2509705
 587 233 220 25734623 64813448
 10
 1 90 0 73 1 37 1 9 150075 300150 390440
 2 102 0 95 0 33 1 15 242188 484376 699903
 3 117 0 38 1 30 1 10 117442 234884 261633
 4 75 1 73 1 57 1 13 258771 517542 1334474
 5 86 0 36 1 34 1 12 83008 166016 108120
 6 101 1 81 1 62 1 14 325521 651042 909478
 7 90 1 66 1 65 1 9 236016 472032 1497960
 8 76 1 69 1 51 1 15 218344 436688 1712808
 9 65 0 30 1 30 1 8 51945 103890 314249
 10 61 1 46 1 37 1 12 86024 172048 189028
 74 2509805
 587 233 220 23447818 72897893
 10
 1 86 1 79 1 69 1 8 305037 610074 1324984
 2 53 1 46 1 31 1 7 57638 115276 333519
 3 96 0 51 1 37 1 9 133302 266604 627676
 4 119 0 55 1 54 1 11 225999 451998 1001184
 5 77 0 74 0 37 1 9 172285 344570 1168391
 6 96 0 73 0 24 1 7 125538 251076 873857
 7 75 1 67 1 54 1 12 230457 460914 464200
 8 88 1 71 1 61 1 5 276602 553204 1400002
 9 120 0 93 0 46 1 14 357443 714886 1031087
 10 104 1 70 1 69 1 9 319381 638762 2212275
 75 2509905
 587 233 220 25512651 52792294
 10
 1 101 0 81 0 24 1 14 128451 256902 407575
 2 94 0 72 0 29 1 16 133018 266036 563469
 3 79 1 72 1 47 1 18 213397 426794 262354
 4 90 0 36 1 35 1 18 69601 139202 159037
 5 68 1 51 1 40 1 11 92736 185472 683308
 6 48 1 45 1 35 1 17 56694 113388 219153
 7 108 1 84 1 69 1 6 396839 793678 2332070
 8 91 0 45 1 31 1 20 109256 218512 768137
 9 84 1 80 1 62 1 10 305341 610682 2234848
 10 77 1 71 1 41 1 18 161949 323898 1132373
 76 2510005
 587 233 220 19372124 77378285
 10
 1 77 0 42 1 30 1 13 79190 158380 345028
 2 98 0 45 1 28 1 8 91569 183138 246209
 3 61 1 58 1 32 1 11 70246 140492 177260
 4 92 1 77 1 61 1 15 385012 770024 2320385
 5 58 0 44 1 27 1 8 59386 118772 163899
 6 108 0 72 1 50 1 15 327652 655304 1379411
 7 93 1 72 1 71 1 12 291246 582492 863438
 8 111 0 49 1 30 1 14 130830 261660 965686
 9 79 1 66 1 49 1 9 228911 457822 905501
 10 85 0 74 1 39 1 13 171312 342624 1156711
 77 2510105
 587 233 220 23013654 32873078
 10
 1 73 0 73 0 36 1 24 119847 239694 546045
 2 87 0 49 1 26 1 13 89661 179322 360911
 3 68 1 53 1 44 1 20 100202 200404 605574
 4 73 0 57 1 33 1 23 104278 208556 232883
 5 65 1 49 1 47 1 18 105328 210656 366385
 6 80 0 65 1 35 1 22 123342 246684 187185
 7 72 0 35 1 26 1 18 56968 113936 219085
 8 75 1 68 1 40 1 18 133146 266292 786988
 9 104 0 53 1 34 1 16 134473 268946 845237
 10 97 0 93 0 45 1 7 341825 683650 1107435
 78 2510205
 587 233 220 23643004 20603212
 10
 1 105 0 68 1 42 1 15 227542 455084 1748413
 2 75 0 37 1 24 1 20 54224 108448 407573
 3 79 0 73 0 26 1 20 91663 183326 143102
 4 95 0 53 1 38 1 13 128003 256006 574885
 5 50 1 41 1 40 1 10 71737 143474 442786
 6 80 1 59 1 52 1 19 159796 319592 617490
 7 90 0 74 0 35 1 19 202090 404180 1494590
 8 87 1 60 1 60 1 14 213061 426122 973162
 9 68 1 50 1 39 1 15 98032 196064 418169
 10 78 0 64 0 25 1 19 77344 154688 235295
 79 2510305
 587 233 220 23596740 52118289
 10
 1 64 1 48 1 46 1 21 107782 215564 564348
 2 79 0 25 1 22 1 30 34212 68424 104861
 3 89 0 85 0 33 1 22 199363 398726 1545527
 4 79 0 66 1 34 1 27 107930 215860 812165
 5 79 0 54 1 31 1 16 90475 180950 115914
 6 115 0 95 0 22 1 24 196342 392684 492309
 7 76 1 54 1 44 1 20 117778 235556 270356
 8 80 0 44 1 29 1 18 75584 151168 144328
 9 66 0 33 1 26 1 19 43177 86354 276928
 10 50 1 32 1 32 1 20 41013 82026 81296
 80 2510405
 587 233 220 26926502 79779403
 10
 1 78 1 59 1 54 1 13 173174 346348 736532
 2 120 0 52 0 20 1 12 93743 187486 308134
 3 100 1 67 1 54 1 10 315908 631816 1031403
 4 91 0 59 1 37 1 19 174644 349288 570377
 5 112 0 57 1 56 1 16 320520 641040 2129644
 6 88 0 46 1 34 1 16 88613 177226 690197
 7 108 0 78 1 53 1 13 377572 755144 2086269
 8 100 0 48 1 29 1 9 119760 239520 691507
 9 89 0 88 0 21 1 12 99935 199870 556833
 10 90 0 40 1 21 1 12 59525 119050 279248
 81 2510505
 587 233 220 18356676 67578427
 10
 1 110 0 60 1 55 1 9 274319 548638 620216
 2 80 1 78 1 71 1 7 362896 725792 1061893
 3 110 0 75 1 50 1 10 296344 592688 424594
 4 100 0 72 1 40 1 10 206713 413426 1623074
 5 103 0 60 1 32 1 12 124339 248678 698256
 6 70 1 60 1 49 1 14 154941 309882 1180164
 7 80 1 72 1 62 1 10 293550 587100 1162480
 8 120 1 74 1 67 1 7 483968 967936 3481151
 9 75 0 52 1 37 1 8 110504 221008 404001
 10 57 1 54 1 48 1 17 103367 206734 430202
 82 2510605
 587 233 220 26494333 92778369
 10
 1 65 1 51 1 50 1 17 111768 223536 890197
 2 113 0 78 0 28 1 14 195363 390726 695320
 3 120 0 35 1 32 1 14 81345 162690 426683
 4 71 0 53 0 20 1 13 66205 132410 412085
 5 94 1 70 1 64 1 16 288755 577510 1721522
 6 64 0 33 1 32 1 14 48650 97300 69789
 7 71 0 35 1 21 1 17 31330 62660 69788
 8 85 1 59 1 49 1 18 201808 403616 1378321
 9 108 0 62 1 53 1 14 310581 621162 1158096
 10 116 0 56 0 25 1 16 122709 245418 813820
 83 2510705
 587 233 220 21370848 79259506
 10
 1 83 1 71 1 46 1 15 205467 410934 1470350
 2 76 1 63 1 54 1 15 221251 442502 1298043
 3 91 0 56 1 40 1 15 123874 247748 595947
 4 61 1 42 1 34 1 11 77701 155402 219900
 5 84 1 67 1 47 1 14 217056 434112 724986
 6 95 1 79 1 57 1 11 307243 614486 2423173
 7 90 0 80 0 23 1 11 119044 238088 866467
 8 69 0 43 1 28 1 9 61115 122230 353911
 9 72 1 69 1 48 1 17 197318 394636 271303
 10 83 1 64 1 58 1 10 253005 506010 1238216
 84 2510805
 587 233 220 20834006 83257312
 10
 1 114 0 77 1 42 1 11 263338 526676 399431
 2 105 1 81 1 74 1 14 518305 1036610 2707980
 3 76 1 73 1 50 1 17 232745 465490 1174466
 4 104 0 91 0 41 1 13 274695 549390 809851
 5 75 0 70 0 23 1 15 88914 177828 627566
 6 93 0 67 0 20 1 16 80021 160042 131513
 7 89 0 54 0 25 1 8 72550 145100 208527
 8 89 0 46 1 28 1 10 99945 199890 128901
 9 36 1 35 1 24 1 13 23492 46984 145462
 10 72 0 50 1 29 1 8 73978 147956 347765
 85 2510905
 587 233 220 18736670 26187357
 10
 1 55 0 37 1 22 1 17 33033 66066 103351
 2 72 0 55 1 31 1 9 94409 188818 358085
 3 61 1 56 1 36 1 14 81246 162492 262316
 4 76 0 72 0 22 1 9 92908 185816 295563
 5 74 1 66 1 61 1 14 187113 374226 538870
 6 43 1 39 1 32 1 13 34325 68650 265912
 7 108 0 98 0 27 1 12 200537 401074 393646
 8 109 1 73 1 65 1 11 412849 825698 939068
 9 97 0 92 0 40 1 9 214452 428904 1533762
 10 109 1 80 1 62 1 15 362633 725266 1193053
 86 2511005
 587 233 220 26897804 41916913
 10
 1 87 0 33 1 28 1 17 52417 104834 258074
 2 97 1 70 1 57 1 16 346112 692224 891775
 3 71 1 57 1 38 1 16 117216 234432 354264
 4 63 1 53 1 47 1 15 110829 221658 842193
 5 77 0 56 1 37 1 14 129454 258908 540385
 6 102 0 67 1 47 1 13 197877 395754 730600
 7 72 0 31 1 29 1 16 40279 80558 278074
 8 84 0 58 1 38 1 16 163131 326262 1090804
 9 84 1 57 1 56 1 17 175661 351322 1026100
 10 88 0 76 0 33 1 12 186536 373072 1008929
 87 2511105
 587 233 220 21171078 66027637
 10
 1 119 0 34 1 28 1 12 81695 163390 546244
 2 84 1 69 1 48 1 13 183620 367240 303364
 3 97 1 82 1 78 1 14 414793 829586 2076099
 4 109 0 43 1 33 1 9 104981 209962 736787
 5 80 1 75 1 47 1 10 250690 501380 607853
 6 74 0 62 0 30 1 13 111409 222818 294088
 7 40 1 35 1 31 1 14 31733 63466 228383
 8 58 0 43 1 26 1 3 41013 82026 218252
 9 111 1 73 1 71 1 12 401675 803350 991957
 10 95 0 66 1 43 1 8 188761 377522 1484332
 88 2511205
 587 233 220 20271028 78975706
 10
 1 100 0 60 1 40 1 11 170087 340174 1115112
 2 89 0 67 1 34 1 21 123518 247036 473910
 3 92 0 80 0 38 1 18 229817 459634 646459
 4 90 0 81 0 24 1 18 129158 258316 407659
 5 84 0 52 1 38 1 22 137738 275476 983830
 6 77 1 54 1 46 1 13 163732 327464 916618
 7 90 0 49 1 33 1 20 124423 248846 336862
 8 78 0 45 1 27 1 15 68356 136712 289014
 9 76 0 57 0 28 1 16 85565 171130 560412
 10 102 0 38 1 27 1 24 80716 161432 191138
 89 2511305
 587 233 220 24977774 30037909
 10
 1 95 0 92 0 46 1 7 337065 674130 2655692
 2 65 1 60 1 40 1 11 134546 269092 200110
 3 103 1 62 1 59 1 10 288983 577966 793276
 4 71 1 65 1 52 1 6 198057 396114 278288
 5 119 0 87 0 28 1 12 220332 440664 1087447
 6 109 1 92 1 78 1 13 541677 1083354 1295886
 7 58 1 54 1 35 1 7 83458 166916 150905
 8 98 1 73 1 64 1 7 332898 665796 1896009
 9 44 1 44 1 40 1 10 69544 139088 521681
 10 70 0 69 1 35 1 10 110967 221934 314085
 90 2511405
 587 233 220 23529492 63945677
 10
 1 91 0 52 1 33 1 10 101126 202252 233268
 2 87 1 81 1 63 1 11 367519 735038 770596
 3 113 0 79 1 45 1 9 334001 668002 2320276
 4 114 0 52 1 45 1 6 191578 383156 601488
 5 110 1 90 1 66 1 7 442362 884724 2980330
 6 81 0 41 1 31 1 12 77083 154166 272511
 7 108 0 67 1 37 1 11 195195 390390 1081676
 8 118 0 82 1 57 1 14 395605 791210 1254673
 9 96 0 60 0 30 1 5 111205 222410 761448
 10 43 1 42 1 36 1 10 47290 94580 199628
 91 2511505
 587 233 220 25978915 72643005
 10
 1 86 1 65 1 57 1 7 230842 461684 1701123
 2 61 1 37 1 32 1 15 43688 87376 235892
 3 39 1 33 1 27 1 11 27412 54824 148135
 4 85 0 33 1 26 1 9 52990 105980 375754
 5 101 0 94 0 42 1 15 312800 625600 2160722
 6 65 1 53 1 46 1 10 137433 274866 487914
 7 76 1 72 1 39 1 18 156581 313162 460953
 8 47 1 42 1 25 1 14 37780 75560 59779
 9 93 1 76 1 60 1 16 367464 734928 1522310
 10 95 1 74 1 51 1 19 234676 469352 1284968
 92 2511605
 587 233 220 19737931 34518250
 10
 1 96 1 82 1 63 1 8 366150 732300 1707594
 2 74 1 63 1 59 1 10 230271 460542 658902
 3 86 0 60 1 43 1 9 177802 355604 260283
 4 90 1 67 1 57 1 11 271321 542642 2096651
 5 97 1 91 1 80 1 15 476109 952218 1267423
 6 116 0 61 0 28 1 6 128282 256564 677308
 7 86 0 41 1 35 1 7 90165 180330 685911
 8 67 0 44 1 26 1 11 61866 123732 253994
 9 115 0 79 0 31 1 9 212570 425140 1655797
 10 62 1 59 1 46 1 7 110681 221362 576099
 93 2511705
 587 233 220 22539535 82745786
 10
 1 78 0 69 1 37 1 5 138853 277706 714523
 2 115 1 90 1 58 1 8 518000 1036000 1030876
 3 68 0 53 0 20 1 9 46540 93080 163376
 4 119 0 71 1 47 1 6 283519 567038 2197572
 5 100 1 82 1 57 1 7 383350 766700 2075469
 6 88 1 76 1 52 1 5 234171 468342 606579
 7 95 0 90 0 43 1 9 304754 609508 2062716
 8 87 1 72 1 62 1 14 326278 652556 2075176
 9 80 1 66 1 47 1 6 165776 331552 1123517
 10 120 1 78 1 67 1 9 485964 971928 3152905
 94 2511805
 587 233 220 25814137 49670960
 10
 1 75 1 73 1 69 1 12 247604 495208 1395724
 2 66 1 56 1 40 1 17 130111 260222 482363
 3 64 1 51 1 41 1 18 110476 220952 232603
 4 90 0 52 1 28 1 17 92867 185734 243751
 5 73 0 33 1 28 1 20 47428 94856 341700
 6 91 1 76 1 60 1 13 297574 595148 493661
 7 54 1 45 1 28 1 11 45498 90996 77541
 8 107 1 81 1 56 1 14 361610 723220 2622885
 9 63 1 53 1 44 1 12 115916 231832 856124
 10 88 1 75 1 50 1 7 229657 459314 1125169
 95 2511905
 587 233 220 18467972 15509945
 10
 1 101 0 69 0 20 1 16 107096 214192 782546
 2 108 0 66 1 54 1 16 338935 677870 1074824
 3 74 0 62 1 33 1 20 106426 212852 534429
 4 69 0 61 1 33 1 20 106610 213220 791639
 5 71 0 64 0 31 1 22 108978 217956 551238
 6 38 1 32 1 30 1 18 26041 52082 86947
 7 108 0 47 1 37 1 14 138980 277960 195238
 8 100 0 41 1 36 1 19 103566 207132 630343
 9 99 0 79 0 39 1 14 196068 392136 252162
 10 83 0 55 0 22 1 22 87792 175584 324631
 96 2512005
 587 233 220 25890740 85532718
 10
 1 64 0 42 1 26 1 18 49980 99960 347444
 2 92 1 58 1 52 1 13 174351 348702 1370019
 3 92 0 85 0 21 1 11 132750 265500 1049670
 4 90 0 49 1 33 1 18 126461 252922 654021
 5 54 1 48 1 34 1 10 63385 126770 261581
 6 95 0 62 1 45 1 14 176513 353026 1265859
 7 72 1 49 1 46 1 13 138702 277404 896610
 8 56 0 42 1 25 1 19 49322 98644 371293
 9 64 0 34 1 26 1 11 39261 78522 276600
 10 113 0 90 1 54 1 22 479727 959454 1623755
 97 2512105
 587 233 220 23713409 49872903
 10
 1 74 0 60 1 32 1 15 90190 180380 666895
 2 100 0 50 1 43 1 13 160798 321596 1020286
 3 95 0 74 1 42 1 16 207228 414456 937415
 4 95 0 70 0 30 1 15 174153 348306 337128
 5 45 1 37 1 24 1 16 28447 56894 115098
 6 67 0 60 0 25 1 14 67752 135504 253503
 7 55 1 51 1 35 1 12 80430 160860 601180
 8 76 1 71 1 61 1 16 239370 478740 339732
 9 119 0 88 1 51 1 11 337678 675356 2046287
 10 98 0 81 0 26 1 14 138921 277842 469207
 98 2512205
 587 233 220 18739641 63522898
 10
 1 106 0 55 1 38 1 14 179111 358222 718853
 2 69 1 50 1 48 1 15 136401 272802 284293
 3 106 1 63 1 57 1 14 259361 518722 1639821
 4 71 1 66 1 51 1 14 162608 325216 1227911
 5 62 1 41 1 36 1 7 69019 138038 110656
 6 75 1 49 1 39 1 9 128011 256022 855718
 7 90 1 64 1 53 1 11 205347 410694 479571
 8 96 1 79 1 55 1 14 351018 702036 446166
 9 83 1 75 1 67 1 9 259621 519242 1658102
 10 58 1 48 1 30 1 9 64616 129232 505859
 99 2512305
 587 233 220 23655075 46533999
 10
 1 51 1 46 1 44 1 26 63250 126500 186650
 2 95 0 92 1 47 1 14 255265 510530 607016
 3 116 0 39 1 23 1 10 86938 173876 121700
 4 51 1 37 1 32 1 14 47494 94988 285919
 5 117 0 44 1 38 1 10 126700 253400 377277
 6 103 1 89 1 73 1 13 410670 821340 1377303
 7 73 1 55 1 54 1 13 169161 338322 474795
 8 116 0 98 0 40 1 8 273887 547774 1272294
 9 62 0 48 0 22 1 12 50597 101194 298394
 10 106 0 38 1 30 1 14 92074 184148 343960
 100 2512405
 587 233 220 22327104 75072473
 10
 1 78 1 49 1 47 1 9 130069 260138 597647
 2 46 1 45 1 43 1 15 77746 155492 252626
 3 98 0 44 1 36 1 13 108890 217780 585012
 4 100 0 89 0 31 1 11 197807 395614 387497
 5 108 0 76 1 47 1 17 246078 492156 1264389
 6 75 0 36 1 28 1 19 47751 95502 179841
 7 108 1 82 1 56 1 16 374534 749068 1331680
 8 45 1 41 1 24 1 19 33795 67590 57880
 9 103 0 48 1 38 1 10 134038 268076 677941
 10 74 1 62 1 46 1 15 144119 288238 568216
