 100
 1 2502505
 587 233 220 24112593 150182424
 1
 1 108 0 76 0 30 1 122 199072 398144
 2 2502605
 587 233 220 24256702 103619952
 1
 1 49 0 25 1 21 1 1169 18573 37146
 3 2502705
 587 233 220 21338793 134934690
 1
 1 97 0 81 0 27 1 141 143854 287708
 4 2502805
 587 233 220 25982121 102663521
 1
 1 113 0 92 0 33 1 87 232603 465206
 5 2502905
 587 233 220 25207945 133757004
 1
 1 88 0 54 1 39 1 162 120766 241532
 6 2503005
 587 233 220 18172008 112221278
 1
 1 86 1 84 1 45 1 92 275681 551362
 7 2503105
 587 233 220 20385089 51887304
 1
 1 118 0 79 1 51 1 63 426169 852338
 8 2503205
 587 233 220 19722127 99953046
 1
 1 75 1 58 1 57 1 121 160601 321202
 9 2503305
 587 233 220 25362506 159616306
 1
 1 90 1 70 1 63 1 75 260410 520820
 10 2503405
 587 233 220 23296578 169797283
 1
 1 68 0 66 0 31 1 216 97686 195372
 11 2503505
 587 233 220 21532323 101361638
 1
 1 74 1 63 1 61 1 105 244772 489544
 12 2503605
 587 233 220 23516204 131768486
 1
 1 95 1 80 1 57 1 69 296376 592752
 13 2503705
 587 233 220 20962040 105465188
 1
 1 52 0 36 1 25 1 642 32883 65766
 14 2503805
 587 233 220 25142975 91298566
 1
 1 68 0 48 1 31 1 297 74366 148732
 15 2503905
 587 233 220 23189915 133093121
 1
 1 100 0 44 1 37 1 184 130823 261646
 16 2504005
 587 233 220 24690875 106949840
 1
 1 43 1 40 1 39 1 448 59066 118132
 17 2504105
 587 233 220 23771159 117919585
 1
 1 72 0 49 1 35 1 243 76700 153400
 18 2504205
 587 233 220 23927438 119095243
 1
 1 104 0 55 1 30 1 175 104678 209356
 19 2504305
 587 233 220 19431644 93991477
 1
 1 60 0 45 1 26 1 428 56019 112038
 20 2504405
 587 233 220 26167955 143793150
 1
 1 97 1 77 1 66 1 61 434555 869110
 21 2504505
 587 233 220 24812638 181996468
 1
 1 109 1 93 1 72 1 41 566479 1132958
 22 2504605
 587 233 220 25245287 195977031
 1
 1 89 1 78 1 50 1 86 255519 511038
 23 2504705
 587 233 220 25424682 181801399
 1
 1 84 0 81 0 23 1 192 97410 194820
 24 2504805
 587 233 220 20021523 114494313
 1
 1 113 0 80 0 29 1 114 164641 329282
 25 2504905
 587 233 220 22679452 61641871
 1
 1 75 0 54 1 35 1 212 105888 211776
 26 2505005
 587 233 220 22508960 148298248
 1
 1 86 0 71 1 41 1 120 224601 449202
 27 2505105
 587 233 220 26369308 142499180
 1
 1 118 0 66 1 47 1 82 250567 501134
 28 2505205
 587 233 220 18789571 76126911
 1
 1 62 1 59 1 52 1 158 116939 233878
 29 2505305
 587 233 220 22708541 155317267
 1
 1 91 1 58 1 57 1 100 226881 453762
 30 2505405
 587 233 220 26673003 77678243
 1
 1 64 0 53 1 32 1 277 70439 140878
 31 2505505
 587 233 220 21391094 109901576
 1
 1 70 1 63 1 49 1 139 179369 358738
 32 2505605
 587 233 220 22221433 63731718
 1
 1 95 0 76 1 44 1 94 279541 559082
 33 2505705
 587 233 220 25864235 191943377
 1
 1 40 1 36 1 21 1 995 26442 52884
 34 2505805
 587 233 220 19530043 86712983
 1
 1 68 0 35 1 27 1 468 43546 87092
 35 2505905
 587 233 220 18351298 75970680
 1
 1 100 0 33 1 31 1 294 88954 177908
 36 2506005
 587 233 220 26590444 203164834
 1
 1 41 1 39 1 26 1 723 28813 57626
 37 2506105
 587 233 220 20377790 134995680
 1
 1 98 0 73 1 44 1 95 204202 408404
 38 2506205
 587 233 220 22165418 102222312
 1
 1 104 0 94 1 50 1 61 306073 612146
 39 2506305
 587 233 220 21618961 59426797
 1
 1 89 1 56 1 45 1 134 158088 316176
 40 2506405
 587 233 220 20338876 78229004
 1
 1 85 1 77 1 62 1 74 276669 553338
 41 2506505
 587 233 220 24654450 90664584
 1
 1 109 1 80 1 68 1 50 475789 951578
 42 2506605
 587 233 220 18370122 119104796
 1
 1 76 1 74 1 50 1 107 229070 458140
 43 2506705
 587 233 220 18391085 133378328
 1
 1 82 1 80 1 71 1 64 418993 837986
 44 2506805
 587 233 220 18860878 87336190
 1
 1 114 0 67 0 25 1 157 117244 234488
 45 2506905
 587 233 220 18395724 56928506
 1
 1 63 0 55 1 31 1 280 90277 180554
 46 2507005
 587 233 220 23538613 185843419
 1
 1 86 0 58 1 36 1 167 122339 244678
 47 2507105
 587 233 220 19998684 105302360
 1
 1 118 0 54 1 42 1 112 199032 398064
 48 2507205
 587 233 220 21439093 133651193
 1
 1 59 1 49 1 48 1 216 107781 215562
 49 2507305
 587 233 220 24603493 62595889
 1
 1 91 0 54 1 45 1 136 157258 314516
 50 2507405
 587 233 220 24269919 178487124
 1
 1 60 1 40 1 32 1 391 65395 130790
 51 2507505
 587 233 220 18509187 67820025
 1
 1 66 1 64 1 36 1 197 110974 221948
 52 2507605
 587 233 220 26112774 109410840
 1
 1 96 0 72 0 31 1 140 189790 379580
 53 2507705
 587 233 220 19789473 156127155
 1
 1 78 0 37 1 27 1 386 68124 136248
 54 2507805
 587 233 220 19780128 132456311
 1
 1 99 0 68 0 23 1 194 105794 211588
 55 2507905
 587 233 220 23406444 138629311
 1
 1 100 0 94 0 28 1 114 189819 379638
 56 2508005
 587 233 220 19100248 97403486
 1
 1 90 0 41 1 34 1 239 86130 172260
 57 2508105
 587 233 220 21234698 101164906
 1
 1 85 0 73 1 40 1 121 199260 398520
 58 2508205
 587 233 220 20841437 141479644
 1
 1 105 0 81 1 46 1 76 253142 506284
 59 2508305
 587 233 220 19998930 101119320
 1
 1 76 1 52 1 46 1 165 130797 261594
 60 2508405
 587 233 220 24002726 85481576
 1
 1 78 1 72 1 58 1 92 210287 420574
 61 2508505
 587 233 220 20505454 139967634
 1
 1 109 1 68 1 64 1 63 293805 587610
 62 2508605
 587 233 220 22575008 106486408
 1
 1 70 1 63 1 50 1 136 170984 341968
 63 2508705
 587 233 220 26333173 207248481
 1
 1 82 1 76 1 59 1 81 294864 589728
 64 2508805
 587 233 220 18730675 123342374
 1
 1 114 0 54 0 20 1 244 87909 175818
 65 2508905
 587 233 220 21034251 126047553
 1
 1 55 0 50 1 26 1 420 58877 117754
 66 2509005
 587 233 220 23704933 69664872
 1
 1 87 0 45 1 32 1 240 112607 225214
 67 2509105
 587 233 220 24569401 136439692
 1
 1 119 0 41 1 38 1 162 131420 262840
 68 2509205
 587 233 220 23931246 127435524
 1
 1 60 1 44 1 36 1 316 81959 163918
 69 2509305
 587 233 220 23842874 78813685
 1
 1 91 0 50 1 32 1 206 120746 241492
 70 2509405
 587 233 220 22332428 129219055
 1
 1 56 0 32 1 28 1 599 31506 63012
 71 2509505
 587 233 220 26663140 134255509
 1
 1 99 1 64 1 62 1 76 244196 488392
 72 2509605
 587 233 220 19924001 150338221
 1
 1 96 1 95 1 68 1 48 450675 901350
 73 2509705
 587 233 220 19006868 75262534
 1
 1 90 0 73 1 37 1 123 210155 420310
 74 2509805
 587 233 220 22029864 62031322
 1
 1 86 1 79 1 69 1 64 395128 790256
 75 2509905
 587 233 220 19771641 111795007
 1
 1 101 0 81 0 24 1 153 133222 266444
 76 2510005
 587 233 220 22198288 75442093
 1
 1 77 0 42 1 30 1 310 62995 125990
 77 2510105
 587 233 220 24751995 127096923
 1
 1 73 0 73 0 36 1 156 122002 244004
 78 2510205
 587 233 220 18163467 76971030
 1
 1 105 0 68 1 42 1 100 244932 489864
 79 2510305
 587 233 220 22748841 112793547
 1
 1 64 1 48 1 46 1 212 121301 242602
 80 2510405
 587 233 220 18454863 124234511
 1
 1 78 1 59 1 54 1 121 203639 407278
 81 2510505
 587 233 220 25486900 155521747
 1
 1 110 0 60 1 55 1 82 280898 561796
 82 2510605
 587 233 220 26196591 69941685
 1
 1 65 1 51 1 50 1 181 129348 258696
 83 2510705
 587 233 220 21519632 56773271
 1
 1 83 1 71 1 46 1 110 235947 471894
 84 2510805
 587 233 220 21125627 168654713
 1
 1 114 0 77 1 42 1 81 225324 450648
 85 2510905
 587 233 220 26785411 177933174
 1
 1 55 0 37 1 22 1 672 34450 68900
 86 2511005
 587 233 220 19094920 103410948
 1
 1 87 0 33 1 28 1 374 48303 96606
 87 2511105
 587 233 220 18055746 113485299
 1
 1 119 0 34 1 28 1 265 78204 156408
 88 2511205
 587 233 220 25863294 166893715
 1
 1 100 0 60 1 40 1 125 180242 360484
 89 2511305
 587 233 220 21006185 84083288
 1
 1 95 0 92 0 46 1 74 259826 519652
 90 2511405
 587 233 220 23446431 151120251
 1
 1 91 0 52 1 33 1 192 109827 219654
 91 2511505
 587 233 220 26666640 144318701
 1
 1 86 1 65 1 57 1 94 220730 441460
 92 2511605
 587 233 220 23963810 64704366
 1
 1 96 1 82 1 63 1 60 411367 822734
 93 2511705
 587 233 220 21891798 96465634
 1
 1 78 0 69 1 37 1 151 131025 262050
 94 2511805
 587 233 220 18404251 120905826
 1
 1 75 1 73 1 69 1 79 241082 482164
 95 2511905
 587 233 220 19491618 54565916
 1
 1 101 0 69 0 20 1 215 108677 217354
 96 2512005
 587 233 220 24872541 187327091
 1
 1 64 0 42 1 26 1 430 48652 97304
 97 2512105
 587 233 220 20548992 121002418
 1
 1 74 0 60 1 32 1 211 94235 188470
 98 2512205
 587 233 220 21731639 155800908
 1
 1 106 0 55 1 38 1 135 194686 389372
 99 2512305
 587 233 220 21087770 83913166
 1
 1 51 1 46 1 44 1 291 67464 134928
 100 2512405
 587 233 220 19185552 94447219
 1
 1 78 1 49 1 47 1 167 154415 308830
