 100
 1 2502505
 587 233 220 22788672 128695215
 3
 1 108 0 76 0 30 1 40 213767 427534
 2 110 0 43 1 25 1 33 102390 204780
 3 92 1 81 1 55 1 39 347987 695974
 2 2502605
 587 233 220 21873937 167035965
 3
 1 49 0 25 1 21 1 41 17257 34514
 2 60 1 51 1 41 1 53 92348 184696
 3 103 1 76 1 64 1 44 373512 747024
 3 2502705
 587 233 220 23940459 184422568
 3
 1 97 0 81 0 27 1 41 178765 357530
 2 102 0 78 0 39 1 42 267676 535352
 3 113 0 46 1 36 1 44 118467 236934
 4 2502805
 587 233 220 19028356 133668573
 3
 1 113 0 92 0 33 1 67 259689 519378
 2 52 1 37 1 28 1 60 43028 86056
 3 57 1 33 1 29 1 70 42393 84786
 5 2502905
 587 233 220 18103047 62827230
 3
 1 88 0 54 1 39 1 51 144033 288066
 2 94 0 54 1 36 1 38 159460 318920
 3 87 0 77 1 43 1 47 238501 477002
 6 2503005
 587 233 220 23866988 143772346
 3
 1 86 1 84 1 45 1 56 239039 478078
 2 81 0 45 1 34 1 56 86284 172568
 3 70 1 54 1 37 1 35 84803 169606
 7 2503105
 587 233 220 25092330 136485297
 3
 1 118 0 79 1 51 1 37 310521 621042
 2 86 0 32 1 31 1 44 72273 144546
 3 64 1 58 1 52 1 45 128403 256806
 8 2503205
 587 233 220 25977989 139164686
 3
 1 75 1 58 1 57 1 58 184748 369496
 2 57 1 37 1 30 1 66 47234 94468
 3 79 0 74 0 35 1 56 143140 286280
 9 2503305
 587 233 220 23111951 163992843
 3
 1 90 1 70 1 63 1 29 244767 489534
 2 84 0 78 0 28 1 32 132618 265236
 3 94 0 85 0 39 1 40 206515 413030
 10 2503405
 587 233 220 21287436 79770183
 3
 1 68 0 66 0 31 1 44 102470 204940
 2 120 0 34 1 26 1 41 75177 150354
 3 95 1 76 1 60 1 45 341902 683804
 11 2503505
 587 233 220 20263057 57659913
 3
 1 74 1 63 1 61 1 33 246659 493318
 2 71 0 60 0 25 1 36 77484 154968
 3 106 1 80 1 59 1 33 387684 775368
 12 2503605
 587 233 220 21623337 73316464
 3
 1 95 1 80 1 57 1 38 265299 530598
 2 112 0 87 0 23 1 29 162065 324130
 3 116 0 41 1 40 1 37 138871 277742
 13 2503705
 587 233 220 22245484 146381160
 3
 1 52 0 36 1 25 1 112 41982 83964
 2 63 0 37 1 21 1 76 37371 74742
 3 100 0 61 1 36 1 96 141686 283372
 14 2503805
 587 233 220 22970975 98512227
 3
 1 68 0 48 1 31 1 45 84232 168464
 2 104 1 80 1 63 1 41 376697 753394
 3 82 0 46 0 21 1 46 53864 107728
 15 2503905
 587 233 220 24900138 196412962
 3
 1 100 0 44 1 37 1 32 107781 215562
 2 90 1 78 1 55 1 49 326684 653368
 3 65 1 57 1 42 1 38 102567 205134
 16 2504005
 587 233 220 20617958 81977120
 3
 1 43 1 40 1 39 1 49 43864 87728
 2 97 0 76 1 40 1 51 194161 388322
 3 67 1 63 1 47 1 59 168703 337406
 17 2504105
 587 233 220 24617004 160484302
 3
 1 72 0 49 1 35 1 72 98731 197462
 2 75 1 66 1 47 1 76 189115 378230
 3 78 0 30 1 22 1 65 38626 77252
 18 2504205
 587 233 220 24290237 184042807
 3
 1 104 0 55 1 30 1 25 134221 268442
 2 92 1 89 1 73 1 24 451463 902926
 3 88 0 88 0 43 1 33 207057 414114
 19 2504305
 587 233 220 23833685 117495098
 3
 1 60 0 45 1 26 1 40 43592 87184
 2 71 1 43 1 39 1 40 71602 143204
 3 99 1 71 1 64 1 50 344013 688026
 20 2504405
 587 233 220 21248598 85038405
 3
 1 97 1 77 1 66 1 28 368199 736398
 2 81 1 69 1 69 1 32 323707 647414
 3 109 0 53 0 24 1 28 116811 233622
 21 2504505
 587 233 220 21607272 119046575
 3
 1 109 1 93 1 72 1 27 546903 1093806
 2 95 0 67 0 32 1 26 177302 354604
 3 119 0 45 1 36 1 26 149375 298750
 22 2504605
 587 233 220 20166710 79901364
 3
 1 89 1 78 1 50 1 29 257120 514240
 2 73 1 65 1 46 1 51 132783 265566
 3 94 0 66 1 39 1 36 207558 415116
 23 2504705
 587 233 220 19466216 120946929
 3
 1 84 0 81 0 23 1 50 120891 241782
 2 115 1 72 1 64 1 34 460890 921780
 3 77 0 49 1 25 1 44 70538 141076
 24 2504805
 587 233 220 19748768 155681095
 3
 1 113 0 80 0 29 1 35 205398 410796
 2 98 1 65 1 62 1 34 290958 581916
 3 60 1 59 1 46 1 45 101805 203610
 25 2504905
 587 233 220 25833206 150782697
 3
 1 75 0 54 1 35 1 47 89423 178846
 2 107 0 60 1 49 1 45 271035 542070
 3 70 1 67 1 42 1 47 135122 270244
 26 2505005
 587 233 220 22472826 57060266
 3
 1 86 0 71 1 41 1 46 156913 313826
 2 75 1 58 1 58 1 41 214903 429806
 3 100 0 81 0 27 1 37 162283 324566
 27 2505105
 587 233 220 25741450 150066035
 3
 1 118 0 66 1 47 1 39 227940 455880
 2 99 0 56 0 25 1 34 107253 214506
 3 91 1 83 1 48 1 30 232768 465536
 28 2505205
 587 233 220 25749154 195552306
 3
 1 62 1 59 1 52 1 32 167891 335782
 2 54 1 52 1 50 1 39 119216 238432
 3 102 1 69 1 65 1 40 403241 806482
 29 2505305
 587 233 220 19184928 68543551
 3
 1 91 1 58 1 57 1 40 215776 431552
 2 92 1 78 1 53 1 33 291935 583870
 3 112 0 48 1 28 1 36 132978 265956
 30 2505405
 587 233 220 26939891 145883454
 3
 1 64 0 53 1 32 1 154 81920 163840
 2 51 1 42 1 28 1 117 38739 77478
 3 49 1 32 1 30 1 134 35806 71612
 31 2505505
 587 233 220 26596482 136065450
 3
 1 70 1 63 1 49 1 45 179226 358452
 2 84 1 54 1 49 1 42 165110 330220
 3 89 0 70 1 42 1 42 170928 341856
 32 2505605
 587 233 220 27026116 114751746
 3
 1 95 0 76 1 44 1 57 209638 419276
 2 81 0 47 1 34 1 58 96604 193208
 3 71 0 52 1 30 1 40 73641 147282
 33 2505705
 587 233 220 21630600 156595591
 3
 1 40 1 36 1 21 1 84 26299 52598
 2 76 0 45 1 31 1 103 84071 168142
 3 63 1 54 1 51 1 95 125840 251680
 34 2505805
 587 233 220 24174306 120335253
 3
 1 68 0 35 1 27 1 47 54656 109312
 2 118 0 57 1 43 1 54 217154 434308
 3 73 0 72 0 36 1 59 146515 293030
 35 2505905
 587 233 220 23287760 183744336
 3
 1 100 0 33 1 31 1 46 81500 163000
 2 84 0 68 1 42 1 58 200779 401558
 3 95 0 84 0 31 1 46 171933 343866
 36 2506005
 587 233 220 23437584 167125317
 3
 1 41 1 39 1 26 1 57 25902 51804
 2 110 0 40 1 34 1 70 125442 250884
 3 94 1 77 1 52 1 45 230682 461364
 37 2506105
 587 233 220 20304863 73717758
 3
 1 98 0 73 1 44 1 25 247527 495054
 2 60 1 60 1 38 1 37 92899 185798
 3 105 1 73 1 60 1 37 348709 697418
 38 2506205
 587 233 220 23545936 103292183
 3
 1 104 0 94 1 50 1 34 314286 628572
 2 102 0 87 0 36 1 25 211796 423592
 3 115 0 42 1 33 1 34 118511 237022
 39 2506305
 587 233 220 22473058 128057894
 3
 1 89 1 56 1 45 1 97 200115 400230
 2 53 1 37 1 34 1 69 46543 93086
 3 54 0 35 1 25 1 77 32753 65506
 40 2506405
 587 233 220 20018409 140963996
 3
 1 85 1 77 1 62 1 28 302447 604894
 2 94 0 63 1 32 1 39 142848 285696
 3 83 1 75 1 45 1 40 208319 416638
 41 2506505
 587 233 220 22736052 86817588
 3
 1 109 1 80 1 68 1 35 469952 939904
 2 90 0 45 1 31 1 37 86689 173378
 3 66 1 56 1 34 1 37 104537 209074
 42 2506605
 587 233 220 25491569 157305634
 3
 1 76 1 74 1 50 1 50 185903 371806
 2 86 0 40 1 29 1 61 80950 161900
 3 66 1 55 1 48 1 57 129406 258812
 43 2506705
 587 233 220 22472265 142866827
 3
 1 82 1 80 1 71 1 35 352835 705670
 2 66 0 37 1 27 1 49 41485 82970
 3 77 0 76 0 31 1 57 153760 307520
 44 2506805
 587 233 220 20007139 121510942
 3
 1 114 0 67 0 25 1 61 121322 242644
 2 92 0 79 0 25 1 44 140079 280158
 3 89 0 87 0 36 1 37 178639 357278
 45 2506905
 587 233 220 25518573 186378508
 3
 1 63 0 55 1 31 1 51 88894 177788
 2 120 0 43 1 23 1 39 98273 196546
 3 97 1 72 1 57 1 50 260695 521390
 46 2507005
 587 233 220 25015629 103702655
 3
 1 86 0 58 1 36 1 37 135038 270076
 2 71 0 69 0 22 1 37 70154 140308
 3 108 0 78 1 54 1 42 374240 748480
 47 2507105
 587 233 220 22214985 153967042
 3
 1 118 0 54 1 42 1 51 201188 402376
 2 112 0 95 0 20 1 41 152132 304264
 3 118 0 38 1 37 1 45 106850 213700
 48 2507205
 587 233 220 20992097 65112926
 3
 1 59 1 49 1 48 1 43 103155 206310
 2 79 1 63 1 46 1 54 181510 363020
 3 95 0 58 1 38 1 56 175313 350626
 49 2507305
 587 233 220 19879589 138153755
 3
 1 91 0 54 1 45 1 32 140518 281036
 2 105 1 77 1 72 1 24 378431 756862
 3 79 1 78 1 48 1 30 256627 513254
 50 2507405
 587 233 220 20833886 99302068
 3
 1 60 1 40 1 32 1 64 51620 103240
 2 98 1 75 1 55 1 40 266925 533850
 3 60 1 59 1 39 1 64 100051 200102
 51 2507505
 587 233 220 20079431 136716992
 3
 1 66 1 64 1 36 1 47 99857 199714
 2 97 1 73 1 49 1 49 216555 433110
 3 69 1 60 1 43 1 33 129199 258398
 52 2507605
 587 233 220 22701759 62645328
 3
 1 96 0 72 0 31 1 61 185153 370306
 2 75 1 72 1 47 1 56 193620 387240
 3 80 0 25 1 20 1 70 29730 59460
 53 2507705
 587 233 220 25175917 100749284
 3
 1 78 0 37 1 27 1 63 59343 118686
 2 89 0 70 0 25 1 52 110081 220162
 3 90 0 84 0 41 1 55 241441 482882
 54 2507805
 587 233 220 19524887 100694354
 3
 1 99 0 68 0 23 1 54 134988 269976
 2 68 1 52 1 40 1 53 89893 179786
 3 101 1 66 1 61 1 35 297526 595052
 55 2507905
 587 233 220 26935293 108735603
 3
 1 100 0 94 0 28 1 40 218303 436606
 2 81 1 78 1 66 1 36 323904 647808
 3 111 0 49 0 21 1 38 72467 144934
 56 2508005
 587 233 220 26489791 126974768
 3
 1 90 0 41 1 34 1 133 112567 225134
 2 64 0 32 1 28 1 131 46471 92942
 3 42 1 31 1 31 1 144 33948 67896
 57 2508105
 587 233 220 20420909 157354265
 3
 1 85 0 73 1 40 1 39 207255 414510
 2 73 1 62 1 54 1 42 161703 323406
 3 90 0 63 1 41 1 43 164138 328276
 58 2508205
 587 233 220 26784310 158051100
 3
 1 105 0 81 1 46 1 38 316916 633832
 2 115 1 81 1 61 1 22 438576 877152
 3 72 0 51 0 23 1 32 74807 149614
 59 2508305
 587 233 220 18401388 97050897
 3
 1 76 1 52 1 46 1 74 133991 267982
 2 66 0 59 1 31 1 52 72781 145562
 3 62 1 55 1 44 1 69 97260 194520
 60 2508405
 587 233 220 23136934 70856699
 3
 1 78 1 72 1 58 1 36 290799 581598
 2 107 1 57 1 57 1 37 275925 551850
 3 72 1 64 1 37 1 32 107145 214290
 61 2508505
 587 233 220 24693209 184261329
 3
 1 109 1 68 1 64 1 28 366377 732754
 2 84 1 58 1 55 1 31 171509 343018
 3 96 0 83 0 24 1 42 124680 249360
 62 2508605
 587 233 220 18599407 96194594
 3
 1 70 1 63 1 50 1 33 149281 298562
 2 100 0 53 1 34 1 39 148142 296284
 3 93 0 78 1 45 1 48 205505 411010
 63 2508705
 587 233 220 22054013 170307020
 3
 1 82 1 76 1 59 1 32 275053 550106
 2 60 1 51 1 50 1 29 98560 197120
 3 104 1 66 1 61 1 33 329914 659828
 64 2508805
 587 233 220 18238006 106116647
 3
 1 114 0 54 0 20 1 42 79536 159072
 2 92 1 87 1 50 1 46 241880 483760
 3 114 0 43 1 26 1 51 77483 154966
 65 2508905
 587 233 220 22121285 116438821
 3
 1 55 0 50 1 26 1 160 61438 122876
 2 48 1 42 1 37 1 167 47160 94320
 3 47 1 34 1 26 1 149 27170 54340
 66 2509005
 587 233 220 24126949 89308746
 3
 1 87 0 45 1 32 1 47 90747 181494
 2 84 1 63 1 46 1 52 167808 335616
 3 84 1 67 1 44 1 46 184126 368252
 67 2509105
 587 233 220 25654396 109609669
 3
 1 119 0 41 1 38 1 57 130281 260562
 2 90 0 44 1 35 1 79 110547 221094
 3 67 0 55 0 27 1 85 59831 119662
 68 2509205
 587 233 220 26554545 114960250
 3
 1 60 1 44 1 36 1 74 71256 142512
 2 76 1 42 1 40 1 81 93918 187836
 3 65 1 49 1 48 1 83 137572 275144
 69 2509305
 587 233 220 21398075 119971183
 3
 1 91 0 50 1 32 1 52 106357 212714
 2 118 0 66 1 40 1 48 218087 436174
 3 75 0 69 0 32 1 44 147196 294392
 70 2509405
 587 233 220 23925496 191301845
 3
 1 56 0 32 1 28 1 46 43078 86156
 2 92 0 68 1 39 1 69 167532 335064
 3 90 0 86 0 29 1 48 149880 299760
 71 2509505
 587 233 220 25035785 90595861
 3
 1 99 1 64 1 62 1 38 235993 471986
 2 110 0 43 1 37 1 30 122923 245846
 3 96 1 73 1 50 1 28 289331 578662
 72 2509605
 587 233 220 20034467 96570525
 3
 1 96 1 95 1 68 1 28 451565 903130
 2 69 1 61 1 35 1 24 100954 201908
 3 107 1 70 1 55 1 22 274959 549918
 73 2509705
 587 233 220 23042372 180810160
 3
 1 90 0 73 1 37 1 44 194104 388208
 2 102 0 95 0 33 1 44 276036 552072
 3 117 0 38 1 30 1 39 119051 238102
 74 2509805
 587 233 220 22058359 172545340
 3
 1 86 1 79 1 69 1 38 346453 692906
 2 53 1 46 1 31 1 47 53331 106662
 3 96 0 51 1 37 1 47 115304 230608
 75 2509905
 587 233 220 22033549 125484391
 3
 1 101 0 81 0 24 1 50 152788 305576
 2 94 0 72 0 29 1 43 171947 343894
 3 79 1 72 1 47 1 44 173096 346192
 76 2510005
 587 233 220 23346688 167028528
 3
 1 77 0 42 1 30 1 89 70697 141394
 2 98 0 45 1 28 1 95 75946 151892
 3 61 1 58 1 32 1 85 82298 164596
 77 2510105
 587 233 220 21486596 55887476
 3
 1 73 0 73 0 36 1 74 119745 239490
 2 87 0 49 1 26 1 67 85258 170516
 3 68 1 53 1 44 1 53 140538 281076
 78 2510205
 587 233 220 26135810 164008620
 3
 1 105 0 68 1 42 1 61 260701 521402
 2 75 0 37 1 24 1 53 56593 113186
 3 79 0 73 0 26 1 55 110764 221528
 79 2510305
 587 233 220 22011115 119727235
 3
 1 64 1 48 1 46 1 79 85568 171136
 2 79 0 25 1 22 1 55 33188 66376
 3 89 0 85 0 33 1 66 223242 446484
 80 2510405
 587 233 220 22292642 77581052
 3
 1 78 1 59 1 54 1 40 164184 328368
 2 120 0 52 0 20 1 57 82321 164642
 3 100 1 67 1 54 1 36 284103 568206
 81 2510505
 587 233 220 20599152 105030501
 3
 1 110 0 60 1 55 1 23 291829 583658
 2 80 1 78 1 71 1 28 302453 604906
 3 110 0 75 1 50 1 22 336689 673378
 82 2510605
 587 233 220 22552447 159330647
 3
 1 65 1 51 1 50 1 51 147849 295698
 2 113 0 78 0 28 1 56 167428 334856
 3 120 0 35 1 32 1 57 110924 221848
 83 2510705
 587 233 220 21640819 155459926
 3
 1 83 1 71 1 46 1 43 229668 459336
 2 76 1 63 1 54 1 46 230002 460004
 3 91 0 56 1 40 1 31 140678 281356
 84 2510805
 587 233 220 22197006 174655915
 3
 1 114 0 77 1 42 1 31 269013 538026
 2 105 1 81 1 74 1 23 560673 1121346
 3 76 1 73 1 50 1 15 172729 345458
 85 2510905
 587 233 220 21840771 174532779
 3
 1 55 0 37 1 22 1 117 38857 77714
 2 72 0 55 1 31 1 103 90405 180810
 3 61 1 56 1 36 1 99 83756 167512
 86 2511005
 587 233 220 23488037 77894493
 3
 1 87 0 33 1 28 1 60 68276 136552
 2 97 1 70 1 57 1 44 248896 497792
 3 71 1 57 1 38 1 52 129203 258406
 87 2511105
 587 233 220 22851394 100473858
 3
 1 119 0 34 1 28 1 39 68774 137548
 2 84 1 69 1 48 1 32 187525 375050
 3 97 1 82 1 78 1 27 397152 794304
 88 2511205
 587 233 220 23069599 73610456
 3
 1 100 0 60 1 40 1 45 169303 338606
 2 89 0 67 1 34 1 44 161912 323824
 3 92 0 80 0 38 1 37 227353 454706
 89 2511305
 587 233 220 23893192 168244507
 3
 1 95 0 92 0 46 1 32 289027 578054
 2 65 1 60 1 40 1 32 132774 265548
 3 103 1 62 1 59 1 32 240132 480264
 90 2511405
 587 233 220 18093966 130350795
 3
 1 91 0 52 1 33 1 30 103715 207430
 2 87 1 81 1 63 1 26 381446 762892
 3 113 0 79 1 45 1 34 277370 554740
 91 2511505
 587 233 220 19761881 112352961
 3
 1 86 1 65 1 57 1 66 258252 516504
 2 61 1 37 1 32 1 80 45225 90450
 3 39 1 33 1 27 1 92 25203 50406
 92 2511605
 587 233 220 26466874 176274694
 3
 1 96 1 82 1 63 1 32 314774 629548
 2 74 1 63 1 59 1 33 186985 373970
 3 86 0 60 1 43 1 23 149880 299760
 93 2511705
 587 233 220 22518715 176757371
 3
 1 78 0 69 1 37 1 26 143383 286766
 2 115 1 90 1 58 1 37 379577 759154
 3 68 0 53 0 20 1 37 52596 105192
 94 2511805
 587 233 220 19880015 115099554
 3
 1 75 1 73 1 69 1 46 298047 596094
 2 66 1 56 1 40 1 55 126294 252588
 3 64 1 51 1 41 1 32 84686 169372
 95 2511905
 587 233 220 23256328 110235209
 3
 1 101 0 69 0 20 1 50 123507 247014
 2 108 0 66 1 54 1 40 309117 618234
 3 74 0 62 1 33 1 49 126969 253938
 96 2512005
 587 233 220 21959037 172883833
 3
 1 64 0 42 1 26 1 62 56653 113306
 2 92 1 58 1 52 1 53 248475 496950
 3 92 0 85 0 21 1 67 129140 258280
 97 2512105
 587 233 220 19369533 147906350
 3
 1 74 0 60 1 32 1 48 118514 237028
 2 100 0 50 1 43 1 50 137622 275244
 3 95 0 74 1 42 1 42 213276 426552
 98 2512205
 587 233 220 18357193 140338720
 3
 1 106 0 55 1 38 1 46 185713 371426
 2 69 1 50 1 48 1 42 145005 290010
 3 106 1 63 1 57 1 34 234894 469788
 99 2512305
 587 233 220 23126304 103679655
 3
 1 51 1 46 1 44 1 64 74253 148506
 2 95 0 92 1 47 1 46 266430 532860
 3 116 0 39 1 23 1 44 89605 179210
 100 2512405
 587 233 220 21083493 95232871
 3
 1 78 1 49 1 47 1 70 145111 290222
 2 46 1 45 1 43 1 75 67943 135886
 3 98 0 44 1 36 1 69 123892 247784
