100
 1 2502505
 587 233 220 23445458 112461343
 10
 1 108 0 76 0 30 1 20 192554 385108
 2 110 0 43 1 25 1 11 87704 175408
 3 92 1 81 1 55 1 9 289037 578074
 4 81 0 33 1 28 1 9 50208 100416
 5 120 1 99 1 73 1 9 554720 1109440
 6 111 0 70 1 48 1 13 239671 479342
 7 98 0 72 1 46 1 4 223835 447670
 8 95 0 66 0 31 1 12 126071 252142
 9 85 0 84 0 30 1 9 150448 300896
 10 71 0 32 1 25 1 10 37303 74606
 2 2502605
 587 233 220 22290775 151338389
 10
 1 49 0 25 1 21 1 13 21232 42464
 2 60 1 51 1 41 1 9 94924 189848
 3 103 1 76 1 64 1 11 363354 726708
 4 95 1 70 1 62 1 14 301497 602994
 5 111 0 49 1 26 1 13 99773 199546
 6 85 1 84 1 72 1 16 418294 836588
 7 48 1 36 1 31 1 12 43407 86814
 8 86 0 76 0 38 1 11 190064 380128
 9 71 1 48 1 47 1 16 122768 245536
 10 90 0 43 1 33 1 8 83686 167372
 3 2502705
 587 233 220 26479174 79033379
 10
 1 97 0 81 0 27 1 8 137377 274754
 2 102 0 78 0 39 1 16 249076 498152
 3 113 0 46 1 36 1 12 142407 284814
 4 66 1 50 1 42 1 12 111764 223528
 5 101 0 30 1 26 1 18 60485 120970
 6 100 0 56 1 35 1 13 141592 283184
 7 91 0 50 1 40 1 14 133133 266266
 8 106 1 61 1 56 1 17 243267 486534
 9 103 1 63 1 58 1 12 313441 626882
 10 75 1 57 1 41 1 13 157075 314150
 4 2502805
 587 233 220 26844218 127254973
 10
 1 113 0 92 0 33 1 15 264606 529212
 2 52 1 37 1 28 1 17 34105 68210
 3 57 1 33 1 29 1 17 37175 74350
 4 99 0 37 1 30 1 19 72740 145480
 5 92 0 64 1 33 1 13 163562 327124
 6 119 0 59 1 39 1 19 202256 404512
 7 54 1 52 1 49 1 13 84467 168934
 8 75 0 45 1 35 1 21 85681 171362
 9 79 1 68 1 44 1 13 192871 385742
 10 116 0 49 1 47 1 22 214622 429244
 5 2502905
 587 233 220 22852785 81621124
 10
 1 88 0 54 1 39 1 12 158714 317428
 2 94 0 54 1 36 1 12 122648 245296
 3 87 0 77 1 43 1 17 233448 466896
 4 100 1 80 1 72 1 15 503359 1006718
 5 83 0 40 1 36 1 18 101749 203498
 6 91 0 54 0 22 1 7 85019 170038
 7 109 0 58 1 54 1 10 241971 483942
 8 94 0 55 1 30 1 13 134257 268514
 9 34 1 32 1 31 1 18 28265 56530
 10 83 1 80 1 57 1 8 331051 662102
 6 2503005
 587 233 220 25501880 177154468
 10
 1 86 1 84 1 45 1 18 220022 440044
 2 81 0 45 1 34 1 19 101047 202094
 3 70 1 54 1 37 1 13 118906 237812
 4 71 1 61 1 52 1 16 148270 296540
 5 78 1 73 1 40 1 10 199711 399422
 6 69 1 63 1 46 1 13 148986 297972
 7 72 1 67 1 56 1 10 171196 342392
 8 75 0 75 0 36 1 8 126963 253926
 9 94 1 88 1 50 1 12 289884 579768
 10 65 1 51 1 50 1 13 111930 223860
 7 2503105
 587 233 220 26797873 117893979
 10
 1 118 0 79 1 51 1 16 344710 689420
 2 86 0 32 1 31 1 8 62693 125386
 3 64 1 58 1 52 1 14 144908 289816
 4 42 1 42 1 32 1 14 44630 89260
 5 64 1 55 1 43 1 16 129357 258714
 6 84 0 70 0 35 1 10 171152 342304
 7 76 0 57 1 36 1 14 104220 208440
 8 95 1 60 1 55 1 14 230361 460722
 9 80 1 66 1 52 1 14 182774 365548
 10 109 0 73 0 23 1 18 119062 238124
 8 2503205
 587 233 220 25454928 171740690
 10
 1 75 1 58 1 57 1 8 174406 348812
 2 57 1 37 1 30 1 11 39176 78352
 3 79 0 74 0 35 1 14 144515 289030
 4 104 1 99 1 74 1 8 457623 915246
 5 55 1 46 1 31 1 11 65639 131278
 6 99 0 98 0 33 1 15 252999 505998
 7 90 1 85 1 59 1 9 301821 603642
 8 115 0 74 1 44 1 7 283762 567524
 9 107 0 67 0 21 1 11 117727 235454
 10 81 1 76 1 55 1 13 278388 556776
 9 2503305
 587 233 220 24913050 160635067
 10
 1 90 1 70 1 63 1 4 345927 691854
 2 84 0 78 0 28 1 15 161337 322674
 3 94 0 85 0 39 1 16 223316 446632
 4 80 1 76 1 54 1 16 294908 589816
 5 69 1 50 1 45 1 10 105645 211290
 6 70 1 57 1 37 1 17 121160 242320
 7 94 1 61 1 54 1 15 266400 532800
 8 92 0 44 1 29 1 20 102045 204090
 9 72 1 53 1 37 1 13 106770 213540
 10 89 0 43 1 27 1 23 88895 177790
 10 2503405
 587 233 220 18493606 98540355
 10
 1 68 0 66 0 31 1 11 84632 169264
 2 120 0 34 1 26 1 14 90278 180556
 3 95 1 76 1 60 1 17 299195 598390
 4 61 1 47 1 34 1 12 87151 174302
 5 53 1 45 1 36 1 11 69968 139936
 6 80 1 52 1 42 1 12 124436 248872
 7 109 0 63 0 28 1 11 152353 304706
 8 74 0 64 1 35 1 12 106657 213314
 9 53 1 40 1 36 1 16 66746 133492
 10 102 1 96 1 59 1 17 449954 899908
 11 2503505
 587 233 220 25235716 126900191
 10
 1 74 1 63 1 61 1 13 227979 455958
 2 71 0 60 0 25 1 12 72134 144268
 3 106 1 80 1 59 1 11 318862 637724
 4 109 0 76 1 42 1 6 272315 544630
 5 118 0 56 0 22 1 15 122314 244628
 6 105 0 67 1 43 1 17 262281 524562
 7 72 1 65 1 37 1 14 104285 208570
 8 84 1 59 1 54 1 19 173209 346418
 9 91 0 69 0 26 1 13 142365 284730
 10 69 0 31 1 28 1 6 39292 78584
 12 2503605
 587 233 220 23537229 135264288
 10
 1 95 1 80 1 57 1 8 304660 609320
 2 112 0 87 0 23 1 15 137199 274398
 3 116 0 41 1 40 1 12 139459 278918
 4 98 1 80 1 56 1 15 386012 772024
 5 108 1 60 1 59 1 8 330707 661414
 6 82 1 77 1 67 1 9 338905 677810
 7 67 1 46 1 36 1 8 97909 195818
 8 104 0 72 1 44 1 11 228266 456532
 9 89 0 56 0 24 1 17 106455 212910
 10 64 1 36 1 36 1 11 53737 107474
 13 2503705
 587 233 220 19795383 107940908
 10
 1 52 0 36 1 25 1 27 33719 67438
 2 63 0 37 1 21 1 13 36160 72320
 3 100 0 61 1 36 1 16 161209 322418
 4 79 0 52 1 36 1 18 95230 190460
 5 99 0 63 1 36 1 13 189174 378348
 6 97 0 49 1 30 1 12 117521 235042
 7 90 1 69 1 55 1 16 291294 582588
 8 91 0 33 1 28 1 14 69643 139286
 9 111 0 76 1 41 1 24 297635 595270
 10 95 0 44 1 35 1 16 125659 251318
 14 2503805
 587 233 220 19873861 56533166
 10
 1 68 0 48 1 31 1 10 80494 160988
 2 104 1 80 1 63 1 16 319229 638458
 3 82 0 46 0 21 1 8 49646 99292
 4 114 1 78 1 60 1 7 339659 679318
 5 90 1 74 1 66 1 11 361454 722908
 6 112 0 54 1 36 1 9 155513 311026
 7 71 1 64 1 54 1 8 203109 406218
 8 74 0 53 1 33 1 12 87339 174678
 9 75 1 62 1 57 1 12 201013 402026
 10 68 1 62 1 52 1 12 151344 302688
 15 2503905
 587 233 220 19296533 124832542
 10
 1 100 0 44 1 37 1 6 135470 270940
 2 90 1 78 1 55 1 10 313222 626444
 3 65 1 57 1 42 1 9 112898 225796
 4 85 0 58 1 41 1 9 133765 267530
 5 81 1 69 1 50 1 10 189229 378458
 6 84 1 78 1 51 1 12 246357 492714
 7 109 1 73 1 73 1 16 496292 992584
 8 73 1 58 1 52 1 9 170717 341434
 9 73 1 49 1 40 1 11 125143 250286
 10 120 0 60 1 39 1 8 188012 376024
 16 2504005
 587 233 220 25664188 197578659
 10
 1 43 1 40 1 39 1 16 41265 82530
 2 97 0 76 1 40 1 13 202586 405172
 3 67 1 63 1 47 1 11 124765 249530
 4 98 0 57 1 38 1 14 166328 332656
 5 73 0 71 0 27 1 9 95531 191062
 6 66 1 56 1 41 1 14 119053 238106
 7 82 1 75 1 72 1 13 266584 533168
 8 93 0 71 1 43 1 19 197359 394718
 9 95 0 35 1 28 1 21 56796 113592
 10 88 1 72 1 68 1 8 314049 628098
 17 2504105
 587 233 220 20667916 70214349
 10
 1 72 0 49 1 35 1 9 84687 169374
 2 75 1 66 1 47 1 11 185359 370718
 3 78 0 30 1 22 1 8 31565 63130
 4 119 1 79 1 79 1 9 543182 1086364
 5 76 1 65 1 62 1 11 241277 482554
 6 119 1 81 1 65 1 14 528995 1057990
 7 91 0 77 0 36 1 11 170380 340760
 8 113 0 89 0 27 1 4 220101 440202
 9 98 0 59 1 44 1 5 220620 441240
 10 76 1 55 1 43 1 9 153845 307690
 18 2504205
 587 233 220 23597446 74562636
 10
 1 104 0 55 1 30 1 9 135683 271366
 2 92 1 89 1 73 1 8 492051 984102
 3 88 0 88 0 43 1 9 293822 587644
 4 90 1 60 1 60 1 7 196523 393046
 5 79 1 53 1 41 1 6 130939 261878
 6 96 0 91 0 28 1 5 213083 426166
 7 100 1 90 1 79 1 9 588062 1176124
 8 73 0 42 1 32 1 9 67332 134664
 9 115 1 85 1 60 1 7 399547 799094
 10 113 1 83 1 76 1 6 478774 957548
 19 2504305
 587 233 220 20491287 144445299
 10
 1 60 0 45 1 26 1 15 46791 93582
 2 71 1 43 1 39 1 11 83916 167832
 3 99 1 71 1 64 1 11 334816 669632
 4 61 1 41 1 40 1 11 83975 167950
 5 83 1 79 1 43 1 10 170135 340270
 6 63 1 52 1 35 1 17 86953 173906
 7 54 0 33 1 20 1 13 23423 46846
 8 62 1 57 1 51 1 17 155790 311580
 9 79 1 76 1 71 1 19 268909 537818
 10 91 1 81 1 48 1 14 236982 473964
 20 2504405
 587 233 220 18556866 74333336
 10
 1 97 1 77 1 66 1 10 397892 795784
 2 81 1 69 1 69 1 21 245569 491138
 3 109 0 53 0 24 1 12 123246 246492
 4 98 0 33 1 20 1 15 48186 96372
 5 86 0 56 1 34 1 14 128598 257196
 6 76 0 50 1 35 1 12 83934 167868
 7 109 0 42 1 22 1 19 61082 122164
 8 82 1 69 1 42 1 6 183398 366796
 9 58 1 43 1 31 1 14 66946 133892
 10 99 0 80 1 48 1 16 329939 659878
 21 2504505
 587 233 220 25413781 71602369
 10
 1 109 1 93 1 72 1 6 636235 1272470
 2 95 0 67 0 32 1 13 154134 308268
 3 119 0 45 1 36 1 13 133533 267066
 4 95 1 78 1 62 1 10 370699 741398
 5 116 0 89 0 32 1 13 294345 588690
 6 98 0 65 1 38 1 16 207186 414372
 7 72 0 51 0 24 1 8 60032 120064
 8 102 0 88 0 26 1 10 147887 295774
 9 99 0 47 1 44 1 10 158668 317336
 10 106 0 52 1 31 1 15 132645 265290
 22 2504605
 587 233 220 20188944 55670456
 10
 1 89 1 78 1 50 1 9 254857 509714
 2 73 1 65 1 46 1 10 195749 391498
 3 94 0 66 1 39 1 5 215404 430808
 4 66 1 59 1 42 1 11 142663 285326
 5 106 1 93 1 70 1 18 456289 912578
 6 80 1 71 1 62 1 16 238350 476700
 7 60 0 36 1 26 1 7 46913 93826
 8 72 0 31 1 31 1 14 48890 97780
 9 63 0 63 0 31 1 16 85661 171322
 10 74 0 39 1 23 1 5 44892 89784
 23 2504705
 587 233 220 23065697 112014035
 10
 1 84 0 81 0 23 1 7 131850 263700
 2 115 1 72 1 64 1 19 423553 847106
 3 77 0 49 1 25 1 8 63547 127094
 4 40 1 37 1 22 1 7 28567 57134
 5 97 0 96 0 46 1 7 352354 704708
 6 95 0 43 1 25 1 8 71423 142846
 7 90 0 69 0 28 1 13 139917 279834
 8 56 1 51 1 49 1 8 86229 172458
 9 118 1 93 1 80 1 10 748638 1497276
 10 56 1 47 1 41 1 11 67295 134590
 24 2504805
 587 233 220 22669143 165719369
 10
 1 113 0 80 0 29 1 15 165339 330678
 2 98 1 65 1 62 1 10 240084 480168
 3 60 1 59 1 46 1 16 146146 292292
 4 100 1 97 1 64 1 5 396071 792142
 5 99 0 88 0 23 1 15 160138 320276
 6 106 0 49 1 33 1 11 127054 254108
 7 78 0 54 1 30 1 17 103689 207378
 8 71 1 68 1 41 1 10 177219 354438
 9 83 0 80 0 35 1 22 173759 347518
 10 99 0 55 0 27 1 16 94322 188644
 25 2504905
 587 233 220 25785372 162647721
 10
 1 75 0 54 1 35 1 17 126495 252990
 2 107 0 60 1 49 1 17 220851 441702
 3 70 1 67 1 42 1 10 121921 243842
 4 78 1 71 1 44 1 13 152546 305092
 5 78 0 61 0 27 1 10 108699 217398
 6 78 1 73 1 48 1 15 196441 392882
 7 109 0 87 0 32 1 13 222168 444336
 8 91 0 87 0 25 1 14 150831 301662
 9 67 1 51 1 47 1 12 133914 267828
 10 67 1 63 1 60 1 12 198313 396626
 26 2505005
 587 233 220 26455998 91297063
 10
 1 86 0 71 1 41 1 18 207454 414908
 2 75 1 58 1 58 1 21 223866 447732
 3 100 0 81 0 27 1 15 148429 296858
 4 59 0 42 1 24 1 17 47600 95200
 5 69 0 37 1 30 1 18 63844 127688
 6 63 1 50 1 36 1 10 68559 137118
 7 96 0 72 0 34 1 15 197119 394238
 8 111 0 71 0 29 1 13 178056 356112
 9 102 1 67 1 53 1 16 224169 448338
 10 71 0 34 1 32 1 15 66365 132730
 27 2505105
 587 233 220 23112418 127803999
 10
 1 118 0 66 1 47 1 11 260885 521770
 2 99 0 56 0 25 1 15 122179 244358
 3 91 1 83 1 48 1 13 300716 601432
 4 104 0 66 1 40 1 9 202109 404218
 5 75 0 60 1 33 1 14 104500 209000
 6 113 1 78 1 60 1 13 444544 889088
 7 36 1 36 1 29 1 14 25572 51144
 8 56 1 48 1 40 1 8 79602 159204
 9 67 0 40 1 22 1 10 36369 72738
 10 92 1 78 1 64 1 12 354259 708518
 28 2505205
 587 233 220 18545215 142989857
 10
 1 62 1 59 1 52 1 23 160418 320836
 2 54 1 52 1 50 1 11 90917 181834
 3 102 1 69 1 65 1 9 330226 660452
 4 97 0 76 1 46 1 16 204645 409290
 5 52 1 50 1 37 1 20 68783 137566
 6 93 0 85 0 23 1 13 115128 230256
 7 90 0 38 1 38 1 25 102028 204056
 8 66 1 60 1 40 1 17 98986 197972
 9 38 1 31 1 26 1 21 26383 52766
 10 86 0 60 1 36 1 20 117870 235740
 29 2505305
 587 233 220 19838528 89488012
 10
 1 91 1 58 1 57 1 12 206067 412134
 2 92 1 78 1 53 1 13 234589 469178
 3 112 0 48 1 28 1 10 104913 209826
 4 78 0 47 1 26 1 11 63070 126140
 5 41 1 40 1 28 1 17 40638 81276
 6 57 1 47 1 32 1 12 63383 126766
 7 54 1 47 1 40 1 11 70789 141578
 8 85 0 80 0 25 1 18 145540 291080
 9 89 1 86 1 54 1 13 255764 511528
 10 118 1 94 1 68 1 10 508072 1016144
 30 2505405
 587 233 220 25170763 189892588
 10
 1 64 0 53 1 32 1 16 68023 136046
 2 51 1 42 1 28 1 14 51198 102396
 3 49 1 32 1 30 1 18 34118 68236
 4 109 1 68 1 59 1 17 389833 779666
 5 66 0 43 1 32 1 11 55463 110926
 6 120 0 71 1 47 1 16 347258 694516
 7 109 0 57 1 41 1 17 171963 343926
 8 100 0 70 0 28 1 16 127741 255482
 9 76 1 70 1 51 1 11 201934 403868
 10 85 0 40 1 26 1 15 58455 116910
 31 2505505
 587 233 220 25523161 165103170
 10
 1 70 1 63 1 49 1 15 149894 299788
 2 84 1 54 1 49 1 17 166032 332064
 3 89 0 70 1 42 1 11 174297 348594
 4 80 0 48 1 39 1 15 110256 220512
 5 114 0 47 1 42 1 16 135575 271150
 6 92 0 62 1 34 1 11 161717 323434
 7 72 1 66 1 43 1 18 155746 311492
 8 120 0 55 1 46 1 15 271242 542484
 9 106 0 62 0 25 1 13 136914 273828
 10 72 0 53 1 34 1 14 81009 162018
 32 2505605
 587 233 220 22228798 132581309
 10
 1 95 0 76 1 44 1 14 208472 416944
 2 81 0 47 1 34 1 20 83059 166118
 3 71 0 52 1 30 1 18 88797 177594
 4 96 0 52 1 28 1 11 84260 168520
 5 104 0 80 1 50 1 13 341825 683650
 6 77 1 64 1 57 1 19 210185 420370
 7 75 0 45 1 36 1 23 78895 157790
 8 65 1 49 1 39 1 15 84452 168904
 9 70 1 49 1 41 1 12 101825 203650
 10 111 0 44 1 42 1 11 160774 321548
 33 2505705
 587 233 220 20881048 121144199
 10
 1 40 1 36 1 21 1 12 19419 38838
 2 76 0 45 1 31 1 11 74069 148138
 3 63 1 54 1 51 1 14 108975 217950
 4 114 1 77 1 69 1 15 373456 746912
 5 95 1 57 1 53 1 15 193500 387000
 6 92 0 36 1 20 1 11 56663 113326
 7 90 1 84 1 47 1 17 215708 431416
 8 84 0 69 0 24 1 12 94750 189500
 9 57 1 35 1 35 1 14 51441 102882
 10 78 1 76 1 50 1 11 252545 505090
 34 2505805
 587 233 220 24278431 81243922
 10
 1 68 0 35 1 27 1 13 56384 112768
 2 118 0 57 1 43 1 9 211423 422846
 3 73 0 72 0 36 1 15 163239 326478
 4 85 1 58 1 50 1 14 191180 382360
 5 86 0 56 1 33 1 14 140053 280106
 6 99 0 44 1 31 1 9 115554 231108
 7 93 1 54 1 49 1 18 201361 402722
 8 89 0 69 0 26 1 14 112838 225676
 9 98 1 90 1 74 1 12 582581 1165162
 10 58 1 48 1 46 1 18 105655 211310
 35 2505905
 587 233 220 25030966 134311370
 10
 1 100 0 33 1 31 1 8 63495 126990
 2 84 0 68 1 42 1 15 189013 378026
 3 95 0 84 0 31 1 15 217590 435180
 4 57 1 39 1 30 1 15 51129 102258
 5 76 1 71 1 60 1 22 247979 495958
 6 71 1 68 1 46 1 18 134281 268562
 7 109 0 51 1 26 1 16 125760 251520
 8 109 0 54 1 45 1 13 236208 472416
 9 84 0 55 1 29 1 15 119671 239342
 10 104 0 66 0 20 1 14 121684 243368
 36 2506005
 587 233 220 24264032 124261567
 10
 1 41 1 39 1 26 1 17 30236 60472
 2 110 0 40 1 34 1 13 107944 215888
 3 94 1 77 1 52 1 11 297972 595944
 4 119 1 96 1 71 1 9 497912 995824
 5 67 1 63 1 47 1 20 128448 256896
 6 61 1 43 1 31 1 15 57010 114020
 7 72 0 53 1 35 1 12 83964 167928
 8 64 1 38 1 38 1 6 55834 111668
 9 110 0 71 1 45 1 13 228436 456872
 10 73 1 71 1 52 1 15 228650 457300
 37 2506105
 587 233 220 23431470 186704779
 10
 1 98 0 73 1 44 1 10 214195 428390
 2 60 1 60 1 38 1 17 119220 238440
 3 105 1 73 1 60 1 11 371471 742942
 4 90 1 77 1 52 1 15 231639 463278
 5 66 0 58 0 24 1 19 81705 163410
 6 106 1 76 1 55 1 13 385860 771720
 7 55 1 44 1 36 1 14 62132 124264
 8 82 0 58 0 23 1 12 84747 169494
 9 74 1 61 1 58 1 10 190470 380940
 10 81 0 39 1 24 1 15 49516 99032
 38 2506205
 587 233 220 23012025 70829956
 10
 1 104 0 94 1 50 1 8 396625 793250
 2 102 0 87 0 36 1 21 267346 534692
 3 115 0 42 1 33 1 9 130241 260482
 4 61 1 58 1 32 1 9 81239 162478
 5 70 1 62 1 48 1 16 166420 332840
 6 91 1 79 1 78 1 5 370738 741476
 7 90 1 57 1 53 1 10 214973 429946
 8 78 0 68 0 25 1 12 103081 206162
 9 77 1 44 1 39 1 16 85649 171298
 10 97 1 89 1 56 1 9 399095 798190
 39 2506305
 587 233 220 23994451 79812419
 10
 1 89 1 56 1 45 1 29 175579 351158
 2 53 1 37 1 34 1 23 57556 115112
 3 54 0 35 1 25 1 23 34958 69916
 4 73 0 39 1 33 1 27 76474 152948
 5 73 1 39 1 38 1 22 74683 149366
 6 50 1 42 1 29 1 14 51144 102288
 7 62 1 59 1 54 1 24 144240 288480
 8 98 0 53 1 44 1 20 149691 299382
 9 94 0 32 1 31 1 20 64990 129980
 10 97 0 64 0 28 1 23 154178 308356
 40 2506405
 587 233 220 19999615 153176825
 10
 1 85 1 77 1 62 1 8 245621 491242
 2 94 0 63 1 32 1 7 145077 290154
 3 83 1 75 1 45 1 9 190038 380076
 4 95 1 95 1 54 1 10 387048 774096
 5 76 0 76 0 30 1 16 104096 208192
 6 113 0 66 1 44 1 8 271682 543364
 7 108 1 71 1 61 1 10 378711 757422
 8 118 0 62 1 37 1 16 200927 401854
 9 93 1 58 1 48 1 13 161768 323536
 10 60 0 32 1 29 1 5 41915 83830
 41 2506505
 587 233 220 19816013 105632092
 10
 1 109 1 80 1 68 1 8 489861 979722
 2 90 0 45 1 31 1 14 82548 165096
 3 66 1 56 1 34 1 14 108967 217934
 4 76 0 66 1 34 1 9 138380 276760
 5 111 0 80 1 53 1 15 417622 835244
 6 86 0 59 0 29 1 14 105063 210126
 7 80 1 72 1 63 1 11 281618 563236
 8 81 0 47 0 22 1 8 56919 113838
 9 114 1 80 1 64 1 9 519828 1039656
 10 90 0 37 1 32 1 11 95254 190508
 42 2506605
 587 233 220 18425295 82347402
 10
 1 76 1 74 1 50 1 17 203931 407862
 2 86 0 40 1 29 1 11 59930 119860
 3 66 1 55 1 48 1 10 145960 291920
 4 75 0 57 1 37 1 9 100914 201828
 5 102 0 83 0 29 1 10 173478 346956
 6 74 1 58 1 52 1 15 137838 275676
 7 89 0 65 1 36 1 16 140536 281072
 8 99 1 68 1 67 1 12 404531 809062
 9 80 1 78 1 66 1 12 292614 585228
 10 65 1 57 1 45 1 9 117514 235028
 43 2506705
 587 233 220 25532582 127863027
 10
 1 82 1 80 1 71 1 11 393908 787816
 2 66 0 37 1 27 1 4 46253 92506
 3 77 0 76 0 31 1 4 123804 247608
 4 100 0 56 1 38 1 8 139957 279914
 5 93 1 86 1 67 1 12 351188 702376
 6 89 0 76 0 30 1 6 122247 244494
 7 98 1 90 1 67 1 16 511396 1022792
 8 87 0 52 1 42 1 11 119726 239452
 9 53 1 42 1 35 1 7 60073 120146
 10 116 0 53 1 36 1 11 158210 316420
 44 2506805
 587 233 220 22569528 79931846
 10
 1 114 0 67 0 25 1 20 133106 266212
 2 92 0 79 0 25 1 15 139259 278518
 3 89 0 87 0 36 1 19 170321 340642
 4 95 0 71 1 36 1 14 187694 375388
 5 90 0 83 1 43 1 12 233707 467414
 6 93 0 39 1 28 1 12 81430 162860
 7 69 0 54 1 31 1 16 84122 168244
 8 107 0 61 1 37 1 13 150096 300192
 9 98 0 52 1 40 1 8 129096 258192
 10 83 1 69 1 60 1 9 259222 518444
 45 2506905
 587 233 220 24604636 104612713
 10
 1 63 0 55 1 31 1 12 68788 137576
 2 120 0 43 1 23 1 12 98451 196902
 3 97 1 72 1 57 1 22 342721 685442
 4 77 1 76 1 42 1 22 160064 320128
 5 93 0 74 0 20 1 11 108976 217952
 6 65 1 63 1 43 1 16 113168 226336
 7 108 0 71 1 40 1 11 209687 419374
 8 79 0 36 1 21 1 14 39981 79962
 9 68 0 62 0 26 1 19 66559 133118
 10 68 1 50 1 40 1 19 104036 208072
 46 2507005
 587 233 220 20048152 92614308
 10
 1 86 0 58 1 36 1 8 133537 267074
 2 71 0 69 0 22 1 9 80462 160924
 3 108 0 78 1 54 1 12 293566 587132
 4 104 1 58 1 57 1 10 263463 526926
 5 96 1 65 1 58 1 13 260888 521776
 6 58 0 37 1 26 1 9 40429 80858
 7 73 1 72 1 49 1 5 227171 454342
 8 98 1 67 1 56 1 13 261363 522726
 9 117 0 89 0 23 1 11 164176 328352
 10 109 1 76 1 73 1 8 414119 828238
 47 2507105
 587 233 220 22615394 77009817
 10
 1 118 0 54 1 42 1 12 195602 391204
 2 112 0 95 0 20 1 14 143467 286934
 3 118 0 38 1 37 1 17 131612 263224
 4 76 0 38 1 38 1 13 67741 135482
 5 100 0 56 1 34 1 14 157031 314062
 6 100 0 73 1 50 1 17 285365 570730
 7 75 0 58 1 36 1 10 108394 216788
 8 76 1 51 1 41 1 16 103313 206626
 9 82 0 75 1 39 1 12 155929 311858
 10 84 1 76 1 44 1 13 174040 348080
 48 2507205
 587 233 220 20826249 137017212
 10
 1 59 1 49 1 48 1 5 104937 209874
 2 79 1 63 1 46 1 10 177149 354298
 3 95 0 58 1 38 1 10 131225 262450
 4 95 0 79 1 47 1 11 290595 581190
 5 72 0 46 1 27 1 11 53673 107346
 6 88 1 74 1 72 1 10 311863 623726
 7 90 1 77 1 67 1 16 307422 614844
 8 96 0 59 1 36 1 13 130655 261310
 9 62 1 55 1 46 1 13 132481 264962
 10 92 0 77 1 43 1 10 217329 434658
 49 2507305
 587 233 220 26511420 184120439
 10
 1 91 0 54 1 45 1 13 144968 289936
 2 105 1 77 1 72 1 8 515197 1030394
 3 79 1 78 1 48 1 14 250397 500794
 4 109 1 76 1 59 1 5 331325 662650
 5 48 1 37 1 30 1 11 40636 81272
 6 44 1 37 1 27 1 12 36782 73564
 7 79 1 76 1 54 1 6 208292 416584
 8 116 0 78 0 20 1 12 156891 313782
 9 101 0 71 1 49 1 15 255808 511616
 10 102 0 100 0 49 1 10 305430 610860
 50 2507405
 587 233 220 26989964 121482194
 10
 1 60 1 40 1 32 1 13 54780 109560
 2 98 1 75 1 55 1 17 278795 557590
 3 60 1 59 1 39 1 27 87670 175340
 4 81 0 56 1 40 1 17 119203 238406
 5 119 0 34 1 25 1 9 86722 173444
 6 107 0 61 1 42 1 10 216112 432224
 7 108 0 85 0 20 1 19 127816 255632
 8 97 0 66 1 45 1 22 211272 422544
 9 66 0 35 1 26 1 17 38208 76416
 10 69 0 32 1 20 1 16 30004 60008
 51 2507505
 587 233 220 21292966 124748208
 10
 1 66 1 64 1 36 1 12 135821 271642
 2 97 1 73 1 49 1 19 240675 481350
 3 69 1 60 1 43 1 25 152959 305918
 4 52 0 37 1 20 1 16 25445 50890
 5 109 0 63 1 37 1 23 164149 328298
 6 79 0 57 0 24 1 21 68893 137786
 7 95 0 72 0 22 1 20 113851 227702
 8 65 1 50 1 39 1 16 96001 192002
 9 98 0 42 1 30 1 19 85489 170978
 10 53 1 40 1 36 1 13 61901 123802
 52 2507605
 587 233 220 23603893 77714810
 10
 1 96 0 72 0 31 1 12 169444 338888
 2 75 1 72 1 47 1 16 160769 321538
 3 80 0 25 1 20 1 17 26483 52966
 4 114 1 94 1 61 1 10 576748 1153496
 5 100 0 40 1 39 1 15 128652 257304
 6 72 1 51 1 48 1 13 140268 280536
 7 36 1 28 1 24 1 12 15874 31748
 8 85 0 58 1 35 1 18 116579 233158
 9 85 1 84 1 58 1 16 371462 742924
 10 95 0 48 0 24 1 14 93095 186190
 53 2507705
 587 233 220 24363369 190494311
 10
 1 78 0 37 1 27 1 11 66725 133450
 2 89 0 70 0 25 1 17 105520 211040
 3 90 0 84 0 41 1 8 232357 464714
 4 85 0 75 1 42 1 7 212727 425454
 5 91 0 77 1 44 1 7 190056 380112
 6 114 1 87 1 71 1 12 437754 875508
 7 90 0 37 1 25 1 8 69230 138460
 8 105 1 80 1 77 1 9 437434 874868
 9 74 1 71 1 50 1 10 219062 438124
 10 62 1 57 1 55 1 12 132944 265888
 54 2507805
 587 233 220 22384837 161314739
 10
 1 99 0 68 0 23 1 23 94095 188190
 2 68 1 52 1 40 1 17 103284 206568
 3 101 1 66 1 61 1 20 256321 512642
 4 57 0 56 0 22 1 17 47753 95506
 5 81 1 54 1 47 1 19 176792 353584
 6 86 0 34 1 25 1 24 63987 127974
 7 54 0 46 1 27 1 11 44144 88288
 8 95 0 65 1 34 1 17 184276 368552
 9 105 0 57 1 29 1 10 140974 281948
 10 120 0 63 0 28 1 14 169075 338150
 55 2507905
 587 233 220 24718575 74821206
 10
 1 100 0 94 0 28 1 19 182200 364400
 2 81 1 78 1 66 1 13 371958 743916
 3 111 0 49 0 21 1 12 96436 192872
 4 119 0 63 1 37 1 20 183809 367618
 5 72 0 50 1 30 1 14 78263 156526
 6 58 1 58 1 40 1 12 87780 175560
 7 108 0 55 1 29 1 17 121228 242456
 8 54 1 49 1 38 1 15 88780 177560
 9 69 1 46 1 44 1 12 86348 172696
 10 88 1 71 1 61 1 9 258043 516086
 56 2508005
 587 233 220 26361905 147492866
 10
 1 90 0 41 1 34 1 34 77620 155240
 2 64 0 32 1 28 1 17 41880 83760
 3 42 1 31 1 31 1 19 30282 60564
 4 94 0 90 0 44 1 15 282408 564816
 5 68 1 63 1 53 1 24 179263 358526
 6 55 0 30 1 21 1 23 22138 44276
 7 72 0 64 0 31 1 16 87029 174058
 8 75 0 56 1 34 1 30 108005 216010
 9 62 0 34 1 31 1 31 58104 116208
 10 79 0 55 1 32 1 24 100232 200464
 57 2508105
 587 233 220 19757265 127897099
 10
 1 85 0 73 1 40 1 9 197441 394882
 2 73 1 62 1 54 1 7 198486 396972
 3 90 0 63 1 41 1 13 192853 385706
 4 75 0 61 0 24 1 15 96434 192868
 5 57 1 53 1 44 1 8 106683 213366
 6 93 0 70 1 45 1 9 248620 497240
 7 73 0 36 1 33 1 8 76143 152286
 8 95 1 80 1 75 1 7 496711 993422
 9 93 1 89 1 78 1 11 425985 851970
 10 113 1 87 1 65 1 9 516924 1033848
 58 2508205
 587 233 220 26612809 67031542
 10
 1 105 0 81 1 46 1 18 351611 703222
 2 115 1 81 1 61 1 9 366609 733218
 3 72 0 51 0 23 1 12 62717 125434
 4 65 1 56 1 33 1 10 104977 209954
 5 60 0 44 0 21 1 13 39648 79296
 6 85 1 69 1 65 1 7 259807 519614
 7 90 0 82 0 35 1 10 211335 422670
 8 115 1 94 1 64 1 8 419952 839904
 9 80 0 53 1 33 1 9 119421 238842
 10 95 0 81 0 37 1 10 201210 402420
 59 2508305
 587 233 220 22806667 123684461
 10
 1 76 1 52 1 46 1 18 109320 218640
 2 66 0 59 1 31 1 26 99785 199570
 3 62 1 55 1 44 1 25 122074 244148
 4 95 0 46 1 36 1 12 136412 272824
 5 63 1 59 1 35 1 11 110281 220562
 6 100 0 37 1 32 1 23 96936 193872
 7 91 0 54 1 37 1 21 124277 248554
 8 49 1 44 1 36 1 26 52527 105054
 9 109 0 66 1 49 1 18 279187 558374
 10 69 0 48 1 27 1 19 60283 120566
 60 2508405
 587 233 220 20711101 89367872
 10
 1 78 1 72 1 58 1 14 288250 576500
 2 107 1 57 1 57 1 11 288768 577536
 3 72 1 64 1 37 1 19 107733 215466
 4 93 0 66 0 26 1 13 117461 234922
 5 116 0 67 1 35 1 13 232399 464798
 6 101 0 56 1 39 1 12 160640 321280
 7 108 0 100 0 39 1 11 317840 635680
 8 64 1 55 1 33 1 10 74117 148234
 9 73 1 65 1 53 1 10 221064 442128
 10 106 0 41 1 35 1 12 102634 205268
 61 2508505
 587 233 220 24422931 106175560
 10
 1 109 1 68 1 64 1 7 357427 714854
 2 84 1 58 1 55 1 7 169774 339548
 3 96 0 83 0 24 1 16 150514 301028
 4 74 0 67 1 37 1 14 132843 265686
 5 107 1 73 1 70 1 7 397002 794004
 6 80 1 73 1 54 1 13 276191 552382
 7 72 0 41 1 33 1 13 61188 122376
 8 84 1 79 1 74 1 10 330679 661358
 9 40 0 37 1 20 1 14 21703 43406
 10 74 1 73 1 42 1 20 172395 344790
 62 2508605
 587 233 220 21937231 76727713
 10
 1 70 1 63 1 50 1 14 188911 377822
 2 100 0 53 1 34 1 9 160035 320070
 3 93 0 78 1 45 1 11 265195 530390
 4 100 0 55 1 48 1 10 196611 393222
 5 98 1 73 1 50 1 13 287507 575014
 6 69 1 45 1 43 1 9 105202 210404
 7 43 1 42 1 36 1 15 47289 94578
 8 104 1 92 1 63 1 16 371532 743064
 9 93 0 36 1 26 1 11 61247 122494
 10 50 1 45 1 41 1 17 62778 125556
 63 2508705
 587 233 220 26690207 141086153
 10
 1 82 1 76 1 59 1 8 293774 587548
 2 60 1 51 1 50 1 14 125625 251250
 3 104 1 66 1 61 1 7 320426 640852
 4 71 0 36 1 28 1 7 53516 107032
 5 89 0 77 0 26 1 9 107712 215424
 6 108 1 84 1 66 1 15 454342 908684
 7 90 0 51 1 45 1 10 143355 286710
 8 48 1 35 1 33 1 9 43833 87666
 9 89 1 57 1 52 1 5 199290 398580
 10 99 1 77 1 58 1 16 337524 675048
 64 2508805
 587 233 220 24861190 190102649
 10
 1 114 0 54 0 20 1 16 88181 176362
 2 92 1 87 1 50 1 10 331000 662000
 3 114 0 43 1 26 1 10 114584 229168
 4 93 0 69 1 42 1 7 216872 433744
 5 80 1 79 1 64 1 19 308876 617752
 6 99 0 80 0 29 1 8 201668 403336
 7 60 1 54 1 47 1 12 130476 260952
 8 54 1 53 1 32 1 16 81498 162996
 9 113 1 75 1 68 1 10 373961 747922
 10 67 1 66 1 49 1 10 161543 323086
 65 2508905
 587 233 220 26356599 197705927
 10
 1 55 0 50 1 26 1 8 49527 99054
 2 48 1 42 1 37 1 16 62737 125474
 3 47 1 34 1 26 1 17 29429 58858
 4 104 0 74 1 50 1 18 301590 603180
 5 83 0 70 1 40 1 17 204204 408408
 6 53 1 52 1 38 1 19 93631 187262
 7 108 0 69 1 49 1 11 234627 469254
 8 78 1 73 1 72 1 20 334320 668640
 9 77 0 62 0 24 1 15 102981 205962
 10 74 0 34 1 21 1 15 37258 74516
 66 2509005
 587 233 220 21002170 161192578
 10
 1 87 0 45 1 32 1 14 98354 196708
 2 84 1 63 1 46 1 11 148203 296406
 3 84 1 67 1 44 1 12 214133 428266
 4 76 0 55 1 30 1 11 102344 204688
 5 87 1 78 1 61 1 6 334319 668638
 6 115 0 77 1 53 1 11 283350 566700
 7 78 1 72 1 51 1 12 235367 470734
 8 93 1 91 1 62 1 10 454153 908306
 9 48 1 41 1 40 1 7 65573 131146
 10 92 1 82 1 53 1 11 349878 699756
 67 2509105
 587 233 220 24865829 82024270
 10
 1 119 0 41 1 38 1 14 161233 322466
 2 90 0 44 1 35 1 15 106641 213282
 3 67 0 55 0 27 1 7 63175 126350
 4 71 1 47 1 36 1 18 106628 213256
 5 90 1 55 1 51 1 17 201688 403376
 6 87 0 68 1 40 1 19 169559 339118
 7 87 0 53 1 36 1 17 134009 268018
 8 113 0 47 1 34 1 19 140818 281636
 9 97 0 56 1 35 1 25 131695 263390
 10 90 0 60 0 25 1 19 96310 192620
 68 2509205
 587 233 220 18343221 86944554
 10
 1 60 1 44 1 36 1 9 59272 118544
 2 76 1 42 1 40 1 8 105330 210660
 3 65 1 49 1 48 1 11 134199 268398
 4 109 0 92 1 51 1 10 346584 693168
 5 93 0 42 1 31 1 12 84432 168864
 6 83 1 64 1 59 1 7 219382 438764
 7 96 1 90 1 55 1 11 367992 735984
 8 52 1 42 1 31 1 15 47485 94970
 9 98 1 72 1 61 1 8 258368 516736
 10 118 0 98 1 57 1 12 590933 1181866
 69 2509305
 587 233 220 19541990 135113674
 10
 1 91 0 50 1 32 1 20 128503 257006
 2 118 0 66 1 40 1 16 239752 479504
 3 75 0 69 0 32 1 12 111035 222070
 4 81 0 73 0 32 1 19 121511 243022
 5 97 0 69 0 33 1 16 147342 294684
 6 97 0 31 1 27 1 17 51445 102890
 7 57 1 54 1 29 1 11 60379 120758
 8 77 1 71 1 62 1 16 294569 589138
 9 116 0 84 0 27 1 16 202838 405676
 10 85 0 30 1 29 1 14 60975 121950
 70 2509405
 587 233 220 20216906 80179721
 10
 1 56 0 32 1 28 1 9 32960 65920
 2 92 0 68 1 39 1 11 183021 366042
 3 90 0 86 0 29 1 9 140102 280204
 4 73 1 54 1 52 1 17 173419 346838
 5 114 0 100 0 45 1 17 374863 749726
 6 94 0 51 1 36 1 14 137491 274982
 7 108 0 59 1 38 1 13 190195 380390
 8 89 1 82 1 61 1 7 330376 660752
 9 81 1 71 1 43 1 12 181316 362632
 10 61 1 53 1 37 1 8 87711 175422
 71 2509505
 587 233 220 25258879 159469715
 10
 1 99 1 64 1 62 1 20 302717 605434
 2 110 0 43 1 37 1 16 129689 259378
 3 96 1 73 1 50 1 9 295470 590940
 4 114 0 53 1 35 1 10 145303 290606
 5 105 0 27 1 22 1 12 42452 84904
 6 75 1 66 1 51 1 14 219731 439462
 7 72 1 61 1 48 1 17 147725 295450
 8 102 0 46 1 32 1 12 115257 230514
 9 59 1 57 1 45 1 12 116215 232430
 10 111 0 45 1 33 1 16 144233 288466
 72 2509605
 587 233 220 27036657 75089734
 10
 1 96 1 95 1 68 1 10 511846 1023692
 2 69 1 61 1 35 1 12 99222 198444
 3 107 1 70 1 55 1 10 354080 708160
 4 92 0 85 0 34 1 11 237891 475782
 5 96 0 60 1 31 1 12 127424 254848
 6 66 1 38 1 38 1 17 60100 120200
 7 63 1 57 1 36 1 12 115916 231832
 8 51 1 31 1 31 1 15 42026 84052
 9 100 0 75 1 44 1 14 284055 568110
 10 78 1 66 1 53 1 16 216025 432050
 73 2509705
 587 233 220 20688670 124736159
 10
 1 90 0 73 1 37 1 9 201611 403222
 2 102 0 95 0 33 1 15 225181 450362
 3 117 0 38 1 30 1 10 90140 180280
 4 75 1 73 1 57 1 13 258969 517938
 5 86 0 36 1 34 1 12 64837 129674
 6 101 1 81 1 62 1 14 354801 709602
 7 90 1 66 1 65 1 9 297632 595264
 8 76 1 69 1 51 1 15 182089 364178
 9 65 0 30 1 30 1 8 44065 88130
 10 61 1 46 1 37 1 12 73555 147110
 74 2509805
 587 233 220 18621036 129073155
 10
 1 86 1 79 1 69 1 8 331101 662202
 2 53 1 46 1 31 1 7 67608 135216
 3 96 0 51 1 37 1 9 156308 312616
 4 119 0 55 1 54 1 11 307485 614970
 5 77 0 74 0 37 1 9 162092 324184
 6 96 0 73 0 24 1 7 149793 299586
 7 75 1 67 1 54 1 12 185905 371810
 8 88 1 71 1 61 1 5 313917 627834
 9 120 0 93 0 46 1 14 359612 719224
 10 104 1 70 1 69 1 9 355230 710460
 75 2509905
 587 233 220 21596185 146275262
 10
 1 101 0 81 0 24 1 14 153590 307180
 2 94 0 72 0 29 1 16 142217 284434
 3 79 1 72 1 47 1 18 239159 478318
 4 90 0 36 1 35 1 18 94355 188710
 5 68 1 51 1 40 1 11 97931 195862
 6 48 1 45 1 35 1 17 65675 131350
 7 108 1 84 1 69 1 6 404100 808200
 8 91 0 45 1 31 1 20 100488 200976
 9 84 1 80 1 62 1 10 288418 576836
 10 77 1 71 1 41 1 18 182536 365072
 76 2510005
 587 233 220 25512061 203351975
 10
 1 77 0 42 1 30 1 13 72750 145500
 2 98 0 45 1 28 1 8 78951 157902
 3 61 1 58 1 32 1 11 77954 155908
 4 92 1 77 1 61 1 15 328204 656408
 5 58 0 44 1 27 1 8 57517 115034
 6 108 0 72 1 50 1 15 308149 616298
 7 93 1 72 1 71 1 12 400708 801416
 8 111 0 49 1 30 1 14 136823 273646
 9 79 1 66 1 49 1 9 226221 452442
 10 85 0 74 1 39 1 13 197959 395918
 77 2510105
 587 233 220 19821873 51315841
 10
 1 73 0 73 0 36 1 24 131779 263558
 2 87 0 49 1 26 1 13 84258 168516
 3 68 1 53 1 44 1 20 142137 284274
 4 73 0 57 1 33 1 23 88585 177170
 5 65 1 49 1 47 1 18 103394 206788
 6 80 0 65 1 35 1 22 123178 246356
 7 72 0 35 1 26 1 18 58575 117150
 8 75 1 68 1 40 1 18 162237 324474
 9 104 0 53 1 34 1 16 168230 336460
 10 97 0 93 0 45 1 7 335360 670720
 78 2510205
 587 233 220 18996240 62089053
 10
 1 105 0 68 1 42 1 15 226080 452160
 2 75 0 37 1 24 1 20 51940 103880
 3 79 0 73 0 26 1 20 116057 232114
 4 95 0 53 1 38 1 13 148505 297010
 5 50 1 41 1 40 1 10 49655 99310
 6 80 1 59 1 52 1 19 163029 326058
 7 90 0 74 0 35 1 19 153100 306200
 8 87 1 60 1 60 1 14 227431 454862
 9 68 1 50 1 39 1 15 89491 178982
 10 78 0 64 0 25 1 19 89914 179828
 79 2510305
 587 233 220 23773075 172441529
 10
 1 64 1 48 1 46 1 21 98061 196122
 2 79 0 25 1 22 1 30 33638 67276
 3 89 0 85 0 33 1 22 183285 366570
 4 79 0 66 1 34 1 27 155993 311986
 5 79 0 54 1 31 1 16 79450 158900
 6 115 0 95 0 22 1 24 208187 416374
 7 76 1 54 1 44 1 20 161638 323276
 8 80 0 44 1 29 1 18 84756 169512
 9 66 0 33 1 26 1 19 34849 69698
 10 50 1 32 1 32 1 20 38212 76424
 80 2510405
 587 233 220 24806186 193099086
 10
 1 78 1 59 1 54 1 13 182679 365358
 2 120 0 52 0 20 1 12 96238 192476
 3 100 1 67 1 54 1 10 304882 609764
 4 91 0 59 1 37 1 19 175284 350568
 5 112 0 57 1 56 1 16 267216 534432
 6 88 0 46 1 34 1 16 88080 176160
 7 108 0 78 1 53 1 13 325057 650114
 8 100 0 48 1 29 1 9 84880 169760
 9 89 0 88 0 21 1 12 136382 272764
 10 90 0 40 1 21 1 12 57166 114332
 81 2510505
 587 233 220 26758203 87105066
 10
 1 110 0 60 1 55 1 9 316331 632662
 2 80 1 78 1 71 1 7 297871 595742
 3 110 0 75 1 50 1 10 324293 648586
 4 100 0 72 1 40 1 10 245247 490494
 5 103 0 60 1 32 1 12 156423 312846
 6 70 1 60 1 49 1 14 139623 279246
 7 80 1 72 1 62 1 10 275749 551498
 8 120 1 74 1 67 1 7 505391 1010782
 9 75 0 52 1 37 1 8 122985 245970
 10 57 1 54 1 48 1 17 119112 238224
 82 2510605
 587 233 220 27006502 173550846
 10
 1 65 1 51 1 50 1 17 145389 290778
 2 113 0 78 0 28 1 14 201791 403582
 3 120 0 35 1 32 1 14 83410 166820
 4 71 0 53 0 20 1 13 50089 100178
 5 94 1 70 1 64 1 16 267362 534724
 6 64 0 33 1 32 1 14 59448 118896
 7 71 0 35 1 21 1 17 45120 90240
 8 85 1 59 1 49 1 18 191165 382330
 9 108 0 62 1 53 1 14 220074 440148
 10 116 0 56 0 25 1 16 137410 274820
 83 2510705
 587 233 220 24545054 68796761
 10
 1 83 1 71 1 46 1 15 189047 378094
 2 76 1 63 1 54 1 15 213549 427098
 3 91 0 56 1 40 1 15 150079 300158
 4 61 1 42 1 34 1 11 53145 106290
 5 84 1 67 1 47 1 14 205653 411306
 6 95 1 79 1 57 1 11 343290 686580
 7 90 0 80 0 23 1 11 133516 267032
 8 69 0 43 1 28 1 9 63002 126004
 9 72 1 69 1 48 1 17 156456 312912
 10 83 1 64 1 58 1 10 207668 415336
 84 2510805
 587 233 220 22057173 135941758
 10
 1 114 0 77 1 42 1 11 310210 620420
 2 105 1 81 1 74 1 14 556526 1113052
 3 76 1 73 1 50 1 17 242795 485590
 4 104 0 91 0 41 1 13 324368 648736
 5 75 0 70 0 23 1 15 91429 182858
 6 93 0 67 0 20 1 16 87411 174822
 7 89 0 54 0 25 1 8 107303 214606
 8 89 0 46 1 28 1 10 96593 193186
 9 36 1 35 1 24 1 13 21415 42830
 10 72 0 50 1 29 1 8 67659 135318
 85 2510905
 587 233 220 25053019 195995635
 10
 1 55 0 37 1 22 1 17 26930 53860
 2 72 0 55 1 31 1 9 92094 184188
 3 61 1 56 1 36 1 14 87037 174074
 4 76 0 72 0 22 1 9 107930 215860
 5 74 1 66 1 61 1 14 222758 445516
 6 43 1 39 1 32 1 13 47473 94946
 7 108 0 98 0 27 1 12 205726 411452
 8 109 1 73 1 65 1 11 374781 749562
 9 97 0 92 0 40 1 9 223439 446878
 10 109 1 80 1 62 1 15 439407 878814
 86 2511005
 587 233 220 19250797 54208825
 10
 1 87 0 33 1 28 1 17 71803 143606
 2 97 1 70 1 57 1 16 305395 610790
 3 71 1 57 1 38 1 16 119625 239250
 4 63 1 53 1 47 1 15 116905 233810
 5 77 0 56 1 37 1 14 128765 257530
 6 102 0 67 1 47 1 13 254897 509794
 7 72 0 31 1 29 1 16 56068 112136
 8 84 0 58 1 38 1 16 152312 304624
 9 84 1 57 1 56 1 17 204315 408630
 10 88 0 76 0 33 1 12 182936 365872
 87 2511105
 587 233 220 26437564 122316222
 10
 1 119 0 34 1 28 1 12 83486 166972
 2 84 1 69 1 48 1 13 181458 362916
 3 97 1 82 1 78 1 14 427306 854612
 4 109 0 43 1 33 1 9 103827 207654
 5 80 1 75 1 47 1 10 191739 383478
 6 74 0 62 0 30 1 13 86423 172846
 7 40 1 35 1 31 1 14 38719 77438
 8 58 0 43 1 26 1 3 42410 84820
 9 111 1 73 1 71 1 12 359690 719380
 10 95 0 66 1 43 1 8 227588 455176
 88 2511205
 587 233 220 22960253 162215874
 10
 1 100 0 60 1 40 1 11 147357 294714
 2 89 0 67 1 34 1 21 133141 266282
 3 92 0 80 0 38 1 18 200317 400634
 4 90 0 81 0 24 1 18 105542 211084
 5 84 0 52 1 38 1 22 122543 245086
 6 77 1 54 1 46 1 13 135587 271174
 7 90 0 49 1 33 1 20 90911 181822
 8 78 0 45 1 27 1 15 76286 152572
 9 76 0 57 0 28 1 16 78411 156822
 10 102 0 38 1 27 1 24 68241 136482
 89 2511305
 587 233 220 20040393 56610087
 10
 1 95 0 92 0 46 1 7 342122 684244
 2 65 1 60 1 40 1 11 133487 266974
 3 103 1 62 1 59 1 10 259682 519364
 4 71 1 65 1 52 1 6 176941 353882
 5 119 0 87 0 28 1 12 223287 446574
 6 109 1 92 1 78 1 13 598742 1197484
 7 58 1 54 1 35 1 7 98258 196516
 8 98 1 73 1 64 1 7 316039 632078
 9 44 1 44 1 40 1 10 54504 109008
 10 70 0 69 1 35 1 10 126506 253012
 90 2511405
 587 233 220 23839240 117371423
 10
 1 91 0 52 1 33 1 10 127448 254896
 2 87 1 81 1 63 1 11 287053 574106
 3 113 0 79 1 45 1 9 262866 525732
 4 114 0 52 1 45 1 6 195122 390244
 5 110 1 90 1 66 1 7 453255 906510
 6 81 0 41 1 31 1 12 92637 185274
 7 108 0 67 1 37 1 11 240577 481154
 8 118 0 82 1 57 1 14 331755 663510
 9 96 0 60 0 30 1 5 139200 278400
 10 43 1 42 1 36 1 10 53814 107628
 91 2511505
 587 233 220 25538394 76214622
 10
 1 86 1 65 1 57 1 7 249658 499316
 2 61 1 37 1 32 1 15 43990 87980
 3 39 1 33 1 27 1 11 29393 58786
 4 85 0 33 1 26 1 9 64713 129426
 5 101 0 94 0 42 1 15 262387 524774
 6 65 1 53 1 46 1 10 138099 276198
 7 76 1 72 1 39 1 18 180842 361684
 8 47 1 42 1 25 1 14 32849 65698
 9 93 1 76 1 60 1 16 289771 579542
 10 95 1 74 1 51 1 19 231938 463876
 92 2511605
 587 233 220 23351163 68522093
 10
 1 96 1 82 1 63 1 8 431785 863570
 2 74 1 63 1 59 1 10 244514 489028
 3 86 0 60 1 43 1 9 189314 378628
 4 90 1 67 1 57 1 11 287080 574160
 5 97 1 91 1 80 1 15 585407 1170814
 6 116 0 61 0 28 1 6 151880 303760
 7 86 0 41 1 35 1 7 84778 169556
 8 67 0 44 1 26 1 11 57704 115408
 9 115 0 79 0 31 1 9 197258 394516
 10 62 1 59 1 46 1 7 113356 226712
 93 2511705
 587 233 220 23978483 79410641
 10
 1 78 0 69 1 37 1 5 147469 294938
 2 115 1 90 1 58 1 8 411025 822050
 3 68 0 53 0 20 1 9 50757 101514
 4 119 0 71 1 47 1 6 255261 510522
 5 100 1 82 1 57 1 7 280529 561058
 6 88 1 76 1 52 1 5 310411 620822
 7 95 0 90 0 43 1 9 260652 521304
 8 87 1 72 1 62 1 14 342927 685854
 9 80 1 66 1 47 1 6 214870 429740
 10 120 1 78 1 67 1 9 508624 1017248
 94 2511805
 587 233 220 18546626 125336880
 10
 1 75 1 73 1 69 1 12 266883 533766
 2 66 1 56 1 40 1 17 113640 227280
 3 64 1 51 1 41 1 18 97763 195526
 4 90 0 52 1 28 1 17 86011 172022
 5 73 0 33 1 28 1 20 57394 114788
 6 91 1 76 1 60 1 13 324008 648016
 7 54 1 45 1 28 1 11 51173 102346
 8 107 1 81 1 56 1 14 417894 835788
 9 63 1 53 1 44 1 12 92407 184814
 10 88 1 75 1 50 1 7 244869 489738
 95 2511905
 587 233 220 20049123 56303720
 10
 1 101 0 69 0 20 1 16 89498 178996
 2 108 0 66 1 54 1 16 251315 502630
 3 74 0 62 1 33 1 20 105256 210512
 4 69 0 61 1 33 1 20 87269 174538
 5 71 0 64 0 31 1 22 87564 175128
 6 38 1 32 1 30 1 18 26748 53496
 7 108 0 47 1 37 1 14 149163 298326
 8 100 0 41 1 36 1 19 103345 206690
 9 99 0 79 0 39 1 14 188275 376550
 10 83 0 55 0 22 1 22 64250 128500
 96 2512005
 587 233 220 19422521 82809397
 10
 1 64 0 42 1 26 1 18 60856 121712
 2 92 1 58 1 52 1 13 190835 381670
 3 92 0 85 0 21 1 11 108330 216660
 4 90 0 49 1 33 1 18 98240 196480
 5 54 1 48 1 34 1 10 66992 133984
 6 95 0 62 1 45 1 14 194517 389034
 7 72 1 49 1 46 1 13 114037 228074
 8 56 0 42 1 25 1 19 35637 71274
 9 64 0 34 1 26 1 11 48715 97430
 10 113 0 90 1 54 1 22 416531 833062
 97 2512105
 587 233 220 21007711 78631231
 10
 1 74 0 60 1 32 1 15 86826 173652
 2 100 0 50 1 43 1 13 159682 319364
 3 95 0 74 1 42 1 16 247900 495800
 4 95 0 70 0 30 1 15 123202 246404
 5 45 1 37 1 24 1 16 29121 58242
 6 67 0 60 0 25 1 14 87763 175526
 7 55 1 51 1 35 1 12 64992 129984
 8 76 1 71 1 61 1 16 262541 525082
 9 119 0 88 1 51 1 11 341347 682694
 10 98 0 81 0 26 1 14 146139 292278
 98 2512205
 587 233 220 26138747 162380718
 10
 1 106 0 55 1 38 1 14 150503 301006
 2 69 1 50 1 48 1 15 101768 203536
 3 106 1 63 1 57 1 14 269895 539790
 4 71 1 66 1 51 1 14 211679 423358
 5 62 1 41 1 36 1 7 65151 130302
 6 75 1 49 1 39 1 9 107925 215850
 7 90 1 64 1 53 1 11 252178 504356
 8 96 1 79 1 55 1 14 334788 669576
 9 83 1 75 1 67 1 9 251424 502848
 10 58 1 48 1 30 1 9 67803 135606
 99 2512305
 587 233 220 23624550 81162983
 10
 1 51 1 46 1 44 1 26 88400 176800
 2 95 0 92 1 47 1 14 276566 553132
 3 116 0 39 1 23 1 10 85208 170416
 4 51 1 37 1 32 1 14 48516 97032
 5 117 0 44 1 38 1 10 155706 311412
 6 103 1 89 1 73 1 13 455882 911764
 7 73 1 55 1 54 1 13 168385 336770
 8 116 0 98 0 40 1 8 397161 794322
 9 62 0 48 0 22 1 12 43426 86852
 10 106 0 38 1 30 1 14 106839 213678
 100 2512405
 587 233 220 24671424 115530395
 10
 1 78 1 49 1 47 1 9 150217 300434
 2 46 1 45 1 43 1 15 69999 139998
 3 98 0 44 1 36 1 13 136331 272662
 4 100 0 89 0 31 1 11 179160 358320
 5 108 0 76 1 47 1 17 269238 538476
 6 75 0 36 1 28 1 19 50791 101582
 7 108 1 82 1 56 1 16 413020 826040
 8 45 1 41 1 24 1 19 32286 64572
 9 103 0 48 1 38 1 10 138529 277058
 10 74 1 62 1 46 1 15 157903 315806
