 100
 1 2502505
 587 233 220 21399182 352999605
 1
 1 108 0 76 0 30 1 122 191625 383250
 2 2502605
 587 233 220 20665656 275885669
 1
 1 49 0 25 1 21 1 1169 18633 37266
 3 2502705
 587 233 220 20594869 270770148
 1
 1 97 0 81 0 27 1 141 155966 311932
 4 2502805
 587 233 220 25988934 391001909
 1
 1 113 0 92 0 33 1 87 210726 421452
 5 2502905
 587 233 220 19335879 265888273
 1
 1 88 0 54 1 39 1 162 113468 226936
 6 2503005
 587 233 220 23771406 426100810
 1
 1 86 1 84 1 45 1 92 234056 468112
 7 2503105
 587 233 220 23476328 310660532
 1
 1 118 0 79 1 51 1 63 328707 657414
 8 2503205
 587 233 220 22162436 320714936
 1
 1 75 1 58 1 57 1 121 149734 299468
 9 2503305
 587 233 220 21649958 298672001
 1
 1 90 1 70 1 63 1 75 327126 654252
 10 2503405
 587 233 220 20234267 220886007
 1
 1 68 0 66 0 31 1 216 109279 218558
 11 2503505
 587 233 220 26702509 502754803
 1
 1 74 1 63 1 61 1 105 227527 455054
 12 2503605
 587 233 220 23849404 261449550
 1
 1 95 1 80 1 57 1 69 317848 635696
 13 2503705
 587 233 220 26625420 485544695
 1
 1 52 0 36 1 25 1 642 41210 82420
 14 2503805
 587 233 220 21528001 430174993
 1
 1 68 0 48 1 31 1 297 76929 153858
 15 2503905
 587 233 220 23164892 446862231
 1
 1 100 0 44 1 37 1 184 130443 260886
 16 2504005
 587 233 220 19576956 333159453
 1
 1 43 1 40 1 39 1 448 47395 94790
 17 2504105
 587 233 220 21716194 222979965
 1
 1 72 0 49 1 35 1 243 84184 168368
 18 2504205
 587 233 220 21482312 246356849
 1
 1 104 0 55 1 30 1 175 135955 271910
 19 2504305
 587 233 220 21486957 224616919
 1
 1 60 0 45 1 26 1 428 51179 102358
 20 2504405
 587 233 220 26506117 477713614
 1
 1 97 1 77 1 66 1 61 347349 694698
 21 2504505
 587 233 220 23320421 284990681
 1
 1 109 1 93 1 72 1 41 587810 1175620
 22 2504605
 587 233 220 20692458 234220366
 1
 1 89 1 78 1 50 1 86 215302 430604
 23 2504705
 587 233 220 25867373 399561815
 1
 1 84 0 81 0 23 1 192 94410 188820
 24 2504805
 587 233 220 25602658 279234362
 1
 1 113 0 80 0 29 1 114 198268 396536
 25 2504905
 587 233 220 18985367 310030957
 1
 1 75 0 54 1 35 1 212 95422 190844
 26 2505005
 587 233 220 18457198 363937912
 1
 1 86 0 71 1 41 1 120 160405 320810
 27 2505105
 587 233 220 22455780 424234457
 1
 1 118 0 66 1 47 1 82 222877 445754
 28 2505205
 587 233 220 18240144 183263322
 1
 1 62 1 59 1 52 1 158 133531 267062
 29 2505305
 587 233 220 26977223 287064493
 1
 1 91 1 58 1 57 1 100 192954 385908
 30 2505405
 587 233 220 18576889 353174940
 1
 1 64 0 53 1 32 1 277 86998 173996
 31 2505505
 587 233 220 19604726 334770108
 1
 1 70 1 63 1 49 1 139 138048 276096
 32 2505605
 587 233 220 25343134 283798937
 1
 1 95 0 76 1 44 1 94 243419 486838
 33 2505705
 587 233 220 19211905 356812859
 1
 1 40 1 36 1 21 1 995 25848 51696
 34 2505805
 587 233 220 25469348 431428452
 1
 1 68 0 35 1 27 1 468 38619 77238
 35 2505905
 587 233 220 23088473 251613925
 1
 1 100 0 33 1 31 1 294 82851 165702
 36 2506005
 587 233 220 23324485 445654081
 1
 1 41 1 39 1 26 1 723 31427 62854
 37 2506105
 587 233 220 22549782 348903018
 1
 1 98 0 73 1 44 1 95 260732 521464
 38 2506205
 587 233 220 19275864 303582059
 1
 1 104 0 94 1 50 1 61 358028 716056
 39 2506305
 587 233 220 21365171 237714255
 1
 1 89 1 56 1 45 1 134 159240 318480
 40 2506405
 587 233 220 21566722 238940992
 1
 1 85 1 77 1 62 1 74 316863 633726
 41 2506505
 587 233 220 25803781 289067087
 1
 1 109 1 80 1 68 1 50 472780 945560
 42 2506605
 587 233 220 24065407 320010863
 1
 1 76 1 74 1 50 1 107 183352 366704
 43 2506705
 587 233 220 22392594 352143512
 1
 1 82 1 80 1 71 1 64 347595 695190
 44 2506805
 587 233 220 19098366 200834385
 1
 1 114 0 67 0 25 1 157 144727 289454
 45 2506905
 587 233 220 23812242 265302984
 1
 1 63 0 55 1 31 1 280 77099 154198
 46 2507005
 587 233 220 24669723 345239799
 1
 1 86 0 58 1 36 1 167 141380 282760
 47 2507105
 587 233 220 24684424 460474900
 1
 1 118 0 54 1 42 1 112 169118 338236
 48 2507205
 587 233 220 22567541 364827891
 1
 1 59 1 49 1 48 1 216 105918 211836
 49 2507305
 587 233 220 25389173 385957178
 1
 1 91 0 54 1 45 1 136 155364 310728
 50 2507405
 587 233 220 21670762 237373684
 1
 1 60 1 40 1 32 1 391 46168 92336
 51 2507505
 587 233 220 18301147 307035531
 1
 1 66 1 64 1 36 1 197 106078 212156
 52 2507605
 587 233 220 24656243 459103963
 1
 1 96 0 72 0 31 1 140 186251 372502
 53 2507705
 587 233 220 25967332 336756631
 1
 1 78 0 37 1 27 1 386 58011 116022
 54 2507805
 587 233 220 23239437 398086824
 1
 1 99 0 68 0 23 1 194 138001 276002
 55 2507905
 587 233 220 18068138 207682212
 1
 1 100 0 94 0 28 1 114 228624 457248
 56 2508005
 587 233 220 19323402 358104276
 1
 1 90 0 41 1 34 1 239 97671 195342
 57 2508105
 587 233 220 20793390 321401790
 1
 1 85 0 73 1 40 1 121 207866 415732
 58 2508205
 587 233 220 25241329 314484147
 1
 1 105 0 81 1 46 1 76 341536 683072
 59 2508305
 587 233 220 21370212 224484293
 1
 1 76 1 52 1 46 1 165 156353 312706
 60 2508405
 587 233 220 20933716 358800825
 1
 1 78 1 72 1 58 1 92 233107 466214
 61 2508505
 587 233 220 23108489 410254728
 1
 1 109 1 68 1 64 1 63 331678 663356
 62 2508605
 587 233 220 22966340 418137985
 1
 1 70 1 63 1 50 1 136 160970 321940
 63 2508705
 587 233 220 24963871 395480568
 1
 1 82 1 76 1 59 1 81 282137 564274
 64 2508805
 587 233 220 25180258 495571266
 1
 1 114 0 54 0 20 1 244 104990 209980
 65 2508905
 587 233 220 25888999 418411004
 1
 1 55 0 50 1 26 1 420 46683 93366
 66 2509005
 587 233 220 20021864 362444909
 1
 1 87 0 45 1 32 1 240 106266 212532
 67 2509105
 587 233 220 24222123 335286528
 1
 1 119 0 41 1 38 1 162 143217 286434
 68 2509205
 587 233 220 25437116 431921556
 1
 1 60 1 44 1 36 1 316 68564 137128
 69 2509305
 587 233 220 20385325 322997401
 1
 1 91 0 50 1 32 1 206 91961 183922
 70 2509405
 587 233 220 23360261 385345051
 1
 1 56 0 32 1 28 1 599 31495 62990
 71 2509505
 587 233 220 23102585 347687047
 1
 1 99 1 64 1 62 1 76 278267 556534
 72 2509605
 587 233 220 20867043 282275244
 1
 1 96 1 95 1 68 1 48 542352 1084704
 73 2509705
 587 233 220 24050156 249806055
 1
 1 90 0 73 1 37 1 123 162030 324060
 74 2509805
 587 233 220 23547432 242916124
 1
 1 86 1 79 1 69 1 64 393590 787180
 75 2509905
 587 233 220 21747990 226346552
 1
 1 101 0 81 0 24 1 153 126824 253648
 76 2510005
 587 233 220 23978481 423403500
 1
 1 77 0 42 1 30 1 310 81890 163780
 77 2510105
 587 233 220 18087353 358394227
 1
 1 73 0 73 0 36 1 156 122967 245934
 78 2510205
 587 233 220 21599296 385299017
 1
 1 105 0 68 1 42 1 100 268657 537314
 79 2510305
 587 233 220 19778513 291651685
 1
 1 64 1 48 1 46 1 212 109165 218330
 80 2510405
 587 233 220 21083057 298392725
 1
 1 78 1 59 1 54 1 121 171993 343986
 81 2510505
 587 233 220 20088614 209813066
 1
 1 110 0 60 1 55 1 82 253041 506082
 82 2510605
 587 233 220 23780428 411133246
 1
 1 65 1 51 1 50 1 181 111112 222224
 83 2510705
 587 233 220 26272581 454334164
 1
 1 83 1 71 1 46 1 110 228050 456100
 84 2510805
 587 233 220 21230094 241581994
 1
 1 114 0 77 1 42 1 81 285888 571776
 85 2510905
 587 233 220 22441225 304612824
 1
 1 55 0 37 1 22 1 672 34983 69966
 86 2511005
 587 233 220 20618874 304172277
 1
 1 87 0 33 1 28 1 374 68259 136518
 87 2511105
 587 233 220 19831678 364352010
 1
 1 119 0 34 1 28 1 265 72302 144604
 88 2511205
 587 233 220 24082617 402789641
 1
 1 100 0 60 1 40 1 125 215936 431872
 89 2511305
 587 233 220 26990872 533601488
 1
 1 95 0 92 0 46 1 74 314258 628516
 90 2511405
 587 233 220 18723197 319197794
 1
 1 91 0 52 1 33 1 192 99854 199708
 91 2511505
 587 233 220 20975697 390047616
 1
 1 86 1 65 1 57 1 94 203083 406166
 92 2511605
 587 233 220 23250002 241927391
 1
 1 96 1 82 1 63 1 60 314150 628300
 93 2511705
 587 233 220 19109484 282541527
 1
 1 78 0 69 1 37 1 151 160627 321254
 94 2511805
 587 233 220 20948284 284726356
 1
 1 75 1 73 1 69 1 79 298135 596270
 95 2511905
 587 233 220 26239627 512115725
 1
 1 101 0 69 0 20 1 215 100125 200250
 96 2512005
 587 233 220 22672250 371193963
 1
 1 64 0 42 1 26 1 430 52679 105358
 97 2512105
 587 233 220 20966070 390492437
 1
 1 74 0 60 1 32 1 211 126262 252524
 98 2512205
 587 233 220 24217567 332289039
 1
 1 106 0 55 1 38 1 135 141816 283632
 99 2512305
 587 233 220 25343040 337230682
 1
 1 51 1 46 1 44 1 291 87160 174320
 100 2512405
 587 233 220 26872249 468652918
 1
 1 78 1 49 1 47 1 167 122074 244148
