 100
 1 2502505
 587 233 220 19891494 310921727
 3
 1 108 0 76 0 30 1 40 165355 330710
 2 110 0 43 1 25 1 33 89759 179518
 3 92 1 81 1 55 1 39 290064 580128
 2 2502605
 587 233 220 20311873 288775488
 3
 1 49 0 25 1 21 1 41 18169 36338
 2 60 1 51 1 41 1 53 86125 172250
 3 103 1 76 1 64 1 44 304608 609216
 3 2502705
 587 233 220 25210887 280742897
 3
 1 97 0 81 0 27 1 41 128362 256724
 2 102 0 78 0 39 1 42 202898 405796
 3 113 0 46 1 36 1 44 138091 276182
 4 2502805
 587 233 220 26850968 308521465
 3
 1 113 0 92 0 33 1 67 223324 446648
 2 52 1 37 1 28 1 60 37663 75326
 3 57 1 33 1 29 1 70 36701 73402
 5 2502905
 587 233 220 24275979 394988959
 3
 1 88 0 54 1 39 1 51 151383 302766
 2 94 0 54 1 36 1 38 150473 300946
 3 87 0 77 1 43 1 47 248443 496886
 6 2503005
 587 233 220 20280882 402617601
 3
 1 86 1 84 1 45 1 56 221832 443664
 2 81 0 45 1 34 1 56 78082 156164
 3 70 1 54 1 37 1 35 112967 225934
 7 2503105
 587 233 220 22962342 401470549
 3
 1 118 0 79 1 51 1 37 396331 792662
 2 86 0 32 1 31 1 44 71567 143134
 3 64 1 58 1 52 1 45 173655 347310
 8 2503205
 587 233 220 26917998 346837126
 3
 1 75 1 58 1 57 1 58 205613 411226
 2 57 1 37 1 30 1 66 44185 88370
 3 79 0 74 0 35 1 56 147273 294546
 9 2503305
 587 233 220 24885957 325148188
 3
 1 90 1 70 1 63 1 29 324828 649656
 2 84 0 78 0 28 1 32 124079 248158
 3 94 0 85 0 39 1 40 240968 481936
 10 2503405
 587 233 220 26838904 460268613
 3
 1 68 0 66 0 31 1 44 95098 190196
 2 120 0 34 1 26 1 41 94737 189474
 3 95 1 76 1 60 1 45 316471 632942
 11 2503505
 587 233 220 21571669 271657379
 3
 1 74 1 63 1 61 1 33 203388 406776
 2 71 0 60 0 25 1 36 84916 169832
 3 106 1 80 1 59 1 33 362041 724082
 12 2503605
 587 233 220 22273130 285409544
 3
 1 95 1 80 1 57 1 38 370269 740538
 2 112 0 87 0 23 1 29 192509 385018
 3 116 0 41 1 40 1 37 124003 248006
 13 2503705
 587 233 220 26151362 330608766
 3
 1 52 0 36 1 25 1 112 39348 78696
 2 63 0 37 1 21 1 76 36304 72608
 3 100 0 61 1 36 1 96 172984 345968
 14 2503805
 587 233 220 22158547 398987708
 3
 1 68 0 48 1 31 1 45 74217 148434
 2 104 1 80 1 63 1 41 416364 832728
 3 82 0 46 0 21 1 46 56121 112242
 15 2503905
 587 233 220 18433726 190091548
 3
 1 100 0 44 1 37 1 32 99527 199054
 2 90 1 78 1 55 1 49 318126 636252
 3 65 1 57 1 42 1 38 134234 268468
 16 2504005
 587 233 220 23527189 430482383
 3
 1 43 1 40 1 39 1 49 49178 98356
 2 97 0 76 1 40 1 51 252385 504770
 3 67 1 63 1 47 1 59 148570 297140
 17 2504105
 587 233 220 26677991 524131230
 3
 1 72 0 49 1 35 1 72 103198 206396
 2 75 1 66 1 47 1 76 149883 299766
 3 78 0 30 1 22 1 65 36369 72738
 18 2504205
 587 233 220 20805172 269294449
 3
 1 104 0 55 1 30 1 25 150881 301762
 2 92 1 89 1 73 1 24 387602 775204
 3 88 0 88 0 43 1 33 215822 431644
 19 2504305
 587 233 220 26650146 510947922
 3
 1 60 0 45 1 26 1 40 44565 89130
 2 71 1 43 1 39 1 40 75732 151464
 3 99 1 71 1 64 1 50 340696 681392
 20 2504405
 587 233 220 22054366 310022661
 3
 1 97 1 77 1 66 1 28 338358 676716
 2 81 1 69 1 69 1 32 279427 558854
 3 109 0 53 0 24 1 28 119888 239776
 21 2504505
 587 233 220 22535477 408501356
 3
 1 109 1 93 1 72 1 27 556314 1112628
 2 95 0 67 0 32 1 26 158450 316900
 3 119 0 45 1 36 1 26 147240 294480
 22 2504605
 587 233 220 25656694 419103090
 3
 1 89 1 78 1 50 1 29 247964 495928
 2 73 1 65 1 46 1 51 144949 289898
 3 94 0 66 1 39 1 36 173301 346602
 23 2504705
 587 233 220 24029212 353054058
 3
 1 84 0 81 0 23 1 50 117683 235366
 2 115 1 72 1 64 1 34 474143 948286
 3 77 0 49 1 25 1 44 83010 166020
 24 2504805
 587 233 220 23235744 254089953
 3
 1 113 0 80 0 29 1 35 220322 440644
 2 98 1 65 1 62 1 34 328163 656326
 3 60 1 59 1 46 1 45 136876 273752
 25 2504905
 587 233 220 21396994 364652995
 3
 1 75 0 54 1 35 1 47 105939 211878
 2 107 0 60 1 49 1 45 192760 385520
 3 70 1 67 1 42 1 47 152945 305890
 26 2505005
 587 233 220 19989094 327571725
 3
 1 86 0 71 1 41 1 46 204564 409128
 2 75 1 58 1 58 1 41 177648 355296
 3 100 0 81 0 27 1 37 166820 333640
 27 2505105
 587 233 220 22712891 397602908
 3
 1 118 0 66 1 47 1 39 287663 575326
 2 99 0 56 0 25 1 34 100778 201556
 3 91 1 83 1 48 1 30 302248 604496
 28 2505205
 587 233 220 22677440 281120783
 3
 1 62 1 59 1 52 1 32 149199 298398
 2 54 1 52 1 50 1 39 86197 172394
 3 102 1 69 1 65 1 40 285928 571856
 29 2505305
 587 233 220 22323289 265125147
 3
 1 91 1 58 1 57 1 40 199152 398304
 2 92 1 78 1 53 1 33 302866 605732
 3 112 0 48 1 28 1 36 91602 183204
 30 2505405
 587 233 220 20688907 233630111
 3
 1 64 0 53 1 32 1 154 72141 144282
 2 51 1 42 1 28 1 117 44411 88822
 3 49 1 32 1 30 1 134 37369 74738
 31 2505505
 587 233 220 20289199 217372648
 3
 1 70 1 63 1 49 1 45 186005 372010
 2 84 1 54 1 49 1 42 191076 382152
 3 89 0 70 1 42 1 42 192806 385612
 32 2505605
 587 233 220 24333428 446103446
 3
 1 95 0 76 1 44 1 57 212286 424572
 2 81 0 47 1 34 1 58 80195 160390
 3 71 0 52 1 30 1 40 99537 199074
 33 2505705
 587 233 220 25783828 457773962
 3
 1 40 1 36 1 21 1 84 23236 46472
 2 76 0 45 1 31 1 103 76968 153936
 3 63 1 54 1 51 1 95 131379 262758
 34 2505805
 587 233 220 25338917 349042387
 3
 1 68 0 35 1 27 1 47 42597 85194
 2 118 0 57 1 43 1 54 181197 362394
 3 73 0 72 0 36 1 59 136621 273242
 35 2505905
 587 233 220 24272784 412234622
 3
 1 100 0 33 1 31 1 46 91634 183268
 2 84 0 68 1 42 1 58 196227 392454
 3 95 0 84 0 31 1 46 178108 356216
 36 2506005
 587 233 220 18738214 314780656
 3
 1 41 1 39 1 26 1 57 26477 52954
 2 110 0 40 1 34 1 70 119189 238378
 3 94 1 77 1 52 1 45 291392 582784
 37 2506105
 587 233 220 25017944 451224520
 3
 1 98 0 73 1 44 1 25 247048 494096
 2 60 1 60 1 38 1 37 113559 227118
 3 105 1 73 1 60 1 37 334042 668084
 38 2506205
 587 233 220 25516424 351006922
 3
 1 104 0 94 1 50 1 34 334200 668400
 2 102 0 87 0 36 1 25 220478 440956
 3 115 0 42 1 33 1 34 98660 197320
 39 2506305
 587 233 220 21933548 320836014
 3
 1 89 1 56 1 45 1 97 176313 352626
 2 53 1 37 1 34 1 69 42581 85162
 3 54 0 35 1 25 1 77 32117 64234
 40 2506405
 587 233 220 24977258 485465514
 3
 1 85 1 77 1 62 1 28 313402 626804
 2 94 0 63 1 32 1 39 167912 335824
 3 83 1 75 1 45 1 40 238589 477178
 41 2506505
 587 233 220 24065519 334950450
 3
 1 109 1 80 1 68 1 35 503668 1007336
 2 90 0 45 1 31 1 37 100775 201550
 3 66 1 56 1 34 1 37 75504 151008
 42 2506605
 587 233 220 19946190 289536543
 3
 1 76 1 74 1 50 1 50 219774 439548
 2 86 0 40 1 29 1 61 88588 177176
 3 66 1 55 1 48 1 57 142261 284522
 43 2506705
 587 233 220 21112994 409940518
 3
 1 82 1 80 1 71 1 35 301275 602550
 2 66 0 37 1 27 1 49 48267 96534
 3 77 0 76 0 31 1 57 154798 309596
 44 2506805
 587 233 220 19246072 298072359
 3
 1 114 0 67 0 25 1 61 144971 289942
 2 92 0 79 0 25 1 44 133995 267990
 3 89 0 87 0 36 1 37 180890 361780
 45 2506905
 587 233 220 22914232 269170809
 3
 1 63 0 55 1 31 1 51 86075 172150
 2 120 0 43 1 23 1 39 86548 173096
 3 97 1 72 1 57 1 50 277955 555910
 46 2507005
 587 233 220 23348181 418719648
 3
 1 86 0 58 1 36 1 37 124840 249680
 2 71 0 69 0 22 1 37 71387 142774
 3 108 0 78 1 54 1 42 377169 754338
 47 2507105
 587 233 220 22664501 246690182
 3
 1 118 0 54 1 42 1 51 205846 411692
 2 112 0 95 0 20 1 41 186539 373078
 3 118 0 38 1 37 1 45 119724 239448
 48 2507205
 587 233 220 19214915 312911222
 3
 1 59 1 49 1 48 1 43 102543 205086
 2 79 1 63 1 46 1 54 156627 313254
 3 95 0 58 1 38 1 56 179329 358658
 49 2507305
 587 233 220 26897797 338539035
 3
 1 91 0 54 1 45 1 32 181780 363560
 2 105 1 77 1 72 1 24 473611 947222
 3 79 1 78 1 48 1 30 182766 365532
 50 2507405
 587 233 220 22648352 358583239
 3
 1 60 1 40 1 32 1 64 63112 126224
 2 98 1 75 1 55 1 40 267631 535262
 3 60 1 59 1 39 1 64 122125 244250
 51 2507505
 587 233 220 27009285 450827548
 3
 1 66 1 64 1 36 1 47 98203 196406
 2 97 1 73 1 49 1 49 295493 590986
 3 69 1 60 1 43 1 33 108302 216604
 52 2507605
 587 233 220 18211126 350968204
 3
 1 96 0 72 0 31 1 61 130918 261836
 2 75 1 72 1 47 1 56 220108 440216
 3 80 0 25 1 20 1 70 34826 69652
 53 2507705
 587 233 220 19624638 204550812
 3
 1 78 0 37 1 27 1 63 69345 138690
 2 89 0 70 0 25 1 52 124763 249526
 3 90 0 84 0 41 1 55 211989 423978
 54 2507805
 587 233 220 20134521 256053069
 3
 1 99 0 68 0 23 1 54 96171 192342
 2 68 1 52 1 40 1 53 116042 232084
 3 101 1 66 1 61 1 35 364682 729364
 55 2507905
 587 233 220 24546070 306479450
 3
 1 100 0 94 0 28 1 40 209991 419982
 2 81 1 78 1 66 1 36 365131 730262
 3 111 0 49 0 21 1 38 97398 194796
 56 2508005
 587 233 220 25025596 326726119
 3
 1 90 0 41 1 34 1 133 85199 170398
 2 64 0 32 1 28 1 131 39791 79582
 3 42 1 31 1 31 1 144 34436 68872
 57 2508105
 587 233 220 25470364 371112853
 3
 1 85 0 73 1 40 1 39 192436 384872
 2 73 1 62 1 54 1 42 169949 339898
 3 90 0 63 1 41 1 43 201098 402196
 58 2508205
 587 233 220 24620811 449521166
 3
 1 105 0 81 1 46 1 38 235758 471516
 2 115 1 81 1 61 1 22 447310 894620
 3 72 0 51 0 23 1 32 75955 151910
 59 2508305
 587 233 220 20023616 353306302
 3
 1 76 1 52 1 46 1 74 116469 232938
 2 66 0 59 1 31 1 52 73910 147820
 3 62 1 55 1 44 1 69 105813 211626
 60 2508405
 587 233 220 24212175 431828258
 3
 1 78 1 72 1 58 1 36 212426 424852
 2 107 1 57 1 57 1 37 280020 560040
 3 72 1 64 1 37 1 32 147555 295110
 61 2508505
 587 233 220 26131102 478307013
 3
 1 109 1 68 1 64 1 28 411754 823508
 2 84 1 58 1 55 1 31 227349 454698
 3 96 0 83 0 24 1 42 119566 239132
 62 2508605
 587 233 220 18439656 186160110
 3
 1 70 1 63 1 50 1 33 164209 328418
 2 100 0 53 1 34 1 39 138275 276550
 3 93 0 78 1 45 1 48 219079 438158
 63 2508705
 587 233 220 23989704 420454956
 3
 1 82 1 76 1 59 1 32 326554 653108
 2 60 1 51 1 50 1 29 128531 257062
 3 104 1 66 1 61 1 33 363575 727150
 64 2508805
 587 233 220 19074457 333541749
 3
 1 114 0 54 0 20 1 42 84692 169384
 2 92 1 87 1 50 1 46 257111 514222
 3 114 0 43 1 26 1 51 89162 178324
 65 2508905
 587 233 220 19042155 285566398
 3
 1 55 0 50 1 26 1 160 50831 101662
 2 48 1 42 1 37 1 167 55379 110758
 3 47 1 34 1 26 1 149 36021 72042
 66 2509005
 587 233 220 24195503 433197758
 3
 1 87 0 45 1 32 1 47 95163 190326
 2 84 1 63 1 46 1 52 160278 320556
 3 84 1 67 1 44 1 46 175180 350360
 67 2509105
 587 233 220 26581813 441888177
 3
 1 119 0 41 1 38 1 57 141920 283840
 2 90 0 44 1 35 1 79 95520 191040
 3 67 0 55 0 27 1 85 77435 154870
 68 2509205
 587 233 220 21840358 366605219
 3
 1 60 1 44 1 36 1 74 58262 116524
 2 76 1 42 1 40 1 81 95623 191246
 3 65 1 49 1 48 1 83 118366 236732
 69 2509305
 587 233 220 19364328 294648414
 3
 1 91 0 50 1 32 1 52 121329 242658
 2 118 0 66 1 40 1 48 201992 403984
 3 75 0 69 0 32 1 44 111147 222294
 70 2509405
 587 233 220 21396372 407024931
 3
 1 56 0 32 1 28 1 46 43620 87240
 2 92 0 68 1 39 1 69 172240 344480
 3 90 0 86 0 29 1 48 176862 353724
 71 2509505
 587 233 220 22634296 377563337
 3
 1 99 1 64 1 62 1 38 346192 692384
 2 110 0 43 1 37 1 30 126328 252656
 3 96 1 73 1 50 1 28 278113 556226
 72 2509605
 587 233 220 18700366 238137744
 3
 1 96 1 95 1 68 1 28 458421 916842
 2 69 1 61 1 35 1 24 108994 217988
 3 107 1 70 1 55 1 22 302032 604064
 73 2509705
 587 233 220 26404808 504520178
 3
 1 90 0 73 1 37 1 44 185250 370500
 2 102 0 95 0 33 1 44 273557 547114
 3 117 0 38 1 30 1 39 90039 180078
 74 2509805
 587 233 220 24671618 251224097
 3
 1 86 1 79 1 69 1 38 326310 652620
 2 53 1 46 1 31 1 47 57995 115990
 3 96 0 51 1 37 1 47 147939 295878
 75 2509905
 587 233 220 24288199 307022922
 3
 1 101 0 81 0 24 1 50 129633 259266
 2 94 0 72 0 29 1 43 162200 324400
 3 79 1 72 1 47 1 44 222808 445616
 76 2510005
 587 233 220 23475448 278852408
 3
 1 77 0 42 1 30 1 89 74944 149888
 2 98 0 45 1 28 1 95 79305 158610
 3 61 1 58 1 32 1 85 74092 148184
 77 2510105
 587 233 220 22015020 390324756
 3
 1 73 0 73 0 36 1 74 138946 277892
 2 87 0 49 1 26 1 67 81583 163166
 3 68 1 53 1 44 1 53 129431 258862
 78 2510205
 587 233 220 18715701 318865702
 3
 1 105 0 68 1 42 1 61 202307 404614
 2 75 0 37 1 24 1 53 45949 91898
 3 79 0 73 0 26 1 55 96313 192626
 79 2510305
 587 233 220 25930737 328234640
 3
 1 64 1 48 1 46 1 79 114271 228542
 2 79 0 25 1 22 1 55 38859 77718
 3 89 0 85 0 33 1 66 206106 412212
 80 2510405
 587 233 220 24510461 283617241
 3
 1 78 1 59 1 54 1 40 184256 368512
 2 120 0 52 0 20 1 57 100951 201902
 3 100 1 67 1 54 1 36 276774 553548
 81 2510505
 587 233 220 20542925 308513122
 3
 1 110 0 60 1 55 1 23 287294 574588
 2 80 1 78 1 71 1 28 380956 761912
 3 110 0 75 1 50 1 22 314126 628252
 82 2510605
 587 233 220 21093172 365301631
 3
 1 65 1 51 1 50 1 51 141089 282178
 2 113 0 78 0 28 1 56 213297 426594
 3 120 0 35 1 32 1 57 87572 175144
 83 2510705
 587 233 220 19067568 253358070
 3
 1 83 1 71 1 46 1 43 212010 424020
 2 76 1 63 1 54 1 46 165617 331234
 3 91 0 56 1 40 1 31 136813 273626
 84 2510805
 587 233 220 22066787 277111357
 3
 1 114 0 77 1 42 1 31 225759 451518
 2 105 1 81 1 74 1 23 535711 1071422
 3 76 1 73 1 50 1 15 173143 346286
 85 2510905
 587 233 220 22098663 346390899
 3
 1 55 0 37 1 22 1 117 33519 67038
 2 72 0 55 1 31 1 103 82658 165316
 3 61 1 56 1 36 1 99 75975 151950
 86 2511005
 587 233 220 24032642 283117648
 3
 1 87 0 33 1 28 1 60 59974 119948
 2 97 1 70 1 57 1 44 299762 599524
 3 71 1 57 1 38 1 52 97580 195160
 87 2511105
 587 233 220 19976727 373356321
 3
 1 119 0 34 1 28 1 39 97901 195802
 2 84 1 69 1 48 1 32 233364 466728
 3 97 1 82 1 78 1 27 529148 1058296
 88 2511205
 587 233 220 20182184 346379564
 3
 1 100 0 60 1 40 1 45 152350 304700
 2 89 0 67 1 34 1 44 154657 309314
 3 92 0 80 0 38 1 37 179474 358948
 89 2511305
 587 233 220 22401210 409918557
 3
 1 95 0 92 0 46 1 32 351301 702602
 2 65 1 60 1 40 1 32 114742 229484
 3 103 1 62 1 59 1 32 310947 621894
 90 2511405
 587 233 220 22719457 382465902
 3
 1 91 0 52 1 33 1 30 94157 188314
 2 87 1 81 1 63 1 26 337424 674848
 3 113 0 79 1 45 1 34 277134 554268
 91 2511505
 587 233 220 25225369 496384821
 3
 1 86 1 65 1 57 1 66 195739 391478
 2 61 1 37 1 32 1 80 51799 103598
 3 39 1 33 1 27 1 92 25114 50228
 92 2511605
 587 233 220 23554082 450687813
 3
 1 96 1 82 1 63 1 32 358809 717618
 2 74 1 63 1 59 1 33 194373 388746
 3 86 0 60 1 43 1 23 194779 389558
 93 2511705
 587 233 220 20209531 284440295
 3
 1 78 0 69 1 37 1 26 159225 318450
 2 115 1 90 1 58 1 37 463099 926198
 3 68 0 53 0 20 1 37 44560 89120
 94 2511805
 587 233 220 26995118 316020359
 3
 1 75 1 73 1 69 1 46 260919 521838
 2 66 1 56 1 40 1 55 115805 231610
 3 64 1 51 1 41 1 32 85881 171762
 95 2511905
 587 233 220 26252289 453695000
 3
 1 101 0 69 0 20 1 50 102579 205158
 2 108 0 66 1 54 1 40 327509 655018
 3 74 0 62 1 33 1 49 107093 214186
 96 2512005
 587 233 220 21722417 392859673
 3
 1 64 0 42 1 26 1 62 46835 93670
 2 92 1 58 1 52 1 53 240270 480540
 3 92 0 85 0 21 1 67 133127 266254
 97 2512105
 587 233 220 26297427 472964380
 3
 1 74 0 60 1 32 1 48 118784 237568
 2 100 0 50 1 43 1 50 166811 333622
 3 95 0 74 1 42 1 42 217351 434702
 98 2512205
 587 233 220 21657017 265698954
 3
 1 106 0 55 1 38 1 46 178853 357706
 2 69 1 50 1 48 1 42 129810 259620
 3 106 1 63 1 57 1 34 340162 680324
 99 2512305
 587 233 220 22574546 301318705
 3
 1 51 1 46 1 44 1 64 67842 135684
 2 95 0 92 1 47 1 46 282014 564028
 3 116 0 39 1 23 1 44 63153 126306
 100 2512405
 587 233 220 26271748 373254564
 3
 1 78 1 49 1 47 1 70 161607 323214
 2 46 1 45 1 43 1 75 65253 130506
 3 98 0 44 1 36 1 69 119858 239716
