100
 1 2502505
 587 233 220 24717607 492206253
 5
 1 108 0 76 0 30 1 24 178450 356900
 2 110 0 43 1 25 1 7 79984 159968
 3 92 1 81 1 55 1 22 303404 606808
 4 81 0 33 1 28 1 13 52620 105240
 5 120 1 99 1 73 1 15 703126 1406252
 2 2502605
 587 233 220 20191075 348797381
 5
 1 49 0 25 1 21 1 22 22927 45854
 2 60 1 51 1 41 1 22 103524 207048
 3 103 1 76 1 64 1 28 370763 741526
 4 95 1 70 1 62 1 25 354648 709296
 5 111 0 49 1 26 1 17 111507 223014
 3 2502705
 587 233 220 20721534 410863770
 5
 1 97 0 81 0 27 1 27 162512 325024
 2 102 0 78 0 39 1 31 243503 487006
 3 113 0 46 1 36 1 35 122214 244428
 4 66 1 50 1 42 1 37 118227 236454
 5 101 0 30 1 26 1 36 61282 122564
 4 2502805
 587 233 220 25314277 408684861
 5
 1 113 0 92 0 33 1 37 233286 466572
 2 52 1 37 1 28 1 44 47907 95814
 3 57 1 33 1 29 1 38 46614 93228
 4 99 0 37 1 30 1 39 68500 137000
 5 92 0 64 1 33 1 43 123356 246712
 5 2502905
 587 233 220 24751450 291470618
 5
 1 88 0 54 1 39 1 25 166386 332772
 2 94 0 54 1 36 1 27 110424 220848
 3 87 0 77 1 43 1 21 251162 502324
 4 100 1 80 1 72 1 20 427974 855948
 5 83 0 40 1 36 1 24 90593 181186
 6 2503005
 587 233 220 25781997 497476797
 5
 1 86 1 84 1 45 1 37 250849 501698
 2 81 0 45 1 34 1 30 102282 204564
 3 70 1 54 1 37 1 31 91828 183656
 4 71 1 61 1 52 1 18 143905 287810
 5 78 1 73 1 40 1 26 204921 409842
 7 2503105
 587 233 220 21281916 291143785
 5
 1 118 0 79 1 51 1 28 412296 824592
 2 86 0 32 1 31 1 31 76610 153220
 3 64 1 58 1 52 1 28 128319 256638
 4 42 1 42 1 32 1 39 43306 86612
 5 64 1 55 1 43 1 40 134691 269382
 8 2503205
 587 233 220 23404600 248966399
 5
 1 75 1 58 1 57 1 20 216689 433378
 2 57 1 37 1 30 1 24 53785 107570
 3 79 0 74 0 35 1 30 142422 284844
 4 104 1 99 1 74 1 20 526574 1053148
 5 55 1 46 1 31 1 28 56303 112606
 9 2503305
 587 233 220 24223221 297089157
 5
 1 90 1 70 1 63 1 16 307048 614096
 2 84 0 78 0 28 1 28 158756 317512
 3 94 0 85 0 39 1 20 265889 531778
 4 80 1 76 1 54 1 23 260107 520214
 5 69 1 50 1 45 1 31 97425 194850
 10 2503405
 587 233 220 18807806 307934478
 5
 1 68 0 66 0 31 1 32 109268 218536
 2 120 0 34 1 26 1 32 75736 151472
 3 95 1 76 1 60 1 35 287736 575472
 4 61 1 47 1 34 1 30 65042 130084
 5 53 1 45 1 36 1 45 69350 138700
 11 2503505
 587 233 220 20763051 255946446
 5
 1 74 1 63 1 61 1 22 207438 414876
 2 71 0 60 0 25 1 12 66472 132944
 3 106 1 80 1 59 1 25 445250 890500
 4 109 0 76 1 42 1 24 256825 513650
 5 118 0 56 0 22 1 11 125989 251978
 12 2503605
 587 233 220 26458360 425981523
 5
 1 95 1 80 1 57 1 24 340663 681326
 2 112 0 87 0 23 1 17 152175 304350
 3 116 0 41 1 40 1 12 136445 272890
 4 98 1 80 1 56 1 16 278500 557000
 5 108 1 60 1 59 1 17 254141 508282
 13 2503705
 587 233 220 23736435 299168531
 5
 1 52 0 36 1 25 1 53 40102 80204
 2 63 0 37 1 21 1 50 36964 73928
 3 100 0 61 1 36 1 35 136547 273094
 4 79 0 52 1 36 1 37 118239 236478
 5 99 0 63 1 36 1 53 178007 356014
 14 2503805
 587 233 220 23632815 293930187
 5
 1 68 0 48 1 31 1 22 80018 160036
 2 104 1 80 1 63 1 16 316083 632166
 3 82 0 46 0 21 1 20 69180 138360
 4 114 1 78 1 60 1 16 320507 641014
 5 90 1 74 1 66 1 21 327961 655922
 15 2503905
 587 233 220 22567574 392896919
 5
 1 100 0 44 1 37 1 21 123572 247144
 2 90 1 78 1 55 1 24 277671 555342
 3 65 1 57 1 42 1 27 96503 193006
 4 85 0 58 1 41 1 29 123696 247392
 5 81 1 69 1 50 1 26 182441 364882
 16 2504005
 587 233 220 25221635 435031541
 5
 1 43 1 40 1 39 1 30 59410 118820
 2 97 0 76 1 40 1 30 208536 417072
 3 67 1 63 1 47 1 28 146173 292346
 4 98 0 57 1 38 1 40 174041 348082
 5 73 0 71 0 27 1 35 113265 226530
 17 2504105
 587 233 220 18876148 326617838
 5
 1 72 0 49 1 35 1 22 91604 183208
 2 75 1 66 1 47 1 23 177597 355194
 3 78 0 30 1 22 1 27 33039 66078
 4 119 1 79 1 79 1 19 562557 1125114
 5 76 1 65 1 62 1 21 208010 416020
 18 2504205
 587 233 220 21013073 247882663
 5
 1 104 0 55 1 30 1 21 133098 266196
 2 92 1 89 1 73 1 17 524564 1049128
 3 88 0 88 0 43 1 13 246002 492004
 4 90 1 60 1 60 1 25 238156 476312
 5 79 1 53 1 41 1 22 116478 232956
 19 2504305
 587 233 220 19381600 350642954
 5
 1 60 0 45 1 26 1 27 59592 119184
 2 71 1 43 1 39 1 25 77481 154962
 3 99 1 71 1 64 1 29 270921 541842
 4 61 1 41 1 40 1 30 66971 133942
 5 83 1 79 1 43 1 32 241989 483978
 20 2504405
 587 233 220 22374084 294304941
 5
 1 97 1 77 1 66 1 24 351936 703872
 2 81 1 69 1 69 1 23 236837 473674
 3 109 0 53 0 24 1 24 123494 246988
 4 98 0 33 1 20 1 20 44172 88344
 5 86 0 56 1 34 1 29 99367 198734
 21 2504505
 587 233 220 26431707 457301382
 5
 1 109 1 93 1 72 1 15 497070 994140
 2 95 0 67 0 32 1 17 139665 279330
 3 119 0 45 1 36 1 23 120146 240292
 4 95 1 78 1 62 1 12 374439 748878
 5 116 0 89 0 32 1 17 277791 555582
 22 2504605
 587 233 220 19683411 298227353
 5
 1 89 1 78 1 50 1 22 304965 609930
 2 73 1 65 1 46 1 14 170022 340044
 3 94 0 66 1 39 1 32 164582 329164
 4 66 1 59 1 42 1 21 108220 216440
 5 106 1 93 1 70 1 11 549655 1099310
 23 2504705
 587 233 220 20798211 227994002
 5
 1 84 0 81 0 23 1 30 118092 236184
 2 115 1 72 1 64 1 19 426403 852806
 3 77 0 49 1 25 1 18 82120 164240
 4 40 1 37 1 22 1 24 21078 42156
 5 97 0 96 0 46 1 29 290781 581562
 24 2504805
 587 233 220 25385525 500823470
 5
 1 113 0 80 0 29 1 17 190753 381506
 2 98 1 65 1 62 1 18 345691 691382
 3 60 1 59 1 46 1 19 98162 196324
 4 100 1 97 1 64 1 17 391875 783750
 5 99 0 88 0 23 1 22 149436 298872
 25 2504905
 587 233 220 21210616 374577163
 5
 1 75 0 54 1 35 1 40 94753 189506
 2 107 0 60 1 49 1 24 274234 548468
 3 70 1 67 1 42 1 31 173703 347406
 4 78 1 71 1 44 1 29 212335 424670
 5 78 0 61 0 27 1 28 96297 192594
 26 2505005
 587 233 220 19585148 320997551
 5
 1 86 0 71 1 41 1 41 186324 372648
 2 75 1 58 1 58 1 35 160861 321722
 3 100 0 81 0 27 1 29 167266 334532
 4 59 0 42 1 24 1 29 39126 78252
 5 69 0 37 1 30 1 35 59942 119884
 27 2505105
 587 233 220 26866692 287207838
 5
 1 118 0 66 1 47 1 26 289357 578714
 2 99 0 56 0 25 1 22 123868 247736
 3 91 1 83 1 48 1 22 273671 547342
 4 104 0 66 1 40 1 23 180546 361092
 5 75 0 60 1 33 1 21 121742 243484
 28 2505205
 587 233 220 22441428 289038656
 5
 1 62 1 59 1 52 1 22 144553 289106
 2 54 1 52 1 50 1 19 111842 223684
 3 102 1 69 1 65 1 25 298313 596626
 4 97 0 76 1 46 1 26 277086 554172
 5 52 1 50 1 37 1 30 77754 155508
 29 2505305
 587 233 220 24859598 285518293
 5
 1 91 1 58 1 57 1 32 204005 408010
 2 92 1 78 1 53 1 29 229038 458076
 3 112 0 48 1 28 1 32 117926 235852
 4 78 0 47 1 26 1 34 78338 156676
 5 41 1 40 1 28 1 29 32407 64814
 30 2505405
 587 233 220 24546712 373406206
 5
 1 64 0 53 1 32 1 40 96476 192952
 2 51 1 42 1 28 1 46 41802 83604
 3 49 1 32 1 30 1 31 32368 64736
 4 109 1 68 1 59 1 41 272830 545660
 5 66 0 43 1 32 1 38 57555 115110
 31 2505505
 587 233 220 26080464 301876757
 5
 1 70 1 63 1 49 1 31 171203 342406
 2 84 1 54 1 49 1 27 140489 280978
 3 89 0 70 1 42 1 24 174747 349494
 4 80 0 48 1 39 1 32 134109 268218
 5 114 0 47 1 42 1 28 144076 288152
 32 2505605
 587 233 220 19562677 361558640
 5
 1 95 0 76 1 44 1 31 205050 410100
 2 81 0 47 1 34 1 30 111169 222338
 3 71 0 52 1 30 1 29 67894 135788
 4 96 0 52 1 28 1 31 123928 247856
 5 104 0 80 1 50 1 21 259313 518626
 33 2505705
 587 233 220 19384711 329512656
 5
 1 40 1 36 1 21 1 20 26539 53078
 2 76 0 45 1 31 1 25 77406 154812
 3 63 1 54 1 51 1 21 156016 312032
 4 114 1 77 1 69 1 26 380720 761440
 5 95 1 57 1 53 1 24 228728 457456
 34 2505805
 587 233 220 25947631 471782585
 5
 1 68 0 35 1 27 1 28 41515 83030
 2 118 0 57 1 43 1 31 237423 474846
 3 73 0 72 0 36 1 28 143486 286972
 4 85 1 58 1 50 1 34 221100 442200
 5 86 0 56 1 33 1 35 121349 242698
 35 2505905
 587 233 220 23619663 371314158
 5
 1 100 0 33 1 31 1 24 84729 169458
 2 84 0 68 1 42 1 28 189091 378182
 3 95 0 84 0 31 1 40 187994 375988
 4 57 1 39 1 30 1 27 53933 107866
 5 76 1 71 1 60 1 28 233603 467206
 36 2506005
 587 233 220 21092908 316371774
 5
 1 41 1 39 1 26 1 24 31518 63036
 2 110 0 40 1 34 1 13 113522 227044
 3 94 1 77 1 52 1 33 251194 502388
 4 119 1 96 1 71 1 13 595070 1190140
 5 67 1 63 1 47 1 21 168519 337038
 37 2506105
 587 233 220 18572706 240066034
 5
 1 98 0 73 1 44 1 20 266250 532500
 2 60 1 60 1 38 1 16 97976 195952
 3 105 1 73 1 60 1 23 319784 639568
 4 90 1 77 1 52 1 24 283162 566324
 5 66 0 58 0 24 1 22 71518 143036
 38 2506205
 587 233 220 25966545 422405931
 5
 1 104 0 94 1 50 1 26 408515 817030
 2 102 0 87 0 36 1 17 216495 432990
 3 115 0 42 1 33 1 21 112976 225952
 4 61 1 58 1 32 1 25 99386 198772
 5 70 1 62 1 48 1 27 144296 288592
 39 2506305
 587 233 220 20580303 230372437
 5
 1 89 1 56 1 45 1 61 141689 283378
 2 53 1 37 1 34 1 61 46736 93472
 3 54 0 35 1 25 1 41 29491 58982
 4 73 0 39 1 33 1 54 67523 135046
 5 73 1 39 1 38 1 49 84920 169840
 40 2506405
 587 233 220 23398760 333517414
 5
 1 85 1 77 1 62 1 13 276711 553422
 2 94 0 63 1 32 1 19 122209 244418
 3 83 1 75 1 45 1 21 193864 387728
 4 95 1 95 1 54 1 24 379928 759856
 5 76 0 76 0 30 1 19 131151 262302
 41 2506505
 587 233 220 25950268 434862299
 5
 1 109 1 80 1 68 1 20 373405 746810
 2 90 0 45 1 31 1 17 110776 221552
 3 66 1 56 1 34 1 20 75822 151644
 4 76 0 66 1 34 1 21 145811 291622
 5 111 0 80 1 53 1 20 291495 582990
 42 2506605
 587 233 220 25722817 335961777
 5
 1 76 1 74 1 50 1 29 248785 497570
 2 86 0 40 1 29 1 30 68476 136952
 3 66 1 55 1 48 1 30 116314 232628
 4 75 0 57 1 37 1 37 113627 227254
 5 102 0 83 0 29 1 32 181120 362240
 43 2506705
 587 233 220 19910146 372172672
 5
 1 82 1 80 1 71 1 16 341528 683056
 2 66 0 37 1 27 1 16 43837 87674
 3 77 0 76 0 31 1 19 129913 259826
 4 100 0 56 1 38 1 29 162343 324686
 5 93 1 86 1 67 1 22 452790 905580
 44 2506805
 587 233 220 26988048 529860865
 5
 1 114 0 67 0 25 1 31 135033 270066
 2 92 0 79 0 25 1 33 148563 297126
 3 89 0 87 0 36 1 26 190785 381570
 4 95 0 71 1 36 1 23 168804 337608
 5 90 0 83 1 43 1 16 273945 547890
 45 2506905
 587 233 220 18999161 235663968
 5
 1 63 0 55 1 31 1 26 85970 171940
 2 120 0 43 1 23 1 46 92306 184612
 3 97 1 72 1 57 1 25 337219 674438
 4 77 1 76 1 42 1 26 203136 406272
 5 93 0 74 0 20 1 38 89047 178094
 46 2507005
 587 233 220 22953604 438987936
 5
 1 86 0 58 1 36 1 18 155633 311266
 2 71 0 69 0 22 1 20 68131 136262
 3 108 0 78 1 54 1 22 299169 598338
 4 104 1 58 1 57 1 19 206722 413444
 5 96 1 65 1 58 1 22 228610 457220
 47 2507105
 587 233 220 26831001 310929191
 5
 1 118 0 54 1 42 1 27 206626 413252
 2 112 0 95 0 20 1 35 180834 361668
 3 118 0 38 1 37 1 39 108577 217154
 4 76 0 38 1 38 1 29 72009 144018
 5 100 0 56 1 34 1 30 115512 231024
 48 2507205
 587 233 220 20629106 244197067
 5
 1 59 1 49 1 48 1 18 116915 233830
 2 79 1 63 1 46 1 28 182187 364374
 3 95 0 58 1 38 1 29 138751 277502
 4 95 0 79 1 47 1 35 240039 480078
 5 72 0 46 1 27 1 29 58460 116920
 49 2507305
 587 233 220 24461436 262310604
 5
 1 91 0 54 1 45 1 18 145544 291088
 2 105 1 77 1 72 1 18 421156 842312
 3 79 1 78 1 48 1 18 228355 456710
 4 109 1 76 1 59 1 18 413999 827998
 5 48 1 37 1 30 1 22 47192 94384
 50 2507405
 587 233 220 25017917 277444220
 5
 1 60 1 40 1 32 1 32 54234 108468
 2 98 1 75 1 55 1 38 322420 644840
 3 60 1 59 1 39 1 15 90698 181396
 4 81 0 56 1 40 1 38 139622 279244
 5 119 0 34 1 25 1 32 82237 164474
 51 2507505
 587 233 220 18068422 243997879
 5
 1 66 1 64 1 36 1 30 124502 249004
 2 97 1 73 1 49 1 34 234490 468980
 3 69 1 60 1 43 1 37 130683 261366
 4 52 0 37 1 20 1 28 28672 57344
 5 109 0 63 1 37 1 23 215187 430374
 52 2507605
 587 233 220 19639319 356625147
 5
 1 96 0 72 0 31 1 17 192358 384716
 2 75 1 72 1 47 1 24 174779 349558
 3 80 0 25 1 20 1 17 28316 56632
 4 114 1 94 1 61 1 26 557236 1114472
 5 100 0 40 1 39 1 17 107702 215404
 53 2507705
 587 233 220 22698801 287676599
 5
 1 78 0 37 1 27 1 38 49828 99656
 2 89 0 70 0 25 1 24 125601 251202
 3 90 0 84 0 41 1 24 255060 510120
 4 85 0 75 1 42 1 25 234121 468242
 5 91 0 77 1 44 1 30 221526 443052
 54 2507805
 587 233 220 22582857 401122102
 5
 1 99 0 68 0 23 1 34 97545 195090
 2 68 1 52 1 40 1 26 103714 207428
 3 101 1 66 1 61 1 37 284177 568354
 4 57 0 56 0 22 1 22 61670 123340
 5 81 1 54 1 47 1 22 148676 297352
 55 2507905
 587 233 220 22576413 232026256
 5
 1 100 0 94 0 28 1 25 166062 332124
 2 81 1 78 1 66 1 27 355066 710132
 3 111 0 49 0 21 1 20 88614 177228
 4 119 0 63 1 37 1 29 249056 498112
 5 72 0 50 1 30 1 16 74902 149804
 56 2508005
 587 233 220 25813708 510723205
 5
 1 90 0 41 1 34 1 46 91406 182812
 2 64 0 32 1 28 1 26 37976 75952
 3 42 1 31 1 31 1 36 31721 63442
 4 94 0 90 0 44 1 33 312374 624748
 5 68 1 63 1 53 1 40 201291 402582
 57 2508105
 587 233 220 18828996 250997703
 5
 1 85 0 73 1 40 1 24 189097 378194
 2 73 1 62 1 54 1 37 194382 388764
 3 90 0 63 1 41 1 27 150480 300960
 4 75 0 61 0 24 1 34 66943 133886
 5 57 1 53 1 44 1 37 86261 172522
 58 2508205
 587 233 220 18685366 242837979
 5
 1 105 0 81 1 46 1 26 240234 480468
 2 115 1 81 1 61 1 25 414891 829782
 3 72 0 51 0 23 1 20 61010 122020
 4 65 1 56 1 33 1 21 80058 160116
 5 60 0 44 0 21 1 22 46155 92310
 59 2508305
 587 233 220 26985668 275068555
 5
 1 76 1 52 1 46 1 45 130653 261306
 2 66 0 59 1 31 1 39 82285 164570
 3 62 1 55 1 44 1 34 130755 261510
 4 95 0 46 1 36 1 43 110109 220218
 5 63 1 59 1 35 1 40 95445 190890
 60 2508405
 587 233 220 24233742 269658880
 5
 1 78 1 72 1 58 1 23 290480 580960
 2 107 1 57 1 57 1 30 292656 585312
 3 72 1 64 1 37 1 20 134649 269298
 4 93 0 66 0 26 1 20 120636 241272
 5 116 0 67 1 35 1 20 203026 406052
 61 2508505
 587 233 220 23754978 332301020
 5
 1 109 1 68 1 64 1 12 287840 575680
 2 84 1 58 1 55 1 19 172150 344300
 3 96 0 83 0 24 1 11 167556 335112
 4 74 0 67 1 37 1 15 148955 297910
 5 107 1 73 1 70 1 26 382592 765184
 62 2508605
 587 233 220 20075271 379864462
 5
 1 70 1 63 1 50 1 21 137175 274350
 2 100 0 53 1 34 1 17 160920 321840
 3 93 0 78 1 45 1 19 274107 548214
 4 100 0 55 1 48 1 26 186578 373156
 5 98 1 73 1 50 1 26 217296 434592
 63 2508705
 587 233 220 24507614 351773899
 5
 1 82 1 76 1 59 1 24 233772 467544
 2 60 1 51 1 50 1 17 107278 214556
 3 104 1 66 1 61 1 28 364361 728722
 4 71 0 36 1 28 1 24 45107 90214
 5 89 0 77 0 26 1 27 143834 287668
 64 2508805
 587 233 220 26196635 303671091
 5
 1 114 0 54 0 20 1 25 79675 159350
 2 92 1 87 1 50 1 18 360058 720116
 3 114 0 43 1 26 1 32 100334 200668
 4 93 0 69 1 42 1 26 196494 392988
 5 80 1 79 1 64 1 21 285467 570934
 65 2508905
 587 233 220 19460601 212176704
 5
 1 55 0 50 1 26 1 30 52204 104408
 2 48 1 42 1 37 1 41 45070 90140
 3 47 1 34 1 26 1 44 31719 63438
 4 104 0 74 1 50 1 39 334415 668830
 5 83 0 70 1 40 1 33 195374 390748
 66 2509005
 587 233 220 21484597 380060578
 5
 1 87 0 45 1 32 1 28 79910 159820
 2 84 1 63 1 46 1 25 218655 437310
 3 84 1 67 1 44 1 28 169969 339938
 4 76 0 55 1 30 1 29 83978 167956
 5 87 1 78 1 61 1 23 262929 525858
 67 2509105
 587 233 220 22594257 324214740
 5
 1 119 0 41 1 38 1 32 158854 317708
 2 90 0 44 1 35 1 28 109087 218174
 3 67 0 55 0 27 1 40 69245 138490
 4 71 1 47 1 36 1 38 101574 203148
 5 90 1 55 1 51 1 46 161017 322034
 68 2509205
 587 233 220 19607742 216771687
 5
 1 60 1 44 1 36 1 21 77301 154602
 2 76 1 42 1 40 1 25 88172 176344
 3 65 1 49 1 48 1 23 106371 212742
 4 109 0 92 1 51 1 35 358876 717752
 5 93 0 42 1 31 1 26 104640 209280
 69 2509305
 587 233 220 27037302 450879528
 5
 1 91 0 50 1 32 1 33 103763 207526
 2 118 0 66 1 40 1 30 262085 524170
 3 75 0 69 0 32 1 30 122360 244720
 4 81 0 73 0 32 1 24 141596 283192
 5 97 0 69 0 33 1 29 140993 281986
 70 2509405
 587 233 220 19411790 217501410
 5
 1 56 0 32 1 28 1 21 36233 72466
 2 92 0 68 1 39 1 25 205310 410620
 3 90 0 86 0 29 1 33 171952 343904
 4 73 1 54 1 52 1 23 135066 270132
 5 114 0 100 0 45 1 21 436382 872764
 71 2509505
 587 233 220 22803855 370819547
 5
 1 99 1 64 1 62 1 29 235881 471762
 2 110 0 43 1 37 1 21 140796 281592
 3 96 1 73 1 50 1 24 300655 601310
 4 114 0 53 1 35 1 23 156667 313334
 5 105 0 27 1 22 1 25 40824 81648
 72 2509605
 587 233 220 24254365 244804417
 5
 1 96 1 95 1 68 1 20 461796 923592
 2 69 1 61 1 35 1 15 127865 255730
 3 107 1 70 1 55 1 19 365273 730546
 4 92 0 85 0 34 1 18 210730 421460
 5 96 0 60 1 31 1 16 137359 274718
 73 2509705
 587 233 220 19597762 258539318
 5
 1 90 0 73 1 37 1 27 201185 402370
 2 102 0 95 0 33 1 26 251993 503986
 3 117 0 38 1 30 1 29 119168 238336
 4 75 1 73 1 57 1 29 201370 402740
 5 86 0 36 1 34 1 21 81728 163456
 74 2509805
 587 233 220 19112523 349886935
 5
 1 86 1 79 1 69 1 19 298730 597460
 2 53 1 46 1 31 1 26 63873 127746
 3 96 0 51 1 37 1 25 139955 279910
 4 119 0 55 1 54 1 23 306593 613186
 5 77 0 74 0 37 1 31 178460 356920
 75 2509905
 587 233 220 19405822 226726860
 5
 1 101 0 81 0 24 1 35 135747 271494
 2 94 0 72 0 29 1 37 160454 320908
 3 79 1 72 1 47 1 31 183423 366846
 4 90 0 36 1 35 1 31 69859 139718
 5 68 1 51 1 40 1 29 88844 177688
 76 2510005
 587 233 220 21234493 352784195
 5
 1 77 0 42 1 30 1 34 81999 163998
 2 98 0 45 1 28 1 42 90549 181098
 3 61 1 58 1 32 1 40 76736 153472
 4 92 1 77 1 61 1 33 309559 619118
 5 58 0 44 1 27 1 39 50491 100982
 77 2510105
 587 233 220 23741303 362064534
 5
 1 73 0 73 0 36 1 41 165585 331170
 2 87 0 49 1 26 1 50 67941 135882
 3 68 1 53 1 44 1 45 107781 215562
 4 73 0 57 1 33 1 37 90299 180598
 5 65 1 49 1 47 1 29 98527 197054
 78 2510205
 587 233 220 24416118 347840119
 5
 1 105 0 68 1 42 1 39 239362 478724
 2 75 0 37 1 24 1 41 46158 92316
 3 79 0 73 0 26 1 33 116748 233496
 4 95 0 53 1 38 1 39 165801 331602
 5 50 1 41 1 40 1 39 60804 121608
 79 2510305
 587 233 220 21710954 354954586
 5
 1 64 1 48 1 46 1 50 99325 198650
 2 79 0 25 1 22 1 43 37946 75892
 3 89 0 85 0 33 1 39 189966 379932
 4 79 0 66 1 34 1 35 151449 302898
 5 79 0 54 1 31 1 39 93945 187890
 80 2510405
 587 233 220 22815113 306120719
 5
 1 78 1 59 1 54 1 21 210348 420696
 2 120 0 52 0 20 1 25 93567 187134
 3 100 1 67 1 54 1 25 274517 549034
 4 91 0 59 1 37 1 22 145957 291914
 5 112 0 57 1 56 1 23 273474 546948
 81 2510505
 587 233 220 20098193 396302676
 5
 1 110 0 60 1 55 1 11 235385 470770
 2 80 1 78 1 71 1 21 297430 594860
 3 110 0 75 1 50 1 22 260253 520506
 4 100 0 72 1 40 1 12 174473 348946
 5 103 0 60 1 32 1 20 161557 323114
 82 2510605
 587 233 220 19590989 198232846
 5
 1 65 1 51 1 50 1 31 131846 263692
 2 113 0 78 0 28 1 24 156881 313762
 3 120 0 35 1 32 1 29 115359 230718
 4 71 0 53 0 20 1 36 60175 120350
 5 94 1 70 1 64 1 29 330678 661356
 83 2510705
 587 233 220 26453962 352804628
 5
 1 83 1 71 1 46 1 30 218791 437582
 2 76 1 63 1 54 1 27 185385 370770
 3 91 0 56 1 40 1 28 175183 350366
 4 61 1 42 1 34 1 25 72224 144448
 5 84 1 67 1 47 1 26 228957 457914
 84 2510805
 587 233 220 21716274 421720727
 5
 1 114 0 77 1 42 1 25 302827 605654
 2 105 1 81 1 74 1 17 441620 883240
 3 76 1 73 1 50 1 16 221434 442868
 4 104 0 91 0 41 1 9 297458 594916
 5 75 0 70 0 23 1 18 99066 198132
 85 2510905
 587 233 220 25325205 442385508
 5
 1 55 0 37 1 22 1 42 33968 67936
 2 72 0 55 1 31 1 45 81967 163934
 3 61 1 56 1 36 1 37 82261 164522
 4 76 0 72 0 22 1 41 76965 153930
 5 74 1 66 1 61 1 44 251151 502302
 86 2511005
 587 233 220 21236656 237477484
 5
 1 87 0 33 1 28 1 35 68701 137402
 2 97 1 70 1 57 1 33 262945 525890
 3 71 1 57 1 38 1 28 122133 244266
 4 63 1 53 1 47 1 37 111879 223758
 5 77 0 56 1 37 1 27 120352 240704
 87 2511105
 587 233 220 24246654 365767368
 5
 1 119 0 34 1 28 1 25 85284 170568
 2 84 1 69 1 48 1 21 198158 396316
 3 97 1 82 1 78 1 22 480095 960190
 4 109 0 43 1 33 1 16 120424 240848
 5 80 1 75 1 47 1 18 247214 494428
 88 2511205
 587 233 220 22901017 381555922
 5
 1 100 0 60 1 40 1 29 192952 385904
 2 89 0 67 1 34 1 31 142411 284822
 3 92 0 80 0 38 1 28 208097 416194
 4 90 0 81 0 24 1 27 130152 260304
 5 84 0 52 1 38 1 25 128908 257816
 89 2511305
 587 233 220 18264313 327181473
 5
 1 95 0 92 0 46 1 19 255612 511224
 2 65 1 60 1 40 1 19 111961 223922
 3 103 1 62 1 59 1 25 240301 480602
 4 71 1 65 1 52 1 14 150325 300650
 5 119 0 87 0 28 1 23 222849 445698
 90 2511405
 587 233 220 19270046 255840179
 5
 1 91 0 52 1 33 1 17 102474 204948
 2 87 1 81 1 63 1 14 313440 626880
 3 113 0 79 1 45 1 15 313064 626128
 4 114 0 52 1 45 1 22 173221 346442
 5 110 1 90 1 66 1 14 409346 818692
 91 2511505
 587 233 220 20814648 324315514
 5
 1 86 1 65 1 57 1 25 195908 391816
 2 61 1 37 1 32 1 31 49725 99450
 3 39 1 33 1 27 1 32 24957 49914
 4 85 0 33 1 26 1 38 61000 122000
 5 101 0 94 0 42 1 40 332118 664236
 92 2511605
 587 233 220 18844096 202319040
 5
 1 96 1 82 1 63 1 17 351594 703188
 2 74 1 63 1 59 1 21 200423 400846
 3 86 0 60 1 43 1 22 147428 294856
 4 90 1 67 1 57 1 11 279198 558396
 5 97 1 91 1 80 1 10 468498 936996
 93 2511705
 587 233 220 26071527 489872003
 5
 1 78 0 69 1 37 1 12 174443 348886
 2 115 1 90 1 58 1 13 460896 921792
 3 68 0 53 0 20 1 16 55287 110574
 4 119 0 71 1 47 1 26 270086 540172
 5 100 1 82 1 57 1 18 306351 612702
 94 2511805
 587 233 220 22883427 285272932
 5
 1 75 1 73 1 69 1 36 282200 564400
 2 66 1 56 1 40 1 39 126450 252900
 3 64 1 51 1 41 1 38 107409 214818
 4 90 0 52 1 28 1 30 89073 178146
 5 73 0 33 1 28 1 25 50930 101860
 95 2511905
 587 233 220 26775283 366515781
 5
 1 101 0 69 0 20 1 27 88054 176108
 2 108 0 66 1 54 1 36 310333 620666
 3 74 0 62 1 33 1 26 113631 227262
 4 69 0 61 1 33 1 28 85364 170728
 5 71 0 64 0 31 1 32 109156 218312
 96 2512005
 587 233 220 22550121 421809155
 5
 1 64 0 42 1 26 1 41 53111 106222
 2 92 1 58 1 52 1 41 215175 430350
 3 92 0 85 0 21 1 35 147212 294424
 4 90 0 49 1 33 1 45 92445 184890
 5 54 1 48 1 34 1 40 79201 158402
 97 2512105
 587 233 220 22872726 338538265
 5
 1 74 0 60 1 32 1 32 127696 255392
 2 100 0 50 1 43 1 33 188922 377844
 3 95 0 74 1 42 1 37 260270 520540
 4 95 0 70 0 30 1 31 164571 329142
 5 45 1 37 1 24 1 32 28219 56438
 98 2512205
 587 233 220 20099374 250713747
 5
 1 106 0 55 1 38 1 33 167057 334114
 2 69 1 50 1 48 1 32 138545 277090
 3 106 1 63 1 57 1 20 305802 611604
 4 71 1 66 1 51 1 33 211546 423092
 5 62 1 41 1 36 1 20 77981 155962
 99 2512305
 587 233 220 23248112 278301561
 5
 1 51 1 46 1 44 1 47 89190 178380
 2 95 0 92 1 47 1 32 337703 675406
 3 116 0 39 1 23 1 30 91489 182978
 4 51 1 37 1 32 1 28 36664 73328
 5 117 0 44 1 38 1 37 165864 331728
 100 2512405
 587 233 220 22336729 369175790
 5
 1 78 1 49 1 47 1 24 152744 305488
 2 46 1 45 1 43 1 25 78347 156694
 3 98 0 44 1 36 1 33 96900 193800
 4 100 0 89 0 31 1 34 226179 452358
 5 108 0 76 1 47 1 23 240394 480788
