100
 1 2502505
 587 233 220 25521843 397290680
 8
 1 108 0 76 0 30 1 24 208818 417636
 2 110 0 43 1 25 1 9 106072 212144
 3 92 1 81 1 55 1 8 271910 543820
 4 81 0 33 1 28 1 11 46347 92694
 5 120 1 99 1 73 1 11 637560 1275120
 6 111 0 70 1 48 1 10 327310 654620
 7 98 0 72 1 46 1 12 271350 542700
 8 95 0 66 0 31 1 9 129024 258048
 2 2502605
 587 233 220 22517647 382535906
 8
 1 49 0 25 1 21 1 16 18076 36152
 2 60 1 51 1 41 1 8 96941 193882
 3 103 1 76 1 64 1 16 356673 713346
 4 95 1 70 1 62 1 18 349686 699372
 5 111 0 49 1 26 1 18 90148 180296
 6 85 1 84 1 72 1 16 337327 674654
 7 48 1 36 1 31 1 17 32735 65470
 8 86 0 76 0 38 1 6 198515 397030
 3 2502705
 587 233 220 24107708 345080414
 8
 1 97 0 81 0 27 1 10 163868 327736
 2 102 0 78 0 39 1 20 238672 477344
 3 113 0 46 1 36 1 18 125881 251762
 4 66 1 50 1 42 1 21 100544 201088
 5 101 0 30 1 26 1 16 55616 111232
 6 100 0 56 1 35 1 17 159624 319248
 7 91 0 50 1 40 1 22 134738 269476
 8 106 1 61 1 56 1 19 308638 617276
 4 2502805
 587 233 220 20007613 374495009
 8
 1 113 0 92 0 33 1 23 272729 545458
 2 52 1 37 1 28 1 22 46811 93622
 3 57 1 33 1 29 1 26 37253 74506
 4 99 0 37 1 30 1 17 85773 171546
 5 92 0 64 1 33 1 23 124875 249750
 6 119 0 59 1 39 1 26 186682 373364
 7 54 1 52 1 49 1 18 112834 225668
 8 75 0 45 1 35 1 30 102355 204710
 5 2502905
 587 233 220 27075772 341544728
 8
 1 88 0 54 1 39 1 16 116757 233514
 2 94 0 54 1 36 1 14 138325 276650
 3 87 0 77 1 43 1 20 239268 478536
 4 100 1 80 1 72 1 16 397545 795090
 5 83 0 40 1 36 1 6 74196 148392
 6 91 0 54 0 22 1 15 85312 170624
 7 109 0 58 1 54 1 17 275749 551498
 8 94 0 55 1 30 1 9 122272 244544
 6 2503005
 587 233 220 19637882 293168659
 8
 1 86 1 84 1 45 1 23 222014 444028
 2 81 0 45 1 34 1 24 93233 186466
 3 70 1 54 1 37 1 24 118578 237156
 4 71 1 61 1 52 1 12 170286 340572
 5 78 1 73 1 40 1 18 148997 297994
 6 69 1 63 1 46 1 14 177718 355436
 7 72 1 67 1 56 1 13 220052 440104
 8 75 0 75 0 36 1 15 137607 275214
 7 2503105
 587 233 220 26360423 520234310
 8
 1 118 0 79 1 51 1 18 335428 670856
 2 86 0 32 1 31 1 14 51932 103864
 3 64 1 58 1 52 1 18 132914 265828
 4 42 1 42 1 32 1 19 49133 98266
 5 64 1 55 1 43 1 14 131257 262514
 6 84 0 70 0 35 1 18 137861 275722
 7 76 0 57 1 36 1 23 140242 280484
 8 95 1 60 1 55 1 20 250768 501536
 8 2503205
 587 233 220 21564274 361430761
 8
 1 75 1 58 1 57 1 11 186781 373562
 2 57 1 37 1 30 1 14 53983 107966
 3 79 0 74 0 35 1 11 134354 268708
 4 104 1 99 1 74 1 10 481538 963076
 5 55 1 46 1 31 1 20 67924 135848
 6 99 0 98 0 33 1 10 237538 475076
 7 90 1 85 1 59 1 12 351236 702472
 8 115 0 74 1 44 1 16 277827 555654
 9 2503305
 587 233 220 24692456 315352343
 8
 1 90 1 70 1 63 1 6 240856 481712
 2 84 0 78 0 28 1 17 124313 248626
 3 94 0 85 0 39 1 19 255541 511082
 4 80 1 76 1 54 1 16 229091 458182
 5 69 1 50 1 45 1 16 106392 212784
 6 70 1 57 1 37 1 17 115826 231652
 7 94 1 61 1 54 1 18 238416 476832
 8 92 0 44 1 29 1 24 99593 199186
 10 2503405
 587 233 220 24852750 443099916
 8
 1 68 0 66 0 31 1 18 103305 206610
 2 120 0 34 1 26 1 27 86642 173284
 3 95 1 76 1 60 1 17 341751 683502
 4 61 1 47 1 34 1 19 64918 129836
 5 53 1 45 1 36 1 25 62753 125506
 6 80 1 52 1 42 1 22 126882 253764
 7 109 0 63 0 28 1 22 131870 263740
 8 74 0 64 1 35 1 30 103320 206640
 11 2503505
 587 233 220 23557550 442549240
 8
 1 74 1 63 1 61 1 17 229174 458348
 2 71 0 60 0 25 1 13 91721 183442
 3 106 1 80 1 59 1 10 362670 725340
 4 109 0 76 1 42 1 15 296106 592212
 5 118 0 56 0 22 1 19 99212 198424
 6 105 0 67 1 43 1 16 267222 534444
 7 72 1 65 1 37 1 20 107448 214896
 8 84 1 59 1 54 1 9 192935 385870
 12 2503605
 587 233 220 20597030 336177583
 8
 1 95 1 80 1 57 1 13 266131 532262
 2 112 0 87 0 23 1 15 169753 339506
 3 116 0 41 1 40 1 14 158269 316538
 4 98 1 80 1 56 1 10 364462 728924
 5 108 1 60 1 59 1 10 337513 675026
 6 82 1 77 1 67 1 8 258247 516494
 7 67 1 46 1 36 1 19 71916 143832
 8 104 0 72 1 44 1 14 258184 516368
 13 2503705
 587 233 220 23057768 447291474
 8
 1 52 0 36 1 25 1 35 33182 66364
 2 63 0 37 1 21 1 20 43173 86346
 3 100 0 61 1 36 1 27 151213 302426
 4 79 0 52 1 36 1 21 112975 225950
 5 99 0 63 1 36 1 17 201328 402656
 6 97 0 49 1 30 1 24 114783 229566
 7 90 1 69 1 55 1 25 230582 461164
 8 91 0 33 1 28 1 30 66165 132330
 14 2503805
 587 233 220 26972431 507473360
 8
 1 68 0 48 1 31 1 12 69324 138648
 2 104 1 80 1 63 1 14 379500 759000
 3 82 0 46 0 21 1 13 63610 127220
 4 114 1 78 1 60 1 14 383976 767952
 5 90 1 74 1 66 1 12 344836 689672
 6 112 0 54 1 36 1 8 178155 356310
 7 71 1 64 1 54 1 17 202566 405132
 8 74 0 53 1 33 1 14 109179 218358
 15 2503905
 587 233 220 25481740 489821544
 8
 1 100 0 44 1 37 1 11 106924 213848
 2 90 1 78 1 55 1 11 311229 622458
 3 65 1 57 1 42 1 12 120274 240548
 4 85 0 58 1 41 1 13 176523 353046
 5 81 1 69 1 50 1 15 211717 423434
 6 84 1 78 1 51 1 20 211136 422272
 7 109 1 73 1 73 1 11 444925 889850
 8 73 1 58 1 52 1 10 155504 311008
 16 2504005
 587 233 220 21590447 255308516
 8
 1 43 1 40 1 39 1 21 58094 116188
 2 97 0 76 1 40 1 12 194611 389222
 3 67 1 63 1 47 1 15 168613 337226
 4 98 0 57 1 38 1 13 130898 261796
 5 73 0 71 0 27 1 16 120904 241808
 6 66 1 56 1 41 1 15 135482 270964
 7 82 1 75 1 72 1 28 290880 581760
 8 93 0 71 1 43 1 8 177693 355386
 17 2504105
 587 233 220 22316596 408464644
 8
 1 72 0 49 1 35 1 12 90241 180482
 2 75 1 66 1 47 1 8 185382 370764
 3 78 0 30 1 22 1 11 42439 84878
 4 119 1 79 1 79 1 15 497954 995908
 5 76 1 65 1 62 1 15 195611 391222
 6 119 1 81 1 65 1 10 456433 912866
 7 91 0 77 0 36 1 5 201665 403330
 8 113 0 89 0 27 1 10 192665 385330
 18 2504205
 587 233 220 23598078 353483376
 8
 1 104 0 55 1 30 1 11 120822 241644
 2 92 1 89 1 73 1 11 495391 990782
 3 88 0 88 0 43 1 11 271122 542244
 4 90 1 60 1 60 1 9 249788 499576
 5 79 1 53 1 41 1 7 150128 300256
 6 96 0 91 0 28 1 10 207471 414942
 7 100 1 90 1 79 1 14 497595 995190
 8 73 0 42 1 32 1 12 82234 164468
 19 2504305
 587 233 220 25348410 489338518
 8
 1 60 0 45 1 26 1 25 63082 126164
 2 71 1 43 1 39 1 10 91944 183888
 3 99 1 71 1 64 1 19 361337 722674
 4 61 1 41 1 40 1 17 77192 154384
 5 83 1 79 1 43 1 30 229337 458674
 6 63 1 52 1 35 1 26 84290 168580
 7 54 0 33 1 20 1 24 24923 49846
 8 62 1 57 1 51 1 25 140034 280068
 20 2504405
 587 233 220 24217699 269472245
 8
 1 97 1 77 1 66 1 16 414031 828062
 2 81 1 69 1 69 1 21 263480 526960
 3 109 0 53 0 24 1 15 86565 173130
 4 98 0 33 1 20 1 18 50379 100758
 5 86 0 56 1 34 1 15 112093 224186
 6 76 0 50 1 35 1 16 119053 238106
 7 109 0 42 1 22 1 14 65420 130840
 8 82 1 69 1 42 1 20 210920 421840
 21 2504505
 587 233 220 26751094 483260396
 8
 1 109 1 93 1 72 1 11 572261 1144522
 2 95 0 67 0 32 1 11 149715 299430
 3 119 0 45 1 36 1 13 119062 238124
 4 95 1 78 1 62 1 13 305547 611094
 5 116 0 89 0 32 1 15 278830 557660
 6 98 0 65 1 38 1 11 146891 293782
 7 72 0 51 0 24 1 7 72842 145684
 8 102 0 88 0 26 1 13 191106 382212
 22 2504605
 587 233 220 26560768 334844533
 8
 1 89 1 78 1 50 1 12 238884 477768
 2 73 1 65 1 46 1 12 153233 306466
 3 94 0 66 1 39 1 11 197093 394186
 4 66 1 59 1 42 1 21 120049 240098
 5 106 1 93 1 70 1 16 548086 1096172
 6 80 1 71 1 62 1 13 211792 423584
 7 60 0 36 1 26 1 19 45784 91568
 8 72 0 31 1 31 1 7 45844 91688
 23 2504705
 587 233 220 25508774 344184556
 8
 1 84 0 81 0 23 1 13 130727 261454
 2 115 1 72 1 64 1 20 387554 775108
 3 77 0 49 1 25 1 16 61882 123764
 4 40 1 37 1 22 1 8 24231 48462
 5 97 0 96 0 46 1 17 311151 622302
 6 95 0 43 1 25 1 13 68305 136610
 7 90 0 69 0 28 1 22 134277 268554
 8 56 1 51 1 49 1 21 115858 231716
 24 2504805
 587 233 220 19184426 294004026
 8
 1 113 0 80 0 29 1 15 178249 356498
 2 98 1 65 1 62 1 11 347561 695122
 3 60 1 59 1 46 1 9 136241 272482
 4 100 1 97 1 64 1 16 530004 1060008
 5 99 0 88 0 23 1 12 146523 293046
 6 106 0 49 1 33 1 15 106520 213040
 7 78 0 54 1 30 1 20 85162 170324
 8 71 1 68 1 41 1 14 120348 240696
 25 2504905
 587 233 220 26509613 282822764
 8
 1 75 0 54 1 35 1 21 120361 240722
 2 107 0 60 1 49 1 20 232173 464346
 3 70 1 67 1 42 1 13 138320 276640
 4 78 1 71 1 44 1 12 207618 415236
 5 78 0 61 0 27 1 20 91979 183958
 6 78 1 73 1 48 1 20 238996 477992
 7 109 0 87 0 32 1 13 184151 368302
 8 91 0 87 0 25 1 16 139382 278764
 26 2505005
 587 233 220 24560639 329896798
 8
 1 86 0 71 1 41 1 24 167120 334240
 2 75 1 58 1 58 1 23 154568 309136
 3 100 0 81 0 27 1 20 144345 288690
 4 59 0 42 1 24 1 24 40592 81184
 5 69 0 37 1 30 1 15 62278 124556
 6 63 1 50 1 36 1 13 78889 157778
 7 96 0 72 0 34 1 24 180288 360576
 8 111 0 71 0 29 1 18 187530 375060
 27 2505105
 587 233 220 20107787 384847481
 8
 1 118 0 66 1 47 1 14 272925 545850
 2 99 0 56 0 25 1 19 120716 241432
 3 91 1 83 1 48 1 14 230027 460054
 4 104 0 66 1 40 1 15 183187 366374
 5 75 0 60 1 33 1 14 103083 206166
 6 113 1 78 1 60 1 17 400205 800410
 7 36 1 36 1 29 1 12 30206 60412
 8 56 1 48 1 40 1 15 93710 187420
 28 2505205
 587 233 220 24525018 407894402
 8
 1 62 1 59 1 52 1 21 138761 277522
 2 54 1 52 1 50 1 9 116084 232168
 3 102 1 69 1 65 1 16 352618 705236
 4 97 0 76 1 46 1 18 245479 490958
 5 52 1 50 1 37 1 18 81826 163652
 6 93 0 85 0 23 1 20 134051 268102
 7 90 0 38 1 38 1 20 94538 189076
 8 66 1 60 1 40 1 21 141010 282020
 29 2505305
 587 233 220 24462924 445863713
 8
 1 91 1 58 1 57 1 20 255221 510442
 2 92 1 78 1 53 1 21 330159 660318
 3 112 0 48 1 28 1 24 124990 249980
 4 78 0 47 1 26 1 27 77071 154142
 5 41 1 40 1 28 1 28 40259 80518
 6 57 1 47 1 32 1 24 55665 111330
 7 54 1 47 1 40 1 30 74953 149906
 8 85 0 80 0 25 1 20 152566 305132
 30 2505405
 587 233 220 22314505 260401138
 8
 1 64 0 53 1 32 1 23 66400 132800
 2 51 1 42 1 28 1 20 43004 86008
 3 49 1 32 1 30 1 24 31384 62768
 4 109 1 68 1 59 1 15 382933 765866
 5 66 0 43 1 32 1 21 74516 149032
 6 120 0 71 1 47 1 21 306673 613346
 7 109 0 57 1 41 1 19 174119 348238
 8 100 0 70 0 28 1 18 122281 244562
 31 2505505
 587 233 220 21953777 308514735
 8
 1 70 1 63 1 49 1 19 157125 314250
 2 84 1 54 1 49 1 19 149037 298074
 3 89 0 70 1 42 1 14 166853 333706
 4 80 0 48 1 39 1 16 116997 233994
 5 114 0 47 1 42 1 13 169585 339170
 6 92 0 62 1 34 1 22 133548 267096
 7 72 1 66 1 43 1 17 129727 259454
 8 120 0 55 1 46 1 16 223006 446012
 32 2505605
 587 233 220 26770702 379139130
 8
 1 95 0 76 1 44 1 16 235737 471474
 2 81 0 47 1 34 1 21 92437 184874
 3 71 0 52 1 30 1 22 88308 176616
 4 96 0 52 1 28 1 13 111266 222532
 5 104 0 80 1 50 1 21 355984 711968
 6 77 1 64 1 57 1 20 217286 434572
 7 75 0 45 1 36 1 17 95312 190624
 8 65 1 49 1 39 1 11 86164 172328
 33 2505705
 587 233 220 21367457 387144732
 8
 1 40 1 36 1 21 1 14 23821 47642
 2 76 0 45 1 31 1 15 72815 145630
 3 63 1 54 1 51 1 20 130400 260800
 4 114 1 77 1 69 1 17 421038 842076
 5 95 1 57 1 53 1 20 176454 352908
 6 92 0 36 1 20 1 14 57579 115158
 7 90 1 84 1 47 1 15 311999 623998
 8 84 0 69 0 24 1 16 103442 206884
 34 2505805
 587 233 220 26234236 332807865
 8
 1 68 0 35 1 27 1 20 52179 104358
 2 118 0 57 1 43 1 17 214433 428866
 3 73 0 72 0 36 1 23 154288 308576
 4 85 1 58 1 50 1 24 170119 340238
 5 86 0 56 1 33 1 13 107029 214058
 6 99 0 44 1 31 1 24 97201 194402
 7 93 1 54 1 49 1 14 201570 403140
 8 89 0 69 0 26 1 29 98554 197108
 35 2505905
 587 233 220 26564636 289765002
 8
 1 100 0 33 1 31 1 13 70105 140210
 2 84 0 68 1 42 1 18 188238 376476
 3 95 0 84 0 31 1 18 193685 387370
 4 57 1 39 1 30 1 25 54837 109674
 5 76 1 71 1 60 1 20 251761 503522
 6 71 1 68 1 46 1 24 181832 363664
 7 109 0 51 1 26 1 15 90613 181226
 8 109 0 54 1 45 1 16 171926 343852
 36 2506005
 587 233 220 18166393 206133326
 8
 1 41 1 39 1 26 1 17 28121 56242
 2 110 0 40 1 34 1 11 93087 186174
 3 94 1 77 1 52 1 10 251423 502846
 4 119 1 96 1 71 1 21 658904 1317808
 5 67 1 63 1 47 1 16 146833 293666
 6 61 1 43 1 31 1 11 64597 129194
 7 72 0 53 1 35 1 10 101624 203248
 8 64 1 38 1 38 1 15 78976 157952
 37 2506105
 587 233 220 22248420 266565013
 8
 1 98 0 73 1 44 1 13 233104 466208
 2 60 1 60 1 38 1 12 83750 167500
 3 105 1 73 1 60 1 9 279802 559604
 4 90 1 77 1 52 1 21 267358 534716
 5 66 0 58 0 24 1 12 57288 114576
 6 106 1 76 1 55 1 20 317852 635704
 7 55 1 44 1 36 1 11 64514 129028
 8 82 0 58 0 23 1 14 79083 158166
 38 2506205
 587 233 220 24360215 466889485
 8
 1 104 0 94 1 50 1 14 390471 780942
 2 102 0 87 0 36 1 14 237135 474270
 3 115 0 42 1 33 1 10 123166 246332
 4 61 1 58 1 32 1 14 90137 180274
 5 70 1 62 1 48 1 9 146018 292036
 6 91 1 79 1 78 1 13 359527 719054
 7 90 1 57 1 53 1 17 166359 332718
 8 78 0 68 0 25 1 12 98348 196696
 39 2506305
 587 233 220 25626301 449909104
 8
 1 89 1 56 1 45 1 36 154094 308188
 2 53 1 37 1 34 1 28 57599 115198
 3 54 0 35 1 25 1 31 31550 63100
 4 73 0 39 1 33 1 33 60638 121276
 5 73 1 39 1 38 1 20 69057 138114
 6 50 1 42 1 29 1 31 52774 105548
 7 62 1 59 1 54 1 25 129295 258590
 8 98 0 53 1 44 1 28 164766 329532
 40 2506405
 587 233 220 26590210 516077369
 8
 1 85 1 77 1 62 1 10 244848 489696
 2 94 0 63 1 32 1 7 139696 279392
 3 83 1 75 1 45 1 11 170306 340612
 4 95 1 95 1 54 1 15 368918 737836
 5 76 0 76 0 30 1 10 154709 309418
 6 113 0 66 1 44 1 11 242530 485060
 7 108 1 71 1 61 1 14 311869 623738
 8 118 0 62 1 37 1 8 230703 461406
 41 2506505
 587 233 220 25363683 420569919
 8
 1 109 1 80 1 68 1 12 401745 803490
 2 90 0 45 1 31 1 24 78761 157522
 3 66 1 56 1 34 1 11 87964 175928
 4 76 0 66 1 34 1 18 141737 283474
 5 111 0 80 1 53 1 15 345621 691242
 6 86 0 59 0 29 1 17 103159 206318
 7 80 1 72 1 63 1 12 271329 542658
 8 81 0 47 0 22 1 15 68545 137090
 42 2506605
 587 233 220 24403971 426167832
 8
 1 76 1 74 1 50 1 20 234016 468032
 2 86 0 40 1 29 1 15 66200 132400
 3 66 1 55 1 48 1 14 148554 297108
 4 75 0 57 1 37 1 13 140884 281768
 5 102 0 83 0 29 1 23 167028 334056
 6 74 1 58 1 52 1 17 143441 286882
 7 89 0 65 1 36 1 18 141330 282660
 8 99 1 68 1 67 1 11 334621 669242
 43 2506705
 587 233 220 19186513 322276782
 8
 1 82 1 80 1 71 1 11 338713 677426
 2 66 0 37 1 27 1 5 47165 94330
 3 77 0 76 0 31 1 12 113661 227322
 4 100 0 56 1 38 1 14 183864 367728
 5 93 1 86 1 67 1 11 478874 957748
 6 89 0 76 0 30 1 12 150957 301914
 7 98 1 90 1 67 1 14 386116 772232
 8 87 0 52 1 42 1 13 144504 289008
 44 2506805
 587 233 220 26794684 437984467
 8
 1 114 0 67 0 25 1 23 154866 309732
 2 92 0 79 0 25 1 19 161062 322124
 3 89 0 87 0 36 1 22 204362 408724
 4 95 0 71 1 36 1 17 202667 405334
 5 90 0 83 1 43 1 18 249496 498992
 6 93 0 39 1 28 1 19 74073 148146
 7 69 0 54 1 31 1 13 100178 200356
 8 107 0 61 1 37 1 11 156951 313902
 45 2506905
 587 233 220 18882362 273229524
 8
 1 63 0 55 1 31 1 14 89398 178796
 2 120 0 43 1 23 1 20 86290 172580
 3 97 1 72 1 57 1 27 321217 642434
 4 77 1 76 1 42 1 14 178675 357350
 5 93 0 74 0 20 1 19 123756 247512
 6 65 1 63 1 43 1 13 125610 251220
 7 108 0 71 1 40 1 18 200468 400936
 8 79 0 36 1 21 1 22 38020 76040
 46 2507005
 587 233 220 21796349 236680739
 8
 1 86 0 58 1 36 1 12 112672 225344
 2 71 0 69 0 22 1 13 83027 166054
 3 108 0 78 1 54 1 14 345360 690720
 4 104 1 58 1 57 1 19 228079 456158
 5 96 1 65 1 58 1 11 312784 625568
 6 58 0 37 1 26 1 12 34536 69072
 7 73 1 72 1 49 1 16 159106 318212
 8 98 1 67 1 56 1 13 326199 652398
 47 2507105
 587 233 220 22473345 363437698
 8
 1 118 0 54 1 42 1 13 193547 387094
 2 112 0 95 0 20 1 21 173151 346302
 3 118 0 38 1 37 1 20 114668 229336
 4 76 0 38 1 38 1 19 74352 148704
 5 100 0 56 1 34 1 19 130418 260836
 6 100 0 73 1 50 1 20 224129 448258
 7 75 0 58 1 36 1 19 102855 205710
 8 76 1 51 1 41 1 17 120696 241392
 48 2507205
 587 233 220 18416330 290361086
 8
 1 59 1 49 1 48 1 7 109894 219788
 2 79 1 63 1 46 1 13 201844 403688
 3 95 0 58 1 38 1 13 140851 281702
 4 95 0 79 1 47 1 12 215913 431826
 5 72 0 46 1 27 1 12 64683 129366
 6 88 1 74 1 72 1 14 295103 590206
 7 90 1 77 1 67 1 18 370014 740028
 8 96 0 59 1 36 1 14 171040 342080
 49 2507305
 587 233 220 25787753 451814962
 8
 1 91 0 54 1 45 1 13 133945 267890
 2 105 1 77 1 72 1 15 457741 915482
 3 79 1 78 1 48 1 10 265468 530936
 4 109 1 76 1 59 1 12 411770 823540
 5 48 1 37 1 30 1 13 42656 85312
 6 44 1 37 1 27 1 9 35974 71948
 7 79 1 76 1 54 1 17 211105 422210
 8 116 0 78 0 20 1 16 115705 231410
 50 2507405
 587 233 220 26622073 370808504
 8
 1 60 1 40 1 32 1 16 63875 127750
 2 98 1 75 1 55 1 23 264983 529966
 3 60 1 59 1 39 1 18 120672 241344
 4 81 0 56 1 40 1 14 150373 300746
 5 119 0 34 1 25 1 10 70966 141932
 6 107 0 61 1 42 1 19 221510 443020
 7 108 0 85 0 20 1 20 144716 289432
 8 97 0 66 1 45 1 16 222322 444644
 51 2507505
 587 233 220 26526308 405753005
 8
 1 66 1 64 1 36 1 13 127042 254084
 2 97 1 73 1 49 1 30 275580 551160
 3 69 1 60 1 43 1 21 134070 268140
 4 52 0 37 1 20 1 24 24855 49710
 5 109 0 63 1 37 1 24 190885 381770
 6 79 0 57 0 24 1 20 86533 173066
 7 95 0 72 0 22 1 20 94940 189880
 8 65 1 50 1 39 1 13 80507 161014
 52 2507605
 587 233 220 25079146 311740997
 8
 1 96 0 72 0 31 1 13 133090 266180
 2 75 1 72 1 47 1 21 217727 435454
 3 80 0 25 1 20 1 14 32243 64486
 4 114 1 94 1 61 1 19 527684 1055368
 5 100 0 40 1 39 1 20 112378 224756
 6 72 1 51 1 48 1 13 127361 254722
 7 36 1 28 1 24 1 27 16501 33002
 8 85 0 58 1 35 1 16 118966 237932
 53 2507705
 587 233 220 18869819 204249308
 8
 1 78 0 37 1 27 1 15 66598 133196
 2 89 0 70 0 25 1 15 116449 232898
 3 90 0 84 0 41 1 12 194088 388176
 4 85 0 75 1 42 1 9 167148 334296
 5 91 0 77 1 44 1 12 249993 499986
 6 114 1 87 1 71 1 10 626354 1252708
 7 90 0 37 1 25 1 14 50427 100854
 8 105 1 80 1 77 1 13 439960 879920
 54 2507805
 587 233 220 26952786 380931456
 8
 1 99 0 68 0 23 1 29 119584 239168
 2 68 1 52 1 40 1 25 88799 177598
 3 101 1 66 1 61 1 21 275497 550994
 4 57 0 56 0 22 1 25 42989 85978
 5 81 1 54 1 47 1 29 175603 351206
 6 86 0 34 1 25 1 15 62413 124826
 7 54 0 46 1 27 1 18 58610 117220
 8 95 0 65 1 34 1 16 145434 290868
 55 2507905
 587 233 220 25406568 300196014
 8
 1 100 0 94 0 28 1 22 219709 439418
 2 81 1 78 1 66 1 15 321341 642682
 3 111 0 49 0 21 1 24 81319 162638
 4 119 0 63 1 37 1 21 235359 470718
 5 72 0 50 1 30 1 18 93726 187452
 6 58 1 58 1 40 1 25 110945 221890
 7 108 0 55 1 29 1 17 106834 213668
 8 54 1 49 1 38 1 12 76672 153344
 56 2508005
 587 233 220 26984790 485719887
 8
 1 90 0 41 1 34 1 40 93325 186650
 2 64 0 32 1 28 1 20 49441 98882
 3 42 1 31 1 31 1 21 33869 67738
 4 94 0 90 0 44 1 22 328319 656638
 5 68 1 63 1 53 1 23 139520 279040
 6 55 0 30 1 21 1 27 22225 44450
 7 72 0 64 0 31 1 29 125280 250560
 8 75 0 56 1 34 1 30 103691 207382
 57 2508105
 587 233 220 23582283 270578900
 8
 1 85 0 73 1 40 1 11 201529 403058
 2 73 1 62 1 54 1 12 192986 385972
 3 90 0 63 1 41 1 18 161434 322868
 4 75 0 61 0 24 1 15 88243 176486
 5 57 1 53 1 44 1 11 94267 188534
 6 93 0 70 1 45 1 17 181192 362384
 7 73 0 36 1 33 1 15 70034 140068
 8 95 1 80 1 75 1 19 488249 976498
 58 2508205
 587 233 220 27016515 431712141
 8
 1 105 0 81 1 46 1 16 350620 701240
 2 115 1 81 1 61 1 12 377511 755022
 3 72 0 51 0 23 1 12 53040 106080
 4 65 1 56 1 33 1 8 106377 212754
 5 60 0 44 0 21 1 8 38986 77972
 6 85 1 69 1 65 1 10 317327 634654
 7 90 0 82 0 35 1 9 166061 332122
 8 115 1 94 1 64 1 12 464034 928068
 59 2508305
 587 233 220 20608586 350953870
 8
 1 76 1 52 1 46 1 25 160526 321052
 2 66 0 59 1 31 1 35 74261 148522
 3 62 1 55 1 44 1 23 107231 214462
 4 95 0 46 1 36 1 16 112163 224326
 5 63 1 59 1 35 1 30 94766 189532
 6 100 0 37 1 32 1 30 77871 155742
 7 91 0 54 1 37 1 33 114186 228372
 8 49 1 44 1 36 1 24 65390 130780
 60 2508405
 587 233 220 27001741 323026804
 8
 1 78 1 72 1 58 1 15 206235 412470
 2 107 1 57 1 57 1 19 246401 492802
 3 72 1 64 1 37 1 17 121975 243950
 4 93 0 66 0 26 1 11 126135 252270
 5 116 0 67 1 35 1 15 191102 382204
 6 101 0 56 1 39 1 11 195510 391020
 7 108 0 100 0 39 1 14 370988 741976
 8 64 1 55 1 33 1 12 95005 190010
 61 2508505
 587 233 220 26295580 401206416
 8
 1 109 1 68 1 64 1 8 328347 656694
 2 84 1 58 1 55 1 10 236484 472968
 3 96 0 83 0 24 1 14 142354 284708
 4 74 0 67 1 37 1 6 147142 294284
 5 107 1 73 1 70 1 10 412871 825742
 6 80 1 73 1 54 1 12 232210 464420
 7 72 0 41 1 33 1 11 70693 141386
 8 84 1 79 1 74 1 19 417656 835312
 62 2508605
 587 233 220 26263734 391575633
 8
 1 70 1 63 1 50 1 14 197515 395030
 2 100 0 53 1 34 1 11 124830 249660
 3 93 0 78 1 45 1 12 201369 402738
 4 100 0 55 1 48 1 16 159996 319992
 5 98 1 73 1 50 1 11 250749 501498
 6 69 1 45 1 43 1 15 85304 170608
 7 43 1 42 1 36 1 19 54012 108024
 8 104 1 92 1 63 1 16 518776 1037552
 63 2508705
 587 233 220 21644399 283561145
 8
 1 82 1 76 1 59 1 17 263964 527928
 2 60 1 51 1 50 1 9 129198 258396
 3 104 1 66 1 61 1 12 255433 510866
 4 71 0 36 1 28 1 16 57801 115602
 5 89 0 77 0 26 1 20 147748 295496
 6 108 1 84 1 66 1 14 425985 851970
 7 90 0 51 1 45 1 13 173899 347798
 8 48 1 35 1 33 1 23 37768 75536
 64 2508805
 587 233 220 26990441 444210630
 8
 1 114 0 54 0 20 1 21 96881 193762
 2 92 1 87 1 50 1 14 290144 580288
 3 114 0 43 1 26 1 9 103401 206802
 4 93 0 69 1 42 1 23 216314 432628
 5 80 1 79 1 64 1 13 351389 702778
 6 99 0 80 0 29 1 24 138835 277670
 7 60 1 54 1 47 1 17 125165 250330
 8 54 1 53 1 32 1 13 73820 147640
 65 2508905
 587 233 220 25227110 306966340
 8
 1 55 0 50 1 26 1 13 54845 109690
 2 48 1 42 1 37 1 17 57116 114232
 3 47 1 34 1 26 1 22 26712 53424
 4 104 0 74 1 50 1 20 245976 491952
 5 83 0 70 1 40 1 20 205257 410514
 6 53 1 52 1 38 1 15 84174 168348
 7 108 0 69 1 49 1 17 226530 453060
 8 78 1 73 1 72 1 16 294087 588174
 66 2509005
 587 233 220 24294557 328479317
 8
 1 87 0 45 1 32 1 15 101013 202026
 2 84 1 63 1 46 1 14 158259 316518
 3 84 1 67 1 44 1 11 160581 321162
 4 76 0 55 1 30 1 9 79271 158542
 5 87 1 78 1 61 1 15 335432 670864
 6 115 0 77 1 53 1 11 369894 739788
 7 78 1 72 1 51 1 9 190593 381186
 8 93 1 91 1 62 1 13 416608 833216
 67 2509105
 587 233 220 18068656 245263139
 8
 1 119 0 41 1 38 1 20 126437 252874
 2 90 0 44 1 35 1 13 113878 227756
 3 67 0 55 0 27 1 17 70913 141826
 4 71 1 47 1 36 1 21 83064 166128
 5 90 1 55 1 51 1 27 157352 314704
 6 87 0 68 1 40 1 19 150695 301390
 7 87 0 53 1 36 1 26 118302 236604
 8 113 0 47 1 34 1 26 113102 226204
 68 2509205
 587 233 220 24461234 259576336
 8
 1 60 1 44 1 36 1 12 80093 160186
 2 76 1 42 1 40 1 15 102673 205346
 3 65 1 49 1 48 1 11 125224 250448
 4 109 0 92 1 51 1 17 405389 810778
 5 93 0 42 1 31 1 15 86884 173768
 6 83 1 64 1 59 1 17 272743 545486
 7 96 1 90 1 55 1 17 293548 587096
 8 52 1 42 1 31 1 15 54756 109512
 69 2509305
 587 233 220 21034432 271133628
 8
 1 91 0 50 1 32 1 27 101703 203406
 2 118 0 66 1 40 1 18 192553 385106
 3 75 0 69 0 32 1 21 125100 250200
 4 81 0 73 0 32 1 20 169973 339946
 5 97 0 69 0 33 1 19 134405 268810
 6 97 0 31 1 27 1 19 53808 107616
 7 57 1 54 1 29 1 22 64679 129358
 8 77 1 71 1 62 1 16 296061 592122
 70 2509405
 587 233 220 25485828 359631817
 8
 1 56 0 32 1 28 1 9 44325 88650
 2 92 0 68 1 39 1 11 199605 399210
 3 90 0 86 0 29 1 19 194709 389418
 4 73 1 54 1 52 1 19 168908 337816
 5 114 0 100 0 45 1 20 360507 721014
 6 94 0 51 1 36 1 9 120650 241300
 7 108 0 59 1 38 1 12 189988 379976
 8 89 1 82 1 61 1 9 350145 700290
 71 2509505
 587 233 220 26029428 420714449
 8
 1 99 1 64 1 62 1 23 334788 669576
 2 110 0 43 1 37 1 16 131486 262972
 3 96 1 73 1 50 1 14 221366 442732
 4 114 0 53 1 35 1 13 182083 364166
 5 105 0 27 1 22 1 18 43578 87156
 6 75 1 66 1 51 1 16 164465 328930
 7 72 1 61 1 48 1 12 177530 355060
 8 102 0 46 1 32 1 19 91557 183114
 72 2509605
 587 233 220 25359273 441932134
 8
 1 96 1 95 1 68 1 13 520017 1040034
 2 69 1 61 1 35 1 15 115804 231608
 3 107 1 70 1 55 1 15 275295 550590
 4 92 0 85 0 34 1 15 202909 405818
 5 96 0 60 1 31 1 23 135233 270466
 6 66 1 38 1 38 1 15 82288 164576
 7 63 1 57 1 36 1 23 100873 201746
 8 51 1 31 1 31 1 19 38308 76616
 73 2509705
 587 233 220 21276429 381750514
 8
 1 90 0 73 1 37 1 16 150134 300268
 2 102 0 95 0 33 1 16 269357 538714
 3 117 0 38 1 30 1 11 88152 176304
 4 75 1 73 1 57 1 15 225947 451894
 5 86 0 36 1 34 1 12 70292 140584
 6 101 1 81 1 62 1 12 432318 864636
 7 90 1 66 1 65 1 11 312292 624584
 8 76 1 69 1 51 1 12 210680 421360
 74 2509805
 587 233 220 22532820 447191747
 8
 1 86 1 79 1 69 1 11 363266 726532
 2 53 1 46 1 31 1 16 45955 91910
 3 96 0 51 1 37 1 12 112783 225566
 4 119 0 55 1 54 1 16 292083 584166
 5 77 0 74 0 37 1 13 142610 285220
 6 96 0 73 0 24 1 13 104731 209462
 7 75 1 67 1 54 1 16 222095 444190
 8 88 1 71 1 61 1 17 291169 582338
 75 2509905
 587 233 220 24027664 399299671
 8
 1 101 0 81 0 24 1 18 159295 318590
 2 94 0 72 0 29 1 17 146917 293834
 3 79 1 72 1 47 1 25 209210 418420
 4 90 0 36 1 35 1 14 101762 203524
 5 68 1 51 1 40 1 18 109869 219738
 6 48 1 45 1 35 1 16 50291 100582
 7 108 1 84 1 69 1 14 432812 865624
 8 91 0 45 1 31 1 17 99547 199094
 76 2510005
 587 233 220 24681638 420940089
 8
 1 77 0 42 1 30 1 16 66972 133944
 2 98 0 45 1 28 1 16 108171 216342
 3 61 1 58 1 32 1 20 100645 201290
 4 92 1 77 1 61 1 11 351507 703014
 5 58 0 44 1 27 1 27 44019 88038
 6 108 0 72 1 50 1 17 324645 649290
 7 93 1 72 1 71 1 15 350102 700204
 8 111 0 49 1 30 1 22 142639 285278
 77 2510105
 587 233 220 18430714 364919643
 8
 1 73 0 73 0 36 1 28 148707 297414
 2 87 0 49 1 26 1 21 85656 171312
 3 68 1 53 1 44 1 34 110102 220204
 4 73 0 57 1 33 1 26 96853 193706
 5 65 1 49 1 47 1 26 105179 210358
 6 80 0 65 1 35 1 28 133022 266044
 7 72 0 35 1 26 1 24 53568 107136
 8 75 1 68 1 40 1 14 165138 330276
 78 2510205
 587 233 220 21765439 229496296
 8
 1 105 0 68 1 42 1 19 240321 480642
 2 75 0 37 1 24 1 24 52612 105224
 3 79 0 73 0 26 1 16 117184 234368
 4 95 0 53 1 38 1 17 152595 305190
 5 50 1 41 1 40 1 21 65342 130684
 6 80 1 59 1 52 1 19 213300 426600
 7 90 0 74 0 35 1 19 202673 405346
 8 87 1 60 1 60 1 20 233600 467200
 79 2510305
 587 233 220 23768815 431845494
 8
 1 64 1 48 1 46 1 31 92025 184050
 2 79 0 25 1 22 1 29 27231 54462
 3 89 0 85 0 33 1 26 179802 359604
 4 79 0 66 1 34 1 18 138842 277684
 5 79 0 54 1 31 1 22 94909 189818
 6 115 0 95 0 22 1 21 182002 364004
 7 76 1 54 1 44 1 24 142578 285156
 8 80 0 44 1 29 1 24 66174 132348
 80 2510405
 587 233 220 21867498 231334828
 8
 1 78 1 59 1 54 1 13 211711 423422
 2 120 0 52 0 20 1 12 98662 197324
 3 100 1 67 1 54 1 18 278845 557690
 4 91 0 59 1 37 1 14 125427 250854
 5 112 0 57 1 56 1 18 285039 570078
 6 88 0 46 1 34 1 12 106073 212146
 7 108 0 78 1 53 1 13 278765 557530
 8 100 0 48 1 29 1 14 90330 180660
 81 2510505
 587 233 220 21543226 265464035
 8
 1 110 0 60 1 55 1 9 277838 555676
 2 80 1 78 1 71 1 5 356719 713438
 3 110 0 75 1 50 1 16 276082 552164
 4 100 0 72 1 40 1 11 174463 348926
 5 103 0 60 1 32 1 11 174660 349320
 6 70 1 60 1 49 1 7 128924 257848
 7 80 1 72 1 62 1 6 264062 528124
 8 120 1 74 1 67 1 15 521703 1043406
 82 2510605
 587 233 220 18175554 267405373
 8
 1 65 1 51 1 50 1 22 99721 199442
 2 113 0 78 0 28 1 14 172070 344140
 3 120 0 35 1 32 1 22 106248 212496
 4 71 0 53 0 20 1 22 48059 96118
 5 94 1 70 1 64 1 23 270593 541186
 6 64 0 33 1 32 1 23 46582 93164
 7 71 0 35 1 21 1 25 42206 84412
 8 85 1 59 1 49 1 23 205758 411516
 83 2510705
 587 233 220 19193451 317621297
 8
 1 83 1 71 1 46 1 22 170423 340846
 2 76 1 63 1 54 1 14 189721 379442
 3 91 0 56 1 40 1 17 154720 309440
 4 61 1 42 1 34 1 21 54639 109278
 5 84 1 67 1 47 1 19 161325 322650
 6 95 1 79 1 57 1 14 370676 741352
 7 90 0 80 0 23 1 17 105364 210728
 8 69 0 43 1 28 1 16 64496 128992
 84 2510805
 587 233 220 23280037 305501957
 8
 1 114 0 77 1 42 1 16 310857 621714
 2 105 1 81 1 74 1 17 525189 1050378
 3 76 1 73 1 50 1 13 196406 392812
 4 104 0 91 0 41 1 12 296113 592226
 5 75 0 70 0 23 1 17 88154 176308
 6 93 0 67 0 20 1 4 87580 175160
 7 89 0 54 0 25 1 8 74755 149510
 8 89 0 46 1 28 1 14 77357 154714
 85 2510905
 587 233 220 21627789 260028431
 8
 1 55 0 37 1 22 1 23 38717 77434
 2 72 0 55 1 31 1 14 81404 162808
 3 61 1 56 1 36 1 20 77027 154054
 4 76 0 72 0 22 1 19 98344 196688
 5 74 1 66 1 61 1 20 246752 493504
 6 43 1 39 1 32 1 11 38070 76140
 7 108 0 98 0 27 1 18 255081 510162
 8 109 1 73 1 65 1 21 428445 856890
 86 2511005
 587 233 220 19391486 291652496
 8
 1 87 0 33 1 28 1 20 49858 99716
 2 97 1 70 1 57 1 22 263765 527530
 3 71 1 57 1 38 1 20 135158 270316
 4 63 1 53 1 47 1 17 127612 255224
 5 77 0 56 1 37 1 18 105668 211336
 6 102 0 67 1 47 1 21 212679 425358
 7 72 0 31 1 29 1 20 40116 80232
 8 84 0 58 1 38 1 17 162231 324462
 87 2511105
 587 233 220 22182703 318164074
 8
 1 119 0 34 1 28 1 15 92919 185838
 2 84 1 69 1 48 1 19 176701 353402
 3 97 1 82 1 78 1 20 455189 910378
 4 109 0 43 1 33 1 13 99005 198010
 5 80 1 75 1 47 1 19 169273 338546
 6 74 0 62 0 30 1 11 101912 203824
 7 40 1 35 1 31 1 12 26981 53962
 8 58 0 43 1 26 1 17 41187 82374
 88 2511205
 587 233 220 25984338 361149833
 8
 1 100 0 60 1 40 1 14 203478 406956
 2 89 0 67 1 34 1 26 144655 289310
 3 92 0 80 0 38 1 16 246927 493854
 4 90 0 81 0 24 1 29 149203 298406
 5 84 0 52 1 38 1 18 111016 222032
 6 77 1 54 1 46 1 20 126506 253012
 7 90 0 49 1 33 1 16 119362 238724
 8 78 0 45 1 27 1 28 62456 124912
 89 2511305
 587 233 220 20641934 351898882
 8
 1 95 0 92 0 46 1 11 258679 517358
 2 65 1 60 1 40 1 12 133790 267580
 3 103 1 62 1 59 1 13 242160 484320
 4 71 1 65 1 52 1 13 156701 313402
 5 119 0 87 0 28 1 13 254831 509662
 6 109 1 92 1 78 1 9 605936 1211872
 7 58 1 54 1 35 1 11 88395 176790
 8 98 1 73 1 64 1 8 355565 711130
 90 2511405
 587 233 220 22002227 353331456
 8
 1 91 0 52 1 33 1 13 122966 245932
 2 87 1 81 1 63 1 11 370286 740572
 3 113 0 79 1 45 1 9 361055 722110
 4 114 0 52 1 45 1 6 182052 364104
 5 110 1 90 1 66 1 13 493168 986336
 6 81 0 41 1 31 1 12 64345 128690
 7 108 0 67 1 37 1 10 209028 418056
 8 118 0 82 1 57 1 10 365633 731266
 91 2511505
 587 233 220 19951905 374944937
 8
 1 86 1 65 1 57 1 18 262790 525580
 2 61 1 37 1 32 1 17 43342 86684
 3 39 1 33 1 27 1 16 28040 56080
 4 85 0 33 1 26 1 26 62777 125554
 5 101 0 94 0 42 1 20 355431 710862
 6 65 1 53 1 46 1 29 135700 271400
 7 76 1 72 1 39 1 31 162978 325956
 8 47 1 42 1 25 1 26 44269 88538
 92 2511605
 587 233 220 22423712 336430771
 8
 1 96 1 82 1 63 1 11 438212 876424
 2 74 1 63 1 59 1 14 234832 469664
 3 86 0 60 1 43 1 11 172018 344036
 4 90 1 67 1 57 1 20 225937 451874
 5 97 1 91 1 80 1 10 610907 1221814
 6 116 0 61 0 28 1 8 155425 310850
 7 86 0 41 1 35 1 13 86477 172954
 8 67 0 44 1 26 1 10 66517 133034
 93 2511705
 587 233 220 22509521 365352099
 8
 1 78 0 69 1 37 1 9 156332 312664
 2 115 1 90 1 58 1 9 361936 723872
 3 68 0 53 0 20 1 10 52382 104764
 4 119 0 71 1 47 1 9 354010 708020
 5 100 1 82 1 57 1 11 418102 836204
 6 88 1 76 1 52 1 14 225141 450282
 7 95 0 90 0 43 1 10 282480 564960
 8 87 1 72 1 62 1 12 246617 493234
 94 2511805
 587 233 220 18710033 255312729
 8
 1 75 1 73 1 69 1 17 326837 653674
 2 66 1 56 1 40 1 27 91362 182724
 3 64 1 51 1 41 1 23 104163 208326
 4 90 0 52 1 28 1 26 97667 195334
 5 73 0 33 1 28 1 17 57915 115830
 6 91 1 76 1 60 1 15 373098 746196
 7 54 1 45 1 28 1 20 53200 106400
 8 107 1 81 1 56 1 9 371495 742990
 95 2511905
 587 233 220 20606905 291103918
 8
 1 101 0 69 0 20 1 18 124295 248590
 2 108 0 66 1 54 1 22 284364 568728
 3 74 0 62 1 33 1 26 102148 204296
 4 69 0 61 1 33 1 25 99244 198488
 5 71 0 64 0 31 1 21 94047 188094
 6 38 1 32 1 30 1 17 22655 45310
 7 108 0 47 1 37 1 21 119906 239812
 8 100 0 41 1 36 1 28 119971 239942
 96 2512005
 587 233 220 23383291 455383923
 8
 1 64 0 42 1 26 1 28 59428 118856
 2 92 1 58 1 52 1 22 177775 355550
 3 92 0 85 0 21 1 24 119227 238454
 4 90 0 49 1 33 1 21 111257 222514
 5 54 1 48 1 34 1 22 69432 138864
 6 95 0 62 1 45 1 30 180584 361168
 7 72 1 49 1 46 1 21 117221 234442
 8 56 0 42 1 25 1 29 35892 71784
 97 2512105
 587 233 220 25618711 339848745
 8
 1 74 0 60 1 32 1 19 88401 176802
 2 100 0 50 1 43 1 19 150045 300090
 3 95 0 74 1 42 1 25 238474 476948
 4 95 0 70 0 30 1 21 154395 308790
 5 45 1 37 1 24 1 22 24875 49750
 6 67 0 60 0 25 1 19 76353 152706
 7 55 1 51 1 35 1 20 81828 163656
 8 76 1 71 1 61 1 21 294528 589056
 98 2512205
 587 233 220 20351224 220856339
 8
 1 106 0 55 1 38 1 22 196351 392702
 2 69 1 50 1 48 1 17 142691 285382
 3 106 1 63 1 57 1 19 305692 611384
 4 71 1 66 1 51 1 10 167851 335702
 5 62 1 41 1 36 1 14 76241 152482
 6 75 1 49 1 39 1 17 93120 186240
 7 90 1 64 1 53 1 16 209500 419000
 8 96 1 79 1 55 1 10 251076 502152
 99 2512305
 587 233 220 22263564 428359233
 8
 1 51 1 46 1 44 1 25 81415 162830
 2 95 0 92 1 47 1 19 317160 634320
 3 116 0 39 1 23 1 9 89555 179110
 4 51 1 37 1 32 1 13 38846 77692
 5 117 0 44 1 38 1 13 123240 246480
 6 103 1 89 1 73 1 12 558407 1116814
 7 73 1 55 1 54 1 7 139548 279096
 8 116 0 98 0 40 1 12 351135 702270
 100 2512405
 587 233 220 20269924 279907521
 8
 1 78 1 49 1 47 1 11 154904 309808
 2 46 1 45 1 43 1 16 55336 110672
 3 98 0 44 1 36 1 16 95082 190164
 4 100 0 89 0 31 1 18 206787 413574
 5 108 0 76 1 47 1 22 292531 585062
 6 75 0 36 1 28 1 21 48544 97088
 7 108 1 82 1 56 1 17 317708 635416
 8 45 1 41 1 24 1 16 30863 61726
