100
 1 2502505
 587 233 220 24354892 349605624
 10
 1 108 0 76 0 30 1 20 197360 394720
 2 110 0 43 1 25 1 11 74664 149328
 3 92 1 81 1 55 1 9 276057 552114
 4 81 0 33 1 28 1 9 58998 117996
 5 120 1 99 1 73 1 9 675657 1351314
 6 111 0 70 1 48 1 13 224007 448014
 7 98 0 72 1 46 1 4 289403 578806
 8 95 0 66 0 31 1 12 155085 310170
 9 85 0 84 0 30 1 9 130127 260254
 10 71 0 32 1 25 1 10 39899 79798
 2 2502605
 587 233 220 19775955 257470036
 10
 1 49 0 25 1 21 1 13 22593 45186
 2 60 1 51 1 41 1 9 81090 162180
 3 103 1 76 1 64 1 11 394270 788540
 4 95 1 70 1 62 1 14 273825 547650
 5 111 0 49 1 26 1 13 101047 202094
 6 85 1 84 1 72 1 16 379972 759944
 7 48 1 36 1 31 1 12 38879 77758
 8 86 0 76 0 38 1 11 208879 417758
 9 71 1 48 1 47 1 16 126595 253190
 10 90 0 43 1 33 1 8 84554 169108
 3 2502705
 587 233 220 22732918 358001658
 10
 1 97 0 81 0 27 1 8 135332 270664
 2 102 0 78 0 39 1 16 186285 372570
 3 113 0 46 1 36 1 12 121214 242428
 4 66 1 50 1 42 1 12 109187 218374
 5 101 0 30 1 26 1 18 54666 109332
 6 100 0 56 1 35 1 13 158878 317756
 7 91 0 50 1 40 1 14 157376 314752
 8 106 1 61 1 56 1 17 257280 514560
 9 103 1 63 1 58 1 12 316694 633388
 10 75 1 57 1 41 1 13 140872 281744
 4 2502805
 587 233 220 22725802 405557023
 10
 1 113 0 92 0 33 1 15 253813 507626
 2 52 1 37 1 28 1 17 34056 68112
 3 57 1 33 1 29 1 17 38113 76226
 4 99 0 37 1 30 1 19 90736 181472
 5 92 0 64 1 33 1 13 157627 315254
 6 119 0 59 1 39 1 19 194706 389412
 7 54 1 52 1 49 1 13 101843 203686
 8 75 0 45 1 35 1 21 104731 209462
 9 79 1 68 1 44 1 13 196510 393020
 10 116 0 49 1 47 1 22 197391 394782
 5 2502905
 587 233 220 23791835 321270509
 10
 1 88 0 54 1 39 1 12 118818 237636
 2 94 0 54 1 36 1 12 124987 249974
 3 87 0 77 1 43 1 17 232294 464588
 4 100 1 80 1 72 1 15 382665 765330
 5 83 0 40 1 36 1 18 78062 156124
 6 91 0 54 0 22 1 7 67589 135178
 7 109 0 58 1 54 1 10 257522 515044
 8 94 0 55 1 30 1 13 111728 223456
 9 34 1 32 1 31 1 18 24629 49258
 10 83 1 80 1 57 1 8 328101 656202
 6 2503005
 587 233 220 18648912 333295267
 10
 1 86 1 84 1 45 1 18 275956 551912
 2 81 0 45 1 34 1 19 90952 181904
 3 70 1 54 1 37 1 13 117830 235660
 4 71 1 61 1 52 1 16 146364 292728
 5 78 1 73 1 40 1 10 195306 390612
 6 69 1 63 1 46 1 13 132110 264220
 7 72 1 67 1 56 1 10 165663 331326
 8 75 0 75 0 36 1 8 124583 249166
 9 94 1 88 1 50 1 12 328961 657922
 10 65 1 51 1 50 1 13 144124 288248
 7 2503105
 587 233 220 22499161 378716877
 10
 1 118 0 79 1 51 1 16 386589 773178
 2 86 0 32 1 31 1 8 60636 121272
 3 64 1 58 1 52 1 14 152950 305900
 4 42 1 42 1 32 1 14 47442 94884
 5 64 1 55 1 43 1 16 124582 249164
 6 84 0 70 0 35 1 10 125151 250302
 7 76 0 57 1 36 1 14 132543 265086
 8 95 1 60 1 55 1 14 262443 524886
 9 80 1 66 1 52 1 14 166951 333902
 10 109 0 73 0 23 1 18 136747 273494
 8 2503205
 587 233 220 19099127 301650084
 10
 1 75 1 58 1 57 1 8 219083 438166
 2 57 1 37 1 30 1 11 42018 84036
 3 79 0 74 0 35 1 14 158789 317578
 4 104 1 99 1 74 1 8 523063 1046126
 5 55 1 46 1 31 1 11 60796 121592
 6 99 0 98 0 33 1 15 235362 470724
 7 90 1 85 1 59 1 9 282073 564146
 8 115 0 74 1 44 1 7 233054 466108
 9 107 0 67 0 21 1 11 97222 194444
 10 81 1 76 1 55 1 13 298367 596734
 9 2503305
 587 233 220 26421090 340620390
 10
 1 90 1 70 1 63 1 4 314519 629038
 2 84 0 78 0 28 1 15 161207 322414
 3 94 0 85 0 39 1 16 237167 474334
 4 80 1 76 1 54 1 16 239949 479898
 5 69 1 50 1 45 1 10 128555 257110
 6 70 1 57 1 37 1 17 112288 224576
 7 94 1 61 1 54 1 15 262553 525106
 8 92 0 44 1 29 1 20 99233 198466
 9 72 1 53 1 37 1 13 92218 184436
 10 89 0 43 1 27 1 23 67169 134338
 10 2503405
 587 233 220 18671253 360777383
 10
 1 68 0 66 0 31 1 11 120530 241060
 2 120 0 34 1 26 1 14 76603 153206
 3 95 1 76 1 60 1 17 299456 598912
 4 61 1 47 1 34 1 12 60823 121646
 5 53 1 45 1 36 1 11 54569 109138
 6 80 1 52 1 42 1 12 127677 255354
 7 109 0 63 0 28 1 11 125428 250856
 8 74 0 64 1 35 1 12 126833 253666
 9 53 1 40 1 36 1 16 63996 127992
 10 102 1 96 1 59 1 17 409535 819070
 11 2503505
 587 233 220 25977258 429662050
 10
 1 74 1 63 1 61 1 13 179455 358910
 2 71 0 60 0 25 1 12 92427 184854
 3 106 1 80 1 59 1 11 321449 642898
 4 109 0 76 1 42 1 6 217316 434632
 5 118 0 56 0 22 1 15 89517 179034
 6 105 0 67 1 43 1 17 272181 544362
 7 72 1 65 1 37 1 14 122169 244338
 8 84 1 59 1 54 1 19 169794 339588
 9 91 0 69 0 26 1 13 104665 209330
 10 69 0 31 1 28 1 6 39735 79470
 12 2503605
 587 233 220 19052271 340958961
 10
 1 95 1 80 1 57 1 8 332987 665974
 2 112 0 87 0 23 1 15 183212 366424
 3 116 0 41 1 40 1 12 156520 313040
 4 98 1 80 1 56 1 15 288848 577696
 5 108 1 60 1 59 1 8 314695 629390
 6 82 1 77 1 67 1 9 352348 704696
 7 67 1 46 1 36 1 8 77142 154284
 8 104 0 72 1 44 1 11 252501 505002
 9 89 0 56 0 24 1 17 86914 173828
 10 64 1 36 1 36 1 11 72402 144804
 13 2503705
 587 233 220 18111416 322927829
 10
 1 52 0 36 1 25 1 27 39042 78084
 2 63 0 37 1 21 1 13 36458 72916
 3 100 0 61 1 36 1 16 174315 348630
 4 79 0 52 1 36 1 18 101351 202702
 5 99 0 63 1 36 1 13 154290 308580
 6 97 0 49 1 30 1 12 101967 203934
 7 90 1 69 1 55 1 16 272350 544700
 8 91 0 33 1 28 1 14 54846 109692
 9 111 0 76 1 41 1 24 233391 466782
 10 95 0 44 1 35 1 16 130795 261590
 14 2503805
 587 233 220 19930036 260887142
 10
 1 68 0 48 1 31 1 10 86270 172540
 2 104 1 80 1 63 1 16 358786 717572
 3 82 0 46 0 21 1 8 64477 128954
 4 114 1 78 1 60 1 7 389699 779398
 5 90 1 74 1 66 1 11 345988 691976
 6 112 0 54 1 36 1 9 167177 334354
 7 71 1 64 1 54 1 8 163130 326260
 8 74 0 53 1 33 1 12 111475 222950
 9 75 1 62 1 57 1 12 174017 348034
 10 68 1 62 1 52 1 12 184108 368216
 15 2503905
 587 233 220 26603962 363679526
 10
 1 100 0 44 1 37 1 6 137314 274628
 2 90 1 78 1 55 1 10 233232 466464
 3 65 1 57 1 42 1 9 121258 242516
 4 85 0 58 1 41 1 9 174628 349256
 5 81 1 69 1 50 1 10 228079 456158
 6 84 1 78 1 51 1 12 217438 434876
 7 109 1 73 1 73 1 16 405912 811824
 8 73 1 58 1 52 1 9 183984 367968
 9 73 1 49 1 40 1 11 86154 172308
 10 120 0 60 1 39 1 8 239985 479970
 16 2504005
 587 233 220 23815917 370181492
 10
 1 43 1 40 1 39 1 16 49375 98750
 2 97 0 76 1 40 1 13 229041 458082
 3 67 1 63 1 47 1 11 159029 318058
 4 98 0 57 1 38 1 14 152292 304584
 5 73 0 71 0 27 1 9 111345 222690
 6 66 1 56 1 41 1 14 103650 207300
 7 82 1 75 1 72 1 13 315697 631394
 8 93 0 71 1 43 1 19 244609 489218
 9 95 0 35 1 28 1 21 79150 158300
 10 88 1 72 1 68 1 8 328823 657646
 17 2504105
 587 233 220 23012598 277879223
 10
 1 72 0 49 1 35 1 9 86707 173414
 2 75 1 66 1 47 1 11 192503 385006
 3 78 0 30 1 22 1 8 37817 75634
 4 119 1 79 1 79 1 9 656540 1313080
 5 76 1 65 1 62 1 11 275157 550314
 6 119 1 81 1 65 1 14 519257 1038514
 7 91 0 77 0 36 1 11 218057 436114
 8 113 0 89 0 27 1 4 226320 452640
 9 98 0 59 1 44 1 5 226063 452126
 10 76 1 55 1 43 1 9 131454 262908
 18 2504205
 587 233 220 24351261 336338184
 10
 1 104 0 55 1 30 1 9 106101 212202
 2 92 1 89 1 73 1 8 423705 847410
 3 88 0 88 0 43 1 9 295222 590444
 4 90 1 60 1 60 1 7 203332 406664
 5 79 1 53 1 41 1 6 114673 229346
 6 96 0 91 0 28 1 5 164954 329908
 7 100 1 90 1 79 1 9 591349 1182698
 8 73 0 42 1 32 1 9 61712 123424
 9 115 1 85 1 60 1 7 436143 872286
 10 113 1 83 1 76 1 6 528087 1056174
 19 2504305
 587 233 220 18779295 353259191
 10
 1 60 0 45 1 26 1 15 52157 104314
 2 71 1 43 1 39 1 11 82469 164938
 3 99 1 71 1 64 1 11 390053 780106
 4 61 1 41 1 40 1 11 74483 148966
 5 83 1 79 1 43 1 10 212941 425882
 6 63 1 52 1 35 1 17 89245 178490
 7 54 0 33 1 20 1 13 27983 55966
 8 62 1 57 1 51 1 17 153806 307612
 9 79 1 76 1 71 1 19 327545 655090
 10 91 1 81 1 48 1 14 247890 495780
 20 2504405
 587 233 220 23682457 349060411
 10
 1 97 1 77 1 66 1 10 374185 748370
 2 81 1 69 1 69 1 21 250670 501340
 3 109 0 53 0 24 1 12 88537 177074
 4 98 0 33 1 20 1 15 40089 80178
 5 86 0 56 1 34 1 14 128517 257034
 6 76 0 50 1 35 1 12 109356 218712
 7 109 0 42 1 22 1 19 62907 125814
 8 82 1 69 1 42 1 6 153144 306288
 9 58 1 43 1 31 1 14 60355 120710
 10 99 0 80 1 48 1 16 281860 563720
 21 2504505
 587 233 220 21703146 298661089
 10
 1 109 1 93 1 72 1 6 496786 993572
 2 95 0 67 0 32 1 13 140841 281682
 3 119 0 45 1 36 1 13 168464 336928
 4 95 1 78 1 62 1 10 394509 789018
 5 116 0 89 0 32 1 13 253958 507916
 6 98 0 65 1 38 1 16 201872 403744
 7 72 0 51 0 24 1 8 53971 107942
 8 102 0 88 0 26 1 10 187874 375748
 9 99 0 47 1 44 1 10 126391 252782
 10 106 0 52 1 31 1 15 132487 264974
 22 2504605
 587 233 220 18529734 329146546
 10
 1 89 1 78 1 50 1 9 250528 501056
 2 73 1 65 1 46 1 10 183655 367310
 3 94 0 66 1 39 1 5 165381 330762
 4 66 1 59 1 42 1 11 127269 254538
 5 106 1 93 1 70 1 18 565951 1131902
 6 80 1 71 1 62 1 16 240254 480508
 7 60 0 36 1 26 1 7 44025 88050
 8 72 0 31 1 31 1 14 53811 107622
 9 63 0 63 0 31 1 16 89371 178742
 10 74 0 39 1 23 1 5 56446 112892
 23 2504705
 587 233 220 19943071 255163311
 10
 1 84 0 81 0 23 1 7 122674 245348
 2 115 1 72 1 64 1 19 389394 778788
 3 77 0 49 1 25 1 8 69053 138106
 4 40 1 37 1 22 1 7 19857 39714
 5 97 0 96 0 46 1 7 368276 736552
 6 95 0 43 1 25 1 8 80608 161216
 7 90 0 69 0 28 1 13 119676 239352
 8 56 1 51 1 49 1 8 123969 247938
 9 118 1 93 1 80 1 10 582887 1165774
 10 56 1 47 1 41 1 11 94719 189438
 24 2504805
 587 233 220 19513292 233918963
 10
 1 113 0 80 0 29 1 15 185464 370928
 2 98 1 65 1 62 1 10 296887 593774
 3 60 1 59 1 46 1 16 99158 198316
 4 100 1 97 1 64 1 5 555599 1111198
 5 99 0 88 0 23 1 15 141761 283522
 6 106 0 49 1 33 1 11 120258 240516
 7 78 0 54 1 30 1 17 90538 181076
 8 71 1 68 1 41 1 10 143806 287612
 9 83 0 80 0 35 1 22 182628 365256
 10 99 0 55 0 27 1 16 92847 185694
 25 2504905
 587 233 220 26706816 325146646
 10
 1 75 0 54 1 35 1 17 95257 190514
 2 107 0 60 1 49 1 17 263771 527542
 3 70 1 67 1 42 1 10 170432 340864
 4 78 1 71 1 44 1 13 186832 373664
 5 78 0 61 0 27 1 10 101605 203210
 6 78 1 73 1 48 1 15 231448 462896
 7 109 0 87 0 32 1 13 235900 471800
 8 91 0 87 0 25 1 14 135826 271652
 9 67 1 51 1 47 1 12 103462 206924
 10 67 1 63 1 60 1 12 184150 368300
 26 2505005
 587 233 220 18936085 267850787
 10
 1 86 0 71 1 41 1 18 209446 418892
 2 75 1 58 1 58 1 21 163418 326836
 3 100 0 81 0 27 1 15 182374 364748
 4 59 0 42 1 24 1 17 50218 100436
 5 69 0 37 1 30 1 18 64846 129692
 6 63 1 50 1 36 1 10 72941 145882
 7 96 0 72 0 34 1 15 147761 295522
 8 111 0 71 0 29 1 13 155060 310120
 9 102 1 67 1 53 1 16 243647 487294
 10 71 0 34 1 32 1 15 63832 127664
 27 2505105
 587 233 220 23946161 460446908
 10
 1 118 0 66 1 47 1 11 264124 528248
 2 99 0 56 0 25 1 15 90224 180448
 3 91 1 83 1 48 1 13 297232 594464
 4 104 0 66 1 40 1 9 173542 347084
 5 75 0 60 1 33 1 14 103288 206576
 6 113 1 78 1 60 1 13 459390 918780
 7 36 1 36 1 29 1 14 23522 47044
 8 56 1 48 1 40 1 8 96737 193474
 9 67 0 40 1 22 1 10 45333 90666
 10 92 1 78 1 64 1 12 404883 809766
 28 2505205
 587 233 220 23282604 422507195
 10
 1 62 1 59 1 52 1 23 154653 309306
 2 54 1 52 1 50 1 11 126234 252468
 3 102 1 69 1 65 1 9 285758 571516
 4 97 0 76 1 46 1 16 246440 492880
 5 52 1 50 1 37 1 20 81720 163440
 6 93 0 85 0 23 1 13 153890 307780
 7 90 0 38 1 38 1 25 94209 188418
 8 66 1 60 1 40 1 17 97382 194764
 9 38 1 31 1 26 1 21 27501 55002
 10 86 0 60 1 36 1 20 149636 299272
 29 2505305
 587 233 220 18974723 217987152
 10
 1 91 1 58 1 57 1 12 186622 373244
 2 92 1 78 1 53 1 13 257435 514870
 3 112 0 48 1 28 1 10 99683 199366
 4 78 0 47 1 26 1 11 64679 129358
 5 41 1 40 1 28 1 17 39958 79916
 6 57 1 47 1 32 1 12 68225 136450
 7 54 1 47 1 40 1 11 88954 177908
 8 85 0 80 0 25 1 18 105785 211570
 9 89 1 86 1 54 1 13 344546 689092
 10 118 1 94 1 68 1 10 606701 1213402
 30 2505405
 587 233 220 26042077 444723487
 10
 1 64 0 53 1 32 1 16 96945 193890
 2 51 1 42 1 28 1 14 43313 86626
 3 49 1 32 1 30 1 18 28681 57362
 4 109 1 68 1 59 1 17 353067 706134
 5 66 0 43 1 32 1 11 73894 147788
 6 120 0 71 1 47 1 16 297607 595214
 7 109 0 57 1 41 1 17 196112 392224
 8 100 0 70 0 28 1 16 140415 280830
 9 76 1 70 1 51 1 11 200941 401882
 10 85 0 40 1 26 1 15 71727 143454
 31 2505505
 587 233 220 19867082 232170605
 10
 1 70 1 63 1 49 1 15 174665 349330
 2 84 1 54 1 49 1 17 181017 362034
 3 89 0 70 1 42 1 11 165339 330678
 4 80 0 48 1 39 1 15 94946 189892
 5 114 0 47 1 42 1 16 152689 305378
 6 92 0 62 1 34 1 11 118457 236914
 7 72 1 66 1 43 1 18 161715 323430
 8 120 0 55 1 46 1 15 218296 436592
 9 106 0 62 0 25 1 13 102049 204098
 10 72 0 53 1 34 1 14 115270 230540
 32 2505605
 587 233 220 18111655 189250500
 10
 1 95 0 76 1 44 1 14 250660 501320
 2 81 0 47 1 34 1 20 94987 189974
 3 71 0 52 1 30 1 18 89360 178720
 4 96 0 52 1 28 1 11 109045 218090
 5 104 0 80 1 50 1 13 273720 547440
 6 77 1 64 1 57 1 19 168921 337842
 7 75 0 45 1 36 1 23 82202 164404
 8 65 1 49 1 39 1 15 91093 182186
 9 70 1 49 1 41 1 12 118600 237200
 10 111 0 44 1 42 1 11 133368 266736
 33 2505705
 587 233 220 24594860 453936267
 10
 1 40 1 36 1 21 1 12 23243 46486
 2 76 0 45 1 31 1 11 92049 184098
 3 63 1 54 1 51 1 14 122713 245426
 4 114 1 77 1 69 1 15 414397 828794
 5 95 1 57 1 53 1 15 209256 418512
 6 92 0 36 1 20 1 11 56837 113674
 7 90 1 84 1 47 1 17 232141 464282
 8 84 0 69 0 24 1 12 88706 177412
 9 57 1 35 1 35 1 14 48229 96458
 10 78 1 76 1 50 1 11 249574 499148
 34 2505805
 587 233 220 23278454 318450909
 10
 1 68 0 35 1 27 1 13 52034 104068
 2 118 0 57 1 43 1 9 187088 374176
 3 73 0 72 0 36 1 15 128741 257482
 4 85 1 58 1 50 1 14 162935 325870
 5 86 0 56 1 33 1 14 101254 202508
 6 99 0 44 1 31 1 9 102330 204660
 7 93 1 54 1 49 1 18 185483 370966
 8 89 0 69 0 26 1 14 102077 204154
 9 98 1 90 1 74 1 12 578311 1156622
 10 58 1 48 1 46 1 18 111169 222338
 35 2505905
 587 233 220 22516107 336634049
 10
 1 100 0 33 1 31 1 8 86826 173652
 2 84 0 68 1 42 1 15 195012 390024
 3 95 0 84 0 31 1 15 186542 373084
 4 57 1 39 1 30 1 15 46906 93812
 5 76 1 71 1 60 1 22 235161 470322
 6 71 1 68 1 46 1 18 185021 370042
 7 109 0 51 1 26 1 16 110703 221406
 8 109 0 54 1 45 1 13 160081 320162
 9 84 0 55 1 29 1 15 92915 185830
 10 104 0 66 0 20 1 14 103410 206820
 36 2506005
 587 233 220 22894275 380777872
 10
 1 41 1 39 1 26 1 17 28385 56770
 2 110 0 40 1 34 1 13 90420 180840
 3 94 1 77 1 52 1 11 254592 509184
 4 119 1 96 1 71 1 9 690607 1381214
 5 67 1 63 1 47 1 20 158199 316398
 6 61 1 43 1 31 1 15 65149 130298
 7 72 0 53 1 35 1 12 100610 201220
 8 64 1 38 1 38 1 6 74282 148564
 9 110 0 71 1 45 1 13 211073 422146
 10 73 1 71 1 52 1 15 227620 455240
 37 2506105
 587 233 220 26055708 412164117
 10
 1 98 0 73 1 44 1 10 253641 507282
 2 60 1 60 1 38 1 17 98260 196520
 3 105 1 73 1 60 1 11 281195 562390
 4 90 1 77 1 52 1 15 278985 557970
 5 66 0 58 0 24 1 19 59948 119896
 6 106 1 76 1 55 1 13 289776 579552
 7 55 1 44 1 36 1 14 69037 138074
 8 82 0 58 0 23 1 12 75478 150956
 9 74 1 61 1 58 1 10 169570 339140
 10 81 0 39 1 24 1 15 46832 93664
 38 2506205
 587 233 220 18831737 328112928
 10
 1 104 0 94 1 50 1 8 396348 792696
 2 102 0 87 0 36 1 21 213365 426730
 3 115 0 42 1 33 1 9 132514 265028
 4 61 1 58 1 32 1 9 73744 147488
 5 70 1 62 1 48 1 16 153097 306194
 6 91 1 79 1 78 1 5 498718 997436
 7 90 1 57 1 53 1 10 239531 479062
 8 78 0 68 0 25 1 12 85593 171186
 9 77 1 44 1 39 1 16 85598 171196
 10 97 1 89 1 56 1 9 385458 770916
 39 2506305
 587 233 220 26418994 349508311
 10
 1 89 1 56 1 45 1 29 170946 341892
 2 53 1 37 1 34 1 23 45231 90462
 3 54 0 35 1 25 1 23 36684 73368
 4 73 0 39 1 33 1 27 76677 153354
 5 73 1 39 1 38 1 22 90307 180614
 6 50 1 42 1 29 1 14 54558 109116
 7 62 1 59 1 54 1 24 171958 343916
 8 98 0 53 1 44 1 20 152334 304668
 9 94 0 32 1 31 1 20 71892 143784
 10 97 0 64 0 28 1 23 114616 229232
 40 2506405
 587 233 220 20412087 275077242
 10
 1 85 1 77 1 62 1 8 260918 521836
 2 94 0 63 1 32 1 7 114328 228656
 3 83 1 75 1 45 1 9 178627 357254
 4 95 1 95 1 54 1 10 373953 747906
 5 76 0 76 0 30 1 16 122373 244746
 6 113 0 66 1 44 1 8 205024 410048
 7 108 1 71 1 61 1 10 348354 696708
 8 118 0 62 1 37 1 16 221403 442806
 9 93 1 58 1 48 1 13 221705 443410
 10 60 0 32 1 29 1 5 39335 78670
 41 2506505
 587 233 220 20795685 294210839
 10
 1 109 1 80 1 68 1 8 407531 815062
 2 90 0 45 1 31 1 14 84450 168900
 3 66 1 56 1 34 1 14 75960 151920
 4 76 0 66 1 34 1 9 137859 275718
 5 111 0 80 1 53 1 15 296006 592012
 6 86 0 59 0 29 1 14 90925 181850
 7 80 1 72 1 63 1 11 252538 505076
 8 81 0 47 0 22 1 8 67397 134794
 9 114 1 80 1 64 1 9 489098 978196
 10 90 0 37 1 32 1 11 79530 159060
 42 2506605
 587 233 220 25891402 345977627
 10
 1 76 1 74 1 50 1 17 220792 441584
 2 86 0 40 1 29 1 11 69280 138560
 3 66 1 55 1 48 1 10 154022 308044
 4 75 0 57 1 37 1 9 141824 283648
 5 102 0 83 0 29 1 10 187736 375472
 6 74 1 58 1 52 1 15 190457 380914
 7 89 0 65 1 36 1 16 171607 343214
 8 99 1 68 1 67 1 12 367237 734474
 9 80 1 78 1 66 1 12 323255 646510
 10 65 1 57 1 45 1 9 123554 247108
 43 2506705
 587 233 220 25809555 410673351
 10
 1 82 1 80 1 71 1 11 293127 586254
 2 66 0 37 1 27 1 4 44954 89908
 3 77 0 76 0 31 1 4 134277 268554
 4 100 0 56 1 38 1 8 159134 318268
 5 93 1 86 1 67 1 12 443744 887488
 6 89 0 76 0 30 1 6 143307 286614
 7 98 1 90 1 67 1 16 387076 774152
 8 87 0 52 1 42 1 11 133377 266754
 9 53 1 42 1 35 1 7 59571 119142
 10 116 0 53 1 36 1 11 190470 380940
 44 2506805
 587 233 220 24234026 367899569
 10
 1 114 0 67 0 25 1 20 129226 258452
 2 92 0 79 0 25 1 15 113353 226706
 3 89 0 87 0 36 1 19 212050 424100
 4 95 0 71 1 36 1 14 211471 422942
 5 90 0 83 1 43 1 12 198320 396640
 6 93 0 39 1 28 1 12 81181 162362
 7 69 0 54 1 31 1 16 86652 173304
 8 107 0 61 1 37 1 13 152694 305388
 9 98 0 52 1 40 1 8 178054 356108
 10 83 1 69 1 60 1 9 223464 446928
 45 2506905
 587 233 220 18105789 243226439
 10
 1 63 0 55 1 31 1 12 69727 139454
 2 120 0 43 1 23 1 12 79123 158246
 3 97 1 72 1 57 1 22 351898 703796
 4 77 1 76 1 42 1 22 156798 313596
 5 93 0 74 0 20 1 11 119833 239666
 6 65 1 63 1 43 1 16 131028 262056
 7 108 0 71 1 40 1 11 184524 369048
 8 79 0 36 1 21 1 14 48295 96590
 9 68 0 62 0 26 1 19 94531 189062
 10 68 1 50 1 40 1 19 122182 244364
 46 2507005
 587 233 220 25496212 399747768
 10
 1 86 0 58 1 36 1 8 136875 273750
 2 71 0 69 0 22 1 9 93487 186974
 3 108 0 78 1 54 1 12 363082 726164
 4 104 1 58 1 57 1 10 214232 428464
 5 96 1 65 1 58 1 13 242789 485578
 6 58 0 37 1 26 1 9 48965 97930
 7 73 1 72 1 49 1 5 215539 431078
 8 98 1 67 1 56 1 13 221123 442246
 9 117 0 89 0 23 1 11 168748 337496
 10 109 1 76 1 73 1 8 363235 726470
 47 2507105
 587 233 220 20769584 224927913
 10
 1 118 0 54 1 42 1 12 183907 367814
 2 112 0 95 0 20 1 14 129834 259668
 3 118 0 38 1 37 1 17 133340 266680
 4 76 0 38 1 38 1 13 89049 178098
 5 100 0 56 1 34 1 14 127497 254994
 6 100 0 73 1 50 1 17 243029 486058
 7 75 0 58 1 36 1 10 111283 222566
 8 76 1 51 1 41 1 16 105406 210812
 9 82 0 75 1 39 1 12 177577 355154
 10 84 1 76 1 44 1 13 183797 367594
 48 2507205
 587 233 220 25552715 404274034
 10
 1 59 1 49 1 48 1 5 85670 171340
 2 79 1 63 1 46 1 10 160301 320602
 3 95 0 58 1 38 1 10 165820 331640
 4 95 0 79 1 47 1 11 309494 618988
 5 72 0 46 1 27 1 11 77502 155004
 6 88 1 74 1 72 1 10 298802 597604
 7 90 1 77 1 67 1 16 400805 801610
 8 96 0 59 1 36 1 13 138088 276176
 9 62 1 55 1 46 1 13 113114 226228
 10 92 0 77 1 43 1 10 267825 535650
 49 2507305
 587 233 220 18593363 311443172
 10
 1 91 0 54 1 45 1 13 142589 285178
 2 105 1 77 1 72 1 8 496337 992674
 3 79 1 78 1 48 1 14 212435 424870
 4 109 1 76 1 59 1 5 423866 847732
 5 48 1 37 1 30 1 11 42346 84692
 6 44 1 37 1 27 1 12 38979 77958
 7 79 1 76 1 54 1 6 200458 400916
 8 116 0 78 0 20 1 12 142365 284730
 9 101 0 71 1 49 1 15 301442 602884
 10 102 0 100 0 49 1 10 443950 887900
 50 2507405
 587 233 220 22067295 286699560
 10
 1 60 1 40 1 32 1 13 56014 112028
 2 98 1 75 1 55 1 17 294880 589760
 3 60 1 59 1 39 1 27 109893 219786
 4 81 0 56 1 40 1 17 119755 239510
 5 119 0 34 1 25 1 9 67113 134226
 6 107 0 61 1 42 1 10 234211 468422
 7 108 0 85 0 20 1 19 158479 316958
 8 97 0 66 1 45 1 22 224614 449228
 9 66 0 35 1 26 1 17 36151 72302
 10 69 0 32 1 20 1 16 36356 72712
 51 2507505
 587 233 220 26222076 414507998
 10
 1 66 1 64 1 36 1 12 106510 213020
 2 97 1 73 1 49 1 19 297569 595138
 3 69 1 60 1 43 1 25 122046 244092
 4 52 0 37 1 20 1 16 31963 63926
 5 109 0 63 1 37 1 23 165920 331840
 6 79 0 57 0 24 1 21 80892 161784
 7 95 0 72 0 22 1 20 131894 263788
 8 65 1 50 1 39 1 16 92050 184100
 9 98 0 42 1 30 1 19 74676 149352
 10 53 1 40 1 36 1 13 66634 133268
 52 2507605
 587 233 220 25740329 332913788
 10
 1 96 0 72 0 31 1 12 192475 384950
 2 75 1 72 1 47 1 16 216016 432032
 3 80 0 25 1 20 1 17 26910 53820
 4 114 1 94 1 61 1 10 427610 855220
 5 100 0 40 1 39 1 15 116571 233142
 6 72 1 51 1 48 1 13 134915 269830
 7 36 1 28 1 24 1 12 20717 41434
 8 85 0 58 1 35 1 18 135242 270484
 9 85 1 84 1 58 1 16 370660 741320
 10 95 0 48 0 24 1 14 83510 167020
 53 2507705
 587 233 220 26909066 397024141
 10
 1 78 0 37 1 27 1 11 60548 121096
 2 89 0 70 0 25 1 17 100479 200958
 3 90 0 84 0 41 1 8 255937 511874
 4 85 0 75 1 42 1 7 161465 322930
 5 91 0 77 1 44 1 7 215342 430684
 6 114 1 87 1 71 1 12 517434 1034868
 7 90 0 37 1 25 1 8 57922 115844
 8 105 1 80 1 77 1 9 469691 939382
 9 74 1 71 1 50 1 10 172798 345596
 10 62 1 57 1 55 1 12 128279 256558
 54 2507805
 587 233 220 18572025 235753493
 10
 1 99 0 68 0 23 1 23 94056 188112
 2 68 1 52 1 40 1 17 91829 183658
 3 101 1 66 1 61 1 20 305028 610056
 4 57 0 56 0 22 1 17 55198 110396
 5 81 1 54 1 47 1 19 158175 316350
 6 86 0 34 1 25 1 24 62031 124062
 7 54 0 46 1 27 1 11 51696 103392
 8 95 0 65 1 34 1 17 184333 368666
 9 105 0 57 1 29 1 10 104686 209372
 10 120 0 63 0 28 1 14 161372 322744
 55 2507905
 587 233 220 20244687 392235035
 10
 1 100 0 94 0 28 1 19 226929 453858
 2 81 1 78 1 66 1 13 284364 568728
 3 111 0 49 0 21 1 12 98510 197020
 4 119 0 63 1 37 1 20 246211 492422
 5 72 0 50 1 30 1 14 72380 144760
 6 58 1 58 1 40 1 12 82412 164824
 7 108 0 55 1 29 1 17 129219 258438
 8 54 1 49 1 38 1 15 74723 149446
 9 69 1 46 1 44 1 12 110814 221628
 10 88 1 71 1 61 1 9 313581 627162
 56 2508005
 587 233 220 19344964 226607015
 10
 1 90 0 41 1 34 1 34 101430 202860
 2 64 0 32 1 28 1 17 42749 85498
 3 42 1 31 1 31 1 19 30039 60078
 4 94 0 90 0 44 1 15 323670 647340
 5 68 1 63 1 53 1 24 157350 314700
 6 55 0 30 1 21 1 23 30064 60128
 7 72 0 64 0 31 1 16 107206 214412
 8 75 0 56 1 34 1 30 102847 205694
 9 62 0 34 1 31 1 31 51270 102540
 10 79 0 55 1 32 1 24 107665 215330
 57 2508105
 587 233 220 23875733 324343103
 10
 1 85 0 73 1 40 1 9 172545 345090
 2 73 1 62 1 54 1 7 205177 410354
 3 90 0 63 1 41 1 13 165511 331022
 4 75 0 61 0 24 1 15 91565 183130
 5 57 1 53 1 44 1 8 108572 217144
 6 93 0 70 1 45 1 9 220613 441226
 7 73 0 36 1 33 1 8 63559 127118
 8 95 1 80 1 75 1 7 383042 766084
 9 93 1 89 1 78 1 11 428662 857324
 10 113 1 87 1 65 1 9 557300 1114600
 58 2508205
 587 233 220 20111536 272924744
 10
 1 105 0 81 1 46 1 18 326404 652808
 2 115 1 81 1 61 1 9 483374 966748
 3 72 0 51 0 23 1 12 68225 136450
 4 65 1 56 1 33 1 10 77738 155476
 5 60 0 44 0 21 1 13 46452 92904
 6 85 1 69 1 65 1 7 230002 460004
 7 90 0 82 0 35 1 10 209071 418142
 8 115 1 94 1 64 1 8 619353 1238706
 9 80 0 53 1 33 1 9 108685 217370
 10 95 0 81 0 37 1 10 253273 506546
 59 2508305
 587 233 220 19819606 327760698
 10
 1 76 1 52 1 46 1 18 136212 272424
 2 66 0 59 1 31 1 26 77159 154318
 3 62 1 55 1 44 1 25 100341 200682
 4 95 0 46 1 36 1 12 117458 234916
 5 63 1 59 1 35 1 11 111916 223832
 6 100 0 37 1 32 1 23 78917 157834
 7 91 0 54 1 37 1 21 134084 268168
 8 49 1 44 1 36 1 26 51719 103438
 9 109 0 66 1 49 1 18 261238 522476
 10 69 0 48 1 27 1 19 67565 135130
 60 2508405
 587 233 220 25860236 338300091
 10
 1 78 1 72 1 58 1 14 212284 424568
 2 107 1 57 1 57 1 11 282261 564522
 3 72 1 64 1 37 1 19 103231 206462
 4 93 0 66 0 26 1 13 107508 215016
 5 116 0 67 1 35 1 13 195931 391862
 6 101 0 56 1 39 1 12 171807 343614
 7 108 0 100 0 39 1 11 316136 632272
 8 64 1 55 1 33 1 10 99416 198832
 9 73 1 65 1 53 1 10 184866 369732
 10 106 0 41 1 35 1 12 122271 244542
 61 2508505
 587 233 220 19016715 346352304
 10
 1 109 1 68 1 64 1 7 386518 773036
 2 84 1 58 1 55 1 7 205878 411756
 3 96 0 83 0 24 1 16 134998 269996
 4 74 0 67 1 37 1 14 139531 279062
 5 107 1 73 1 70 1 7 409722 819444
 6 80 1 73 1 54 1 13 212795 425590
 7 72 0 41 1 33 1 13 64333 128666
 8 84 1 79 1 74 1 10 361205 722410
 9 40 0 37 1 20 1 14 21465 42930
 10 74 1 73 1 42 1 20 161967 323934
 62 2508605
 587 233 220 23300626 352738396
 10
 1 70 1 63 1 50 1 14 177004 354008
 2 100 0 53 1 34 1 9 151444 302888
 3 93 0 78 1 45 1 11 219543 439086
 4 100 0 55 1 48 1 10 193482 386964
 5 98 1 73 1 50 1 13 226491 452982
 6 69 1 45 1 43 1 9 93380 186760
 7 43 1 42 1 36 1 15 43248 86496
 8 104 1 92 1 63 1 16 476300 952600
 9 93 0 36 1 26 1 11 75436 150872
 10 50 1 45 1 41 1 17 58348 116696
 63 2508705
 587 233 220 18832938 300169047
 10
 1 82 1 76 1 59 1 8 253733 507466
 2 60 1 51 1 50 1 14 117166 234332
 3 104 1 66 1 61 1 7 280957 561914
 4 71 0 36 1 28 1 7 57142 114284
 5 89 0 77 0 26 1 9 153459 306918
 6 108 1 84 1 66 1 15 374001 748002
 7 90 0 51 1 45 1 10 185785 371570
 8 48 1 35 1 33 1 9 35292 70584
 9 89 1 57 1 52 1 5 227449 454898
 10 99 1 77 1 58 1 16 372239 744478
 64 2508805
 587 233 220 25700624 433216701
 10
 1 114 0 54 0 20 1 16 81968 163936
 2 92 1 87 1 50 1 10 359581 719162
 3 114 0 43 1 26 1 10 90841 181682
 4 93 0 69 1 42 1 7 166371 332742
 5 80 1 79 1 64 1 19 362828 725656
 6 99 0 80 0 29 1 8 198362 396724
 7 60 1 54 1 47 1 12 97168 194336
 8 54 1 53 1 32 1 16 75910 151820
 9 113 1 75 1 68 1 10 468027 936054
 10 67 1 66 1 49 1 10 173470 346940
 65 2508905
 587 233 220 22748012 413694297
 10
 1 55 0 50 1 26 1 8 43219 86438
 2 48 1 42 1 37 1 16 62336 124672
 3 47 1 34 1 26 1 17 27797 55594
 4 104 0 74 1 50 1 18 260656 521312
 5 83 0 70 1 40 1 17 202223 404446
 6 53 1 52 1 38 1 19 89740 179480
 7 108 0 69 1 49 1 11 266973 533946
 8 78 1 73 1 72 1 20 330825 661650
 9 77 0 62 0 24 1 15 75423 150846
 10 74 0 34 1 21 1 15 32595 65190
 66 2509005
 587 233 220 23074324 453897001
 10
 1 87 0 45 1 32 1 14 88754 177508
 2 84 1 63 1 46 1 11 174257 348514
 3 84 1 67 1 44 1 12 207977 415954
 4 76 0 55 1 30 1 11 76139 152278
 5 87 1 78 1 61 1 6 294643 589286
 6 115 0 77 1 53 1 11 300983 601966
 7 78 1 72 1 51 1 12 240933 481866
 8 93 1 91 1 62 1 10 326953 653906
 9 48 1 41 1 40 1 7 61412 122824
 10 92 1 82 1 53 1 11 300333 600666
 67 2509105
 587 233 220 22931310 358261061
 10
 1 119 0 41 1 38 1 14 151135 302270
 2 90 0 44 1 35 1 15 86777 173554
 3 67 0 55 0 27 1 7 63524 127048
 4 71 1 47 1 36 1 18 106470 212940
 5 90 1 55 1 51 1 17 206803 413606
 6 87 0 68 1 40 1 19 144088 288176
 7 87 0 53 1 36 1 17 118791 237582
 8 113 0 47 1 34 1 19 135353 270706
 9 97 0 56 1 35 1 25 134988 269976
 10 90 0 60 0 25 1 19 93738 187476
 68 2509205
 587 233 220 18846954 274718100
 10
 1 60 1 44 1 36 1 9 62175 124350
 2 76 1 42 1 40 1 8 103107 206214
 3 65 1 49 1 48 1 11 130742 261484
 4 109 0 92 1 51 1 10 379364 758728
 5 93 0 42 1 31 1 12 102800 205600
 6 83 1 64 1 59 1 7 272509 545018
 7 96 1 90 1 55 1 11 407945 815890
 8 52 1 42 1 31 1 15 50463 100926
 9 98 1 72 1 61 1 8 264320 528640
 10 118 0 98 1 57 1 12 529933 1059866
 69 2509305
 587 233 220 22015040 246609409
 10
 1 91 0 50 1 32 1 20 106708 213416
 2 118 0 66 1 40 1 16 204500 409000
 3 75 0 69 0 32 1 12 146253 292506
 4 81 0 73 0 32 1 19 156555 313110
 5 97 0 69 0 33 1 16 188227 376454
 6 97 0 31 1 27 1 17 56326 112652
 7 57 1 54 1 29 1 11 68027 136054
 8 77 1 71 1 62 1 16 295524 591048
 9 116 0 84 0 27 1 16 174787 349574
 10 85 0 30 1 29 1 14 65886 131772
 70 2509405
 587 233 220 18763093 271605223
 10
 1 56 0 32 1 28 1 9 34360 68720
 2 92 0 68 1 39 1 11 192295 384590
 3 90 0 86 0 29 1 9 199861 399722
 4 73 1 54 1 52 1 17 140010 280020
 5 114 0 100 0 45 1 17 449170 898340
 6 94 0 51 1 36 1 14 152467 304934
 7 108 0 59 1 38 1 13 209531 419062
 8 89 1 82 1 61 1 7 280133 560266
 9 81 1 71 1 43 1 12 176969 353938
 10 61 1 53 1 37 1 8 75777 151554
 71 2509505
 587 233 220 23675427 388348821
 10
 1 99 1 64 1 62 1 20 313891 627782
 2 110 0 43 1 37 1 16 152878 305756
 3 96 1 73 1 50 1 9 270015 540030
 4 114 0 53 1 35 1 10 135143 270286
 5 105 0 27 1 22 1 12 54699 109398
 6 75 1 66 1 51 1 14 225551 451102
 7 72 1 61 1 48 1 17 187781 375562
 8 102 0 46 1 32 1 12 100078 200156
 9 59 1 57 1 45 1 12 135346 270692
 10 111 0 45 1 33 1 16 126929 253858
 72 2509605
 587 233 220 22667412 336612599
 10
 1 96 1 95 1 68 1 10 415981 831962
 2 69 1 61 1 35 1 12 123925 247850
 3 107 1 70 1 55 1 10 258556 517112
 4 92 0 85 0 34 1 11 174764 349528
 5 96 0 60 1 31 1 12 109916 219832
 6 66 1 38 1 38 1 17 69823 139646
 7 63 1 57 1 36 1 12 92965 185930
 8 51 1 31 1 31 1 15 38043 76086
 9 100 0 75 1 44 1 14 206196 412392
 10 78 1 66 1 53 1 16 183188 366376
 73 2509705
 587 233 220 18532125 256410931
 10
 1 90 0 73 1 37 1 9 215709 431418
 2 102 0 95 0 33 1 15 203867 407734
 3 117 0 38 1 30 1 10 119560 239120
 4 75 1 73 1 57 1 13 257943 515886
 5 86 0 36 1 34 1 12 90468 180936
 6 101 1 81 1 62 1 14 448749 897498
 7 90 1 66 1 65 1 9 260944 521888
 8 76 1 69 1 51 1 15 194643 389286
 9 65 0 30 1 30 1 8 51222 102444
 10 61 1 46 1 37 1 12 68266 136532
 74 2509805
 587 233 220 20070639 345388839
 10
 1 86 1 79 1 69 1 8 399116 798232
 2 53 1 46 1 31 1 7 67168 134336
 3 96 0 51 1 37 1 9 151647 303294
 4 119 0 55 1 54 1 11 259498 518996
 5 77 0 74 0 37 1 9 158454 316908
 6 96 0 73 0 24 1 7 131945 263890
 7 75 1 67 1 54 1 12 179088 358176
 8 88 1 71 1 61 1 5 243031 486062
 9 120 0 93 0 46 1 14 437065 874130
 10 104 1 70 1 69 1 9 349026 698052
 75 2509905
 587 233 220 20774175 406806260
 10
 1 101 0 81 0 24 1 14 159085 318170
 2 94 0 72 0 29 1 16 130851 261702
 3 79 1 72 1 47 1 18 235137 470274
 4 90 0 36 1 35 1 18 89063 178126
 5 68 1 51 1 40 1 11 84383 168766
 6 48 1 45 1 35 1 17 61090 122180
 7 108 1 84 1 69 1 6 543966 1087932
 8 91 0 45 1 31 1 20 103191 206382
 9 84 1 80 1 62 1 10 273242 546484
 10 77 1 71 1 41 1 18 201699 403398
 76 2510005
 587 233 220 20470690 371686139
 10
 1 77 0 42 1 30 1 13 75805 151610
 2 98 0 45 1 28 1 8 87028 174056
 3 61 1 58 1 32 1 11 94040 188080
 4 92 1 77 1 61 1 15 356980 713960
 5 58 0 44 1 27 1 8 50515 101030
 6 108 0 72 1 50 1 15 320152 640304
 7 93 1 72 1 71 1 12 311655 623310
 8 111 0 49 1 30 1 14 99139 198278
 9 79 1 66 1 49 1 9 225343 450686
 10 85 0 74 1 39 1 13 210978 421956
 77 2510105
 587 233 220 25010065 385000046
 10
 1 73 0 73 0 36 1 24 156634 313268
 2 87 0 49 1 26 1 13 85310 170620
 3 68 1 53 1 44 1 20 113231 226462
 4 73 0 57 1 33 1 23 118065 236130
 5 65 1 49 1 47 1 18 133462 266924
 6 80 0 65 1 35 1 22 133780 267560
 7 72 0 35 1 26 1 18 54874 109748
 8 75 1 68 1 40 1 18 128111 256222
 9 104 0 53 1 34 1 16 116564 233128
 10 97 0 93 0 45 1 7 253367 506734
 78 2510205
 587 233 220 23780577 355921194
 10
 1 105 0 68 1 42 1 15 210545 421090
 2 75 0 37 1 24 1 20 42423 84846
 3 79 0 73 0 26 1 20 128023 256046
 4 95 0 53 1 38 1 13 171150 342300
 5 50 1 41 1 40 1 10 61803 123606
 6 80 1 59 1 52 1 19 215377 430754
 7 90 0 74 0 35 1 19 144580 289160
 8 87 1 60 1 60 1 14 281090 562180
 9 68 1 50 1 39 1 15 99547 199094
 10 78 0 64 0 25 1 19 108844 217688
 79 2510305
 587 233 220 24894822 336168611
 10
 1 64 1 48 1 46 1 21 122802 245604
 2 79 0 25 1 22 1 30 35490 70980
 3 89 0 85 0 33 1 22 202891 405782
 4 79 0 66 1 34 1 27 126522 253044
 5 79 0 54 1 31 1 16 99100 198200
 6 115 0 95 0 22 1 24 190916 381832
 7 76 1 54 1 44 1 20 125147 250294
 8 80 0 44 1 29 1 18 82886 165772
 9 66 0 33 1 26 1 19 48363 96726
 10 50 1 32 1 32 1 20 33226 66452
 80 2510405
 587 233 220 22366852 308174704
 10
 1 78 1 59 1 54 1 13 153874 307748
 2 120 0 52 0 20 1 12 76600 153200
 3 100 1 67 1 54 1 10 316076 632152
 4 91 0 59 1 37 1 19 131602 263204
 5 112 0 57 1 56 1 16 258198 516396
 6 88 0 46 1 34 1 16 118267 236534
 7 108 0 78 1 53 1 13 299117 598234
 8 100 0 48 1 29 1 9 90828 181656
 9 89 0 88 0 21 1 12 116176 232352
 10 90 0 40 1 21 1 12 46219 92438
 81 2510505
 587 233 220 21032375 391389322
 10
 1 110 0 60 1 55 1 9 231224 462448
 2 80 1 78 1 71 1 7 386024 772048
 3 110 0 75 1 50 1 10 294958 589916
 4 100 0 72 1 40 1 10 186723 373446
 5 103 0 60 1 32 1 12 165490 330980
 6 70 1 60 1 49 1 14 172902 345804
 7 80 1 72 1 62 1 10 261684 523368
 8 120 1 74 1 67 1 7 414849 829698
 9 75 0 52 1 37 1 8 100335 200670
 10 57 1 54 1 48 1 17 102801 205602
 82 2510605
 587 233 220 21493875 361689353
 10
 1 65 1 51 1 50 1 17 136555 273110
 2 113 0 78 0 28 1 14 184152 368304
 3 120 0 35 1 32 1 14 95197 190394
 4 71 0 53 0 20 1 13 59237 118474
 5 94 1 70 1 64 1 16 315424 630848
 6 64 0 33 1 32 1 14 56568 113136
 7 71 0 35 1 21 1 17 35712 71424
 8 85 1 59 1 49 1 18 201680 403360
 9 108 0 62 1 53 1 14 280850 561700
 10 116 0 56 0 25 1 16 118571 237142
 83 2510705
 587 233 220 22175934 313713872
 10
 1 83 1 71 1 46 1 15 239915 479830
 2 76 1 63 1 54 1 15 161632 323264
 3 91 0 56 1 40 1 15 125174 250348
 4 61 1 42 1 34 1 11 57885 115770
 5 84 1 67 1 47 1 14 163015 326030
 6 95 1 79 1 57 1 11 333441 666882
 7 90 0 80 0 23 1 11 105330 210660
 8 69 0 43 1 28 1 9 72144 144288
 9 72 1 69 1 48 1 17 144412 288824
 10 83 1 64 1 58 1 10 256078 512156
 84 2510805
 587 233 220 22358267 404059750
 10
 1 114 0 77 1 42 1 11 268388 536776
 2 105 1 81 1 74 1 14 526019 1052038
 3 76 1 73 1 50 1 17 197035 394070
 4 104 0 91 0 41 1 13 297049 594098
 5 75 0 70 0 23 1 15 88395 176790
 6 93 0 67 0 20 1 16 81770 163540
 7 89 0 54 0 25 1 8 88957 177914
 8 89 0 46 1 28 1 10 78447 156894
 9 36 1 35 1 24 1 13 21605 43210
 10 72 0 50 1 29 1 8 70449 140898
 85 2510905
 587 233 220 24180429 302706812
 10
 1 55 0 37 1 22 1 17 31660 63320
 2 72 0 55 1 31 1 9 109332 218664
 3 61 1 56 1 36 1 14 87589 175178
 4 76 0 72 0 22 1 9 81405 162810
 5 74 1 66 1 61 1 14 266192 532384
 6 43 1 39 1 32 1 13 38858 77716
 7 108 0 98 0 27 1 12 254142 508284
 8 109 1 73 1 65 1 11 421571 843142
 9 97 0 92 0 40 1 9 320071 640142
 10 109 1 80 1 62 1 15 471914 943828
 86 2511005
 587 233 220 19421266 286348491
 10
 1 87 0 33 1 28 1 17 58865 117730
 2 97 1 70 1 57 1 16 271612 543224
 3 71 1 57 1 38 1 16 94645 189290
 4 63 1 53 1 47 1 15 110721 221442
 5 77 0 56 1 37 1 14 137993 275986
 6 102 0 67 1 47 1 13 219748 439496
 7 72 0 31 1 29 1 16 56753 113506
 8 84 0 58 1 38 1 16 140082 280164
 9 84 1 57 1 56 1 17 182186 364372
 10 88 0 76 0 33 1 12 184268 368536
 87 2511105
 587 233 220 18388832 294462582
 10
 1 119 0 34 1 28 1 12 99798 199596
 2 84 1 69 1 48 1 13 243433 486866
 3 97 1 82 1 78 1 14 406581 813162
 4 109 0 43 1 33 1 9 92803 185606
 5 80 1 75 1 47 1 10 179629 359258
 6 74 0 62 0 30 1 13 106122 212244
 7 40 1 35 1 31 1 14 26433 52866
 8 58 0 43 1 26 1 3 44976 89952
 9 111 1 73 1 71 1 12 446227 892454
 10 95 0 66 1 43 1 8 186699 373398
 88 2511205
 587 233 220 25584203 469742201
 10
 1 100 0 60 1 40 1 11 170637 341274
 2 89 0 67 1 34 1 21 177888 355776
 3 92 0 80 0 38 1 18 238964 477928
 4 90 0 81 0 24 1 18 111872 223744
 5 84 0 52 1 38 1 22 126587 253174
 6 77 1 54 1 46 1 13 159459 318918
 7 90 0 49 1 33 1 20 129424 258848
 8 78 0 45 1 27 1 15 60921 121842
 9 76 0 57 0 28 1 16 94672 189344
 10 102 0 38 1 27 1 24 89860 179720
 89 2511305
 587 233 220 22063987 283354129
 10
 1 95 0 92 0 46 1 7 361039 722078
 2 65 1 60 1 40 1 11 106818 213636
 3 103 1 62 1 59 1 10 286678 573356
 4 71 1 65 1 52 1 6 199040 398080
 5 119 0 87 0 28 1 12 217943 435886
 6 109 1 92 1 78 1 13 569842 1139684
 7 58 1 54 1 35 1 7 93331 186662
 8 98 1 73 1 64 1 7 410616 821232
 9 44 1 44 1 40 1 10 64026 128052
 10 70 0 69 1 35 1 10 103294 206588
 90 2511405
 587 233 220 24312647 263741579
 10
 1 91 0 52 1 33 1 10 122170 244340
 2 87 1 81 1 63 1 11 296700 593400
 3 113 0 79 1 45 1 9 287222 574444
 4 114 0 52 1 45 1 6 175417 350834
 5 110 1 90 1 66 1 7 478871 957742
 6 81 0 41 1 31 1 12 62234 124468
 7 108 0 67 1 37 1 11 195343 390686
 8 118 0 82 1 57 1 14 446859 893718
 9 96 0 60 0 30 1 5 128535 257070
 10 43 1 42 1 36 1 10 55257 110514
 91 2511505
 587 233 220 23360089 350953072
 10
 1 86 1 65 1 57 1 7 204157 408314
 2 61 1 37 1 32 1 15 62051 124102
 3 39 1 33 1 27 1 11 30723 61446
 4 85 0 33 1 26 1 9 64491 128982
 5 101 0 94 0 42 1 15 347325 694650
 6 65 1 53 1 46 1 10 122559 245118
 7 76 1 72 1 39 1 18 147741 295482
 8 47 1 42 1 25 1 14 38669 77338
 9 93 1 76 1 60 1 16 359246 718492
 10 95 1 74 1 51 1 19 304524 609048
 92 2511605
 587 233 220 23581501 471052564
 10
 1 96 1 82 1 63 1 8 423444 846888
 2 74 1 63 1 59 1 10 246254 492508
 3 86 0 60 1 43 1 9 169572 339144
 4 90 1 67 1 57 1 11 290956 581912
 5 97 1 91 1 80 1 15 443015 886030
 6 116 0 61 0 28 1 6 162203 324406
 7 86 0 41 1 35 1 7 82055 164110
 8 67 0 44 1 26 1 11 67367 134734
 9 115 0 79 0 31 1 9 195871 391742
 10 62 1 59 1 46 1 7 117134 234268
 93 2511705
 587 233 220 19652453 288566482
 10
 1 78 0 69 1 37 1 5 134331 268662
 2 115 1 90 1 58 1 8 474973 949946
 3 68 0 53 0 20 1 9 53915 107830
 4 119 0 71 1 47 1 6 319943 639886
 5 100 1 82 1 57 1 7 307113 614226
 6 88 1 76 1 52 1 5 242263 484526
 7 95 0 90 0 43 1 9 299752 599504
 8 87 1 72 1 62 1 14 339967 679934
 9 80 1 66 1 47 1 6 196654 393308
 10 120 1 78 1 67 1 9 527129 1054258
 94 2511805
 587 233 220 19599608 276922818
 10
 1 75 1 73 1 69 1 12 319848 639696
 2 66 1 56 1 40 1 17 122427 244854
 3 64 1 51 1 41 1 18 92122 184244
 4 90 0 52 1 28 1 17 87320 174640
 5 73 0 33 1 28 1 20 60045 120090
 6 91 1 76 1 60 1 13 314484 628968
 7 54 1 45 1 28 1 11 41951 83902
 8 107 1 81 1 56 1 14 320709 641418
 9 63 1 53 1 44 1 12 90303 180606
 10 88 1 75 1 50 1 7 262112 524224
 95 2511905
 587 233 220 26948504 282344704
 10
 1 101 0 69 0 20 1 16 91687 183374
 2 108 0 66 1 54 1 16 300368 600736
 3 74 0 62 1 33 1 20 114774 229548
 4 69 0 61 1 33 1 20 105502 211004
 5 71 0 64 0 31 1 22 104762 209524
 6 38 1 32 1 30 1 18 31089 62178
 7 108 0 47 1 37 1 14 159418 318836
 8 100 0 41 1 36 1 19 132616 265232
 9 99 0 79 0 39 1 14 186426 372852
 10 83 0 55 0 22 1 22 72769 145538
 96 2512005
 587 233 220 23984608 465332645
 10
 1 64 0 42 1 26 1 18 56450 112900
 2 92 1 58 1 52 1 13 181484 362968
 3 92 0 85 0 21 1 11 111473 222946
 4 90 0 49 1 33 1 18 122686 245372
 5 54 1 48 1 34 1 10 73162 146324
 6 95 0 62 1 45 1 14 206377 412754
 7 72 1 49 1 46 1 13 128349 256698
 8 56 0 42 1 25 1 19 48186 96372
 9 64 0 34 1 26 1 11 43408 86816
 10 113 0 90 1 54 1 22 459328 918656
 97 2512105
 587 233 220 20245515 250203257
 10
 1 74 0 60 1 32 1 15 115096 230192
 2 100 0 50 1 43 1 13 181863 363726
 3 95 0 74 1 42 1 16 259956 519912
 4 95 0 70 0 30 1 15 167811 335622
 5 45 1 37 1 24 1 16 31125 62250
 6 67 0 60 0 25 1 14 87114 174228
 7 55 1 51 1 35 1 12 72408 144816
 8 76 1 71 1 61 1 16 278232 556464
 9 119 0 88 1 51 1 11 468314 936628
 10 98 0 81 0 26 1 14 173323 346646
 98 2512205
 587 233 220 22166448 270681335
 10
 1 106 0 55 1 38 1 14 151171 302342
 2 69 1 50 1 48 1 15 99425 198850
 3 106 1 63 1 57 1 14 264071 528142
 4 71 1 66 1 51 1 14 213136 426272
 5 62 1 41 1 36 1 7 76834 153668
 6 75 1 49 1 39 1 9 92410 184820
 7 90 1 64 1 53 1 11 256986 513972
 8 96 1 79 1 55 1 14 351823 703646
 9 83 1 75 1 67 1 9 358940 717880
 10 58 1 48 1 30 1 9 74325 148650
 99 2512305
 587 233 220 26034221 449988534
 10
 1 51 1 46 1 44 1 26 78447 156894
 2 95 0 92 1 47 1 14 273572 547144
 3 116 0 39 1 23 1 10 64438 128876
 4 51 1 37 1 32 1 14 53168 106336
 5 117 0 44 1 38 1 10 152196 304392
 6 103 1 89 1 73 1 13 462168 924336
 7 73 1 55 1 54 1 13 156566 313132
 8 116 0 98 0 40 1 8 352897 705794
 9 62 0 48 0 22 1 12 58210 116420
 10 106 0 38 1 30 1 14 93282 186564
 100 2512405
 587 233 220 18452543 280097544
 10
 1 78 1 49 1 47 1 9 111474 222948
 2 46 1 45 1 43 1 15 69380 138760
 3 98 0 44 1 36 1 13 105579 211158
 4 100 0 89 0 31 1 11 219612 439224
 5 108 0 76 1 47 1 17 267014 534028
 6 75 0 36 1 28 1 19 67702 135404
 7 108 1 82 1 56 1 16 440332 880664
 8 45 1 41 1 24 1 19 31432 62864
 9 103 0 48 1 38 1 10 140415 280830
 10 74 1 62 1 46 1 15 163270 326540
