100
 1 2502505
 587 233 220 20956652 294234275
 12
 1 108 0 76 0 30 1 17 188398 376796
 2 110 0 43 1 25 1 9 101216 202432
 3 92 1 81 1 55 1 7 352745 705490
 4 81 0 33 1 28 1 3 48038 96076
 5 120 1 99 1 73 1 11 590115 1180230
 6 111 0 70 1 48 1 5 330419 660838
 7 98 0 72 1 46 1 11 279171 558342
 8 95 0 66 0 31 1 3 144119 288238
 9 85 0 84 0 30 1 9 171401 342802
 10 71 0 32 1 25 1 7 41119 82238
 11 36 1 34 1 25 1 8 23026 46052
 12 97 1 67 1 62 1 8 356553 713106
 2 2502605
 587 233 220 23677477 387507256
 12
 1 49 0 25 1 21 1 13 17146 34292
 2 60 1 51 1 41 1 10 105261 210522
 3 103 1 76 1 64 1 5 336198 672396
 4 95 1 70 1 62 1 13 273764 547528
 5 111 0 49 1 26 1 13 101149 202298
 6 85 1 84 1 72 1 15 445017 890034
 7 48 1 36 1 31 1 13 40423 80846
 8 86 0 76 0 38 1 13 218434 436868
 9 71 1 48 1 47 1 12 120921 241842
 10 90 0 43 1 33 1 12 109020 218040
 11 98 0 52 1 44 1 13 186037 372074
 12 73 0 37 1 23 1 6 44068 88136
 3 2502705
 587 233 220 18806306 258618037
 12
 1 97 0 81 0 27 1 7 172077 344154
 2 102 0 78 0 39 1 12 195200 390400
 3 113 0 46 1 36 1 11 152313 304626
 4 66 1 50 1 42 1 11 112994 225988
 5 101 0 30 1 26 1 9 69486 138972
 6 100 0 56 1 35 1 15 166124 332248
 7 91 0 50 1 40 1 9 137386 274772
 8 106 1 61 1 56 1 13 252477 504954
 9 103 1 63 1 58 1 9 336145 672290
 10 75 1 57 1 41 1 18 130615 261230
 11 71 1 68 1 64 1 6 189367 378734
 12 85 0 67 1 39 1 13 164552 329104
 4 2502805
 587 233 220 21212027 421216143
 12
 1 113 0 92 0 33 1 11 222063 444126
 2 52 1 37 1 28 1 10 37762 75524
 3 57 1 33 1 29 1 14 35134 70268
 4 99 0 37 1 30 1 11 69760 139520
 5 92 0 64 1 33 1 12 172682 345364
 6 119 0 59 1 39 1 9 210780 421560
 7 54 1 52 1 49 1 12 98790 197580
 8 75 0 45 1 35 1 12 96422 192844
 9 79 1 68 1 44 1 15 153943 307886
 10 116 0 49 1 47 1 10 210000 420000
 11 83 0 44 1 23 1 9 73925 147850
 12 98 1 96 1 56 1 17 321785 643570
 5 2502905
 587 233 220 25386114 270007854
 12
 1 88 0 54 1 39 1 7 128204 256408
 2 94 0 54 1 36 1 11 146542 293084
 3 87 0 77 1 43 1 11 196728 393456
 4 100 1 80 1 72 1 17 489056 978112
 5 83 0 40 1 36 1 14 90540 181080
 6 91 0 54 0 22 1 13 92342 184684
 7 109 0 58 1 54 1 8 269976 539952
 8 94 0 55 1 30 1 5 121384 242768
 9 34 1 32 1 31 1 14 25945 51890
 10 83 1 80 1 57 1 13 253388 506776
 11 108 0 40 1 26 1 9 96880 193760
 12 72 0 37 1 32 1 7 69008 138016
 6 2503005
 587 233 220 25074368 323381902
 12
 1 86 1 84 1 45 1 18 264174 528348
 2 81 0 45 1 34 1 17 108343 216686
 3 70 1 54 1 37 1 12 121212 242424
 4 71 1 61 1 52 1 12 149351 298702
 5 78 1 73 1 40 1 15 155971 311942
 6 69 1 63 1 46 1 7 157142 314284
 7 72 1 67 1 56 1 11 193652 387304
 8 75 0 75 0 36 1 12 181468 362936
 9 94 1 88 1 50 1 7 336966 673932
 10 65 1 51 1 50 1 7 103713 207426
 11 81 1 56 1 46 1 12 137546 275092
 12 68 0 44 1 27 1 10 48866 97732
 7 2503105
 587 233 220 21203699 242004411
 12
 1 118 0 79 1 51 1 14 363791 727582
 2 86 0 32 1 31 1 8 64288 128576
 3 64 1 58 1 52 1 9 140223 280446
 4 42 1 42 1 32 1 9 37354 74708
 5 64 1 55 1 43 1 13 119005 238010
 6 84 0 70 0 35 1 13 151384 302768
 7 76 0 57 1 36 1 7 117219 234438
 8 95 1 60 1 55 1 9 228548 457096
 9 80 1 66 1 52 1 12 216823 433646
 10 109 0 73 0 23 1 12 135570 271140
 11 72 1 65 1 54 1 12 182199 364398
 12 98 0 55 1 44 1 14 171647 343294
 8 2503205
 587 233 220 26363484 305300108
 12
 1 75 1 58 1 57 1 5 222469 444938
 2 57 1 37 1 30 1 7 38731 77462
 3 79 0 74 0 35 1 11 158187 316374
 4 104 1 99 1 74 1 9 598651 1197302
 5 55 1 46 1 31 1 6 67347 134694
 6 99 0 98 0 33 1 8 205732 411464
 7 90 1 85 1 59 1 13 356751 713502
 8 115 0 74 1 44 1 9 273573 547146
 9 107 0 67 0 21 1 4 100309 200618
 10 81 1 76 1 55 1 5 259531 519062
 11 118 0 84 0 27 1 11 237891 475782
 12 67 1 60 1 38 1 10 111525 223050
 9 2503305
 587 233 220 20842063 328743714
 12
 1 90 1 70 1 63 1 2 271804 543608
 2 84 0 78 0 28 1 10 123952 247904
 3 94 0 85 0 39 1 12 201462 402924
 4 80 1 76 1 54 1 14 199717 399434
 5 69 1 50 1 45 1 11 126406 252812
 6 70 1 57 1 37 1 7 121742 243484
 7 94 1 61 1 54 1 14 237241 474482
 8 92 0 44 1 29 1 11 86810 173620
 9 72 1 53 1 37 1 11 115937 231874
 10 89 0 43 1 27 1 13 80435 160870
 11 91 0 44 1 28 1 15 93974 187948
 12 78 1 76 1 68 1 15 289197 578394
 10 2503405
 587 233 220 23061494 297338694
 12
 1 68 0 66 0 31 1 10 109888 219776
 2 120 0 34 1 26 1 10 65385 130770
 3 95 1 76 1 60 1 16 305581 611162
 4 61 1 47 1 34 1 8 84142 168284
 5 53 1 45 1 36 1 9 56822 113644
 6 80 1 52 1 42 1 10 144815 289630
 7 109 0 63 0 28 1 12 143951 287902
 8 74 0 64 1 35 1 9 105726 211452
 9 53 1 40 1 36 1 8 57573 115146
 10 102 1 96 1 59 1 10 368467 736934
 11 64 1 60 1 47 1 16 134584 269168
 12 99 0 90 0 32 1 15 219487 438974
 11 2503505
 587 233 220 21629656 318686048
 12
 1 74 1 63 1 61 1 8 176758 353516
 2 71 0 60 0 25 1 15 76376 152752
 3 106 1 80 1 59 1 11 314434 628868
 4 109 0 76 1 42 1 11 231580 463160
 5 118 0 56 0 22 1 8 120515 241030
 6 105 0 67 1 43 1 14 228313 456626
 7 72 1 65 1 37 1 16 134246 268492
 8 84 1 59 1 54 1 10 161936 323872
 9 91 0 69 0 26 1 15 114451 228902
 10 69 0 31 1 28 1 15 41154 82308
 11 76 0 67 1 37 1 12 164455 328910
 12 48 1 39 1 25 1 9 30020 60040
 12 2503605
 587 233 220 21703141 259450175
 12
 1 95 1 80 1 57 1 7 335332 670664
 2 112 0 87 0 23 1 13 142618 285236
 3 116 0 41 1 40 1 6 125552 251104
 4 98 1 80 1 56 1 13 272832 545664
 5 108 1 60 1 59 1 10 280779 561558
 6 82 1 77 1 67 1 7 348911 697822
 7 67 1 46 1 36 1 7 93432 186864
 8 104 0 72 1 44 1 9 198443 396886
 9 89 0 56 0 24 1 4 81420 162840
 10 64 1 36 1 36 1 10 67505 135010
 11 101 0 86 0 31 1 15 180521 361042
 12 69 1 65 1 37 1 8 120296 240592
 13 2503705
 587 233 220 21634560 235301383
 12
 1 52 0 36 1 25 1 22 36704 73408
 2 63 0 37 1 21 1 18 36477 72954
 3 100 0 61 1 36 1 17 169440 338880
 4 79 0 52 1 36 1 16 99382 198764
 5 99 0 63 1 36 1 16 176018 352036
 6 97 0 49 1 30 1 13 87434 174868
 7 90 1 69 1 55 1 13 284530 569060
 8 91 0 33 1 28 1 14 71407 142814
 9 111 0 76 1 41 1 13 287030 574060
 10 95 0 44 1 35 1 15 110621 221242
 11 74 0 47 1 29 1 22 69175 138350
 12 100 0 48 0 20 1 20 82760 165520
 14 2503805
 587 233 220 19065049 233770828
 12
 1 68 0 48 1 31 1 11 74136 148272
 2 104 1 80 1 63 1 12 435374 870748
 3 82 0 46 0 21 1 10 50538 101076
 4 114 1 78 1 60 1 10 421981 843962
 5 90 1 74 1 66 1 7 339970 679940
 6 112 0 54 1 36 1 9 157906 315812
 7 71 1 64 1 54 1 12 215249 430498
 8 74 0 53 1 33 1 8 112618 225236
 9 75 1 62 1 57 1 5 187417 374834
 10 68 1 62 1 52 1 14 132357 264714
 11 64 1 49 1 47 1 11 120885 241770
 12 60 1 39 1 36 1 14 56906 113812
 15 2503905
 587 233 220 19644085 265965202
 12
 1 100 0 44 1 37 1 8 146317 292634
 2 90 1 78 1 55 1 7 282267 564534
 3 65 1 57 1 42 1 10 128014 256028
 4 85 0 58 1 41 1 7 145684 291368
 5 81 1 69 1 50 1 12 201165 402330
 6 84 1 78 1 51 1 6 289225 578450
 7 109 1 73 1 73 1 7 370240 740480
 8 73 1 58 1 52 1 13 185788 371576
 9 73 1 49 1 40 1 15 109829 219658
 10 120 0 60 1 39 1 5 170504 341008
 11 111 1 80 1 68 1 9 453701 907402
 12 71 1 70 1 53 1 5 201773 403546
 16 2504005
 587 233 220 27065609 456658675
 12
 1 43 1 40 1 39 1 12 58265 116530
 2 97 0 76 1 40 1 11 236693 473386
 3 67 1 63 1 47 1 8 156099 312198
 4 98 0 57 1 38 1 10 177858 355716
 5 73 0 71 0 27 1 10 103246 206492
 6 66 1 56 1 41 1 8 92237 184474
 7 82 1 75 1 72 1 11 274131 548262
 8 93 0 71 1 43 1 7 182921 365842
 9 95 0 35 1 28 1 10 65751 131502
 10 88 1 72 1 68 1 10 386139 772278
 11 88 0 85 0 35 1 15 196746 393492
 12 100 1 83 1 69 1 6 434324 868648
 17 2504105
 587 233 220 20041646 291136015
 12
 1 72 0 49 1 35 1 9 105890 211780
 2 75 1 66 1 47 1 8 150151 300302
 3 78 0 30 1 22 1 10 41297 82594
 4 119 1 79 1 79 1 8 454992 909984
 5 76 1 65 1 62 1 10 188734 377468
 6 119 1 81 1 65 1 11 436767 873534
 7 91 0 77 0 36 1 13 224080 448160
 8 113 0 89 0 27 1 10 183588 367176
 9 98 0 59 1 44 1 6 215482 430964
 10 76 1 55 1 43 1 10 129651 259302
 11 58 1 51 1 31 1 2 74671 149342
 12 94 0 40 1 25 1 11 65024 130048
 18 2504205
 587 233 220 20233904 329099308
 12
 1 104 0 55 1 30 1 6 121989 243978
 2 92 1 89 1 73 1 9 360079 720158
 3 88 0 88 0 43 1 7 278387 556774
 4 90 1 60 1 60 1 8 268560 537120
 5 79 1 53 1 41 1 8 129497 258994
 6 96 0 91 0 28 1 6 195810 391620
 7 100 1 90 1 79 1 4 487334 974668
 8 73 0 42 1 32 1 12 65943 131886
 9 115 1 85 1 60 1 5 471563 943126
 10 113 1 83 1 76 1 11 633786 1267572
 11 68 0 50 1 31 1 4 65619 131238
 12 70 0 41 1 30 1 7 61339 122678
 19 2504305
 587 233 220 19159492 225862950
 12
 1 60 0 45 1 26 1 12 62502 125004
 2 71 1 43 1 39 1 12 83983 167966
 3 99 1 71 1 64 1 6 300559 601118
 4 61 1 41 1 40 1 9 82054 164108
 5 83 1 79 1 43 1 11 214548 429096
 6 63 1 52 1 35 1 9 91251 182502
 7 54 0 33 1 20 1 13 27156 54312
 8 62 1 57 1 51 1 11 116657 233314
 9 79 1 76 1 71 1 18 285380 570760
 10 91 1 81 1 48 1 11 290078 580156
 11 95 0 70 0 23 1 17 110870 221740
 12 101 0 57 1 42 1 13 168448 336896
 20 2504405
 587 233 220 19674896 357739559
 12
 1 97 1 77 1 66 1 10 320522 641044
 2 81 1 69 1 69 1 16 274651 549302
 3 109 0 53 0 24 1 14 91494 182988
 4 98 0 33 1 20 1 8 42241 84482
 5 86 0 56 1 34 1 12 118111 236222
 6 76 0 50 1 35 1 12 105405 210810
 7 109 0 42 1 22 1 11 86139 172278
 8 82 1 69 1 42 1 12 211597 423194
 9 58 1 43 1 31 1 11 53185 106370
 10 99 0 80 1 48 1 8 314308 628616
 11 89 0 68 1 39 1 13 158570 317140
 12 74 1 53 1 40 1 11 139039 278078
 21 2504505
 587 233 220 18486391 197673108
 12
 1 109 1 93 1 72 1 6 570016 1140032
 2 95 0 67 0 32 1 8 138597 277194
 3 119 0 45 1 36 1 12 153524 307048
 4 95 1 78 1 62 1 13 313081 626162
 5 116 0 89 0 32 1 8 293458 586916
 6 98 0 65 1 38 1 12 203012 406024
 7 72 0 51 0 24 1 14 70502 141004
 8 102 0 88 0 26 1 10 164415 328830
 9 99 0 47 1 44 1 10 177368 354736
 10 106 0 52 1 31 1 12 114634 229268
 11 55 1 41 1 32 1 9 47616 95232
 12 71 0 65 0 29 1 14 94955 189910
 22 2504605
 587 233 220 21912021 257475269
 12
 1 89 1 78 1 50 1 10 234605 469210
 2 73 1 65 1 46 1 10 142537 285074
 3 94 0 66 1 39 1 7 177264 354528
 4 66 1 59 1 42 1 4 127593 255186
 5 106 1 93 1 70 1 10 517841 1035682
 6 80 1 71 1 62 1 16 232597 465194
 7 60 0 36 1 26 1 12 38686 77372
 8 72 0 31 1 31 1 11 42679 85358
 9 63 0 63 0 31 1 8 89654 179308
 10 74 0 39 1 23 1 11 43268 86536
 11 105 0 72 1 52 1 11 327299 654598
 12 101 0 76 1 45 1 6 256241 512482
 23 2504705
 587 233 220 20552917 241219047
 12
 1 84 0 81 0 23 1 10 98562 197124
 2 115 1 72 1 64 1 15 336556 673112
 3 77 0 49 1 25 1 13 60217 120434
 4 40 1 37 1 22 1 14 27113 54226
 5 97 0 96 0 46 1 6 329907 659814
 6 95 0 43 1 25 1 8 87404 174808
 7 90 0 69 0 28 1 13 155819 311638
 8 56 1 51 1 49 1 14 109475 218950
 9 118 1 93 1 80 1 4 739230 1478460
 10 56 1 47 1 41 1 16 78236 156472
 11 78 0 71 0 27 1 15 94427 188854
 12 88 0 62 1 41 1 15 177753 355506
 24 2504805
 587 233 220 23013241 400939283
 12
 1 113 0 80 0 29 1 9 184347 368694
 2 98 1 65 1 62 1 8 253756 507512
 3 60 1 59 1 46 1 8 142963 285926
 4 100 1 97 1 64 1 8 400347 800694
 5 99 0 88 0 23 1 7 144633 289266
 6 106 0 49 1 33 1 8 126781 253562
 7 78 0 54 1 30 1 6 88600 177200
 8 71 1 68 1 41 1 14 164140 328280
 9 83 0 80 0 35 1 8 196107 392214
 10 99 0 55 0 27 1 11 109417 218834
 11 91 0 51 1 43 1 14 122898 245796
 12 99 1 78 1 72 1 10 387413 774826
 25 2504905
 587 233 220 18912026 363075318
 12
 1 75 0 54 1 35 1 16 89211 178422
 2 107 0 60 1 49 1 13 227785 455570
 3 70 1 67 1 42 1 15 136747 273494
 4 78 1 71 1 44 1 6 150171 300342
 5 78 0 61 0 27 1 14 111960 223920
 6 78 1 73 1 48 1 9 201256 402512
 7 109 0 87 0 32 1 14 267618 535236
 8 91 0 87 0 25 1 10 141232 282464
 9 67 1 51 1 47 1 15 128968 257936
 10 67 1 63 1 60 1 10 177244 354488
 11 115 0 59 1 34 1 10 154210 308420
 12 102 0 35 1 34 1 11 99279 198558
 26 2505005
 587 233 220 22523968 289953081
 12
 1 86 0 71 1 41 1 16 155188 310376
 2 75 1 58 1 58 1 16 197329 394658
 3 100 0 81 0 27 1 14 163824 327648
 4 59 0 42 1 24 1 12 52479 104958
 5 69 0 37 1 30 1 17 55405 110810
 6 63 1 50 1 36 1 15 95269 190538
 7 96 0 72 0 34 1 4 180554 361108
 8 111 0 71 0 29 1 15 164452 328904
 9 102 1 67 1 53 1 8 306335 612670
 10 71 0 34 1 32 1 16 61045 122090
 11 88 1 75 1 53 1 16 278849 557698
 12 50 1 46 1 42 1 12 80498 160996
 27 2505105
 587 233 220 22037850 380996480
 12
 1 118 0 66 1 47 1 9 296330 592660
 2 99 0 56 0 25 1 14 114656 229312
 3 91 1 83 1 48 1 12 233915 467830
 4 104 0 66 1 40 1 9 170868 341736
 5 75 0 60 1 33 1 8 92433 184866
 6 113 1 78 1 60 1 11 340811 681622
 7 36 1 36 1 29 1 9 31796 63592
 8 56 1 48 1 40 1 14 76214 152428
 9 67 0 40 1 22 1 6 46069 92138
 10 92 1 78 1 64 1 10 347516 695032
 11 73 0 61 1 31 1 7 110442 220884
 12 72 1 66 1 58 1 11 197533 395066
 28 2505205
 587 233 220 25356098 478306132
 12
 1 62 1 59 1 52 1 19 127172 254344
 2 54 1 52 1 50 1 12 118436 236872
 3 102 1 69 1 65 1 10 344224 688448
 4 97 0 76 1 46 1 7 270127 540254
 5 52 1 50 1 37 1 18 83707 167414
 6 93 0 85 0 23 1 17 118889 237778
 7 90 0 38 1 38 1 12 108881 217762
 8 66 1 60 1 40 1 21 123563 247126
 9 38 1 31 1 26 1 17 25205 50410
 10 86 0 60 1 36 1 12 119404 238808
 11 92 0 47 1 34 1 15 90839 181678
 12 103 0 69 0 22 1 20 131078 262156
 29 2505305
 587 233 220 24866734 386586151
 12
 1 91 1 58 1 57 1 11 227985 455970
 2 92 1 78 1 53 1 5 265765 531530
 3 112 0 48 1 28 1 11 102206 204412
 4 78 0 47 1 26 1 11 75723 151446
 5 41 1 40 1 28 1 8 35931 71862
 6 57 1 47 1 32 1 14 56400 112800
 7 54 1 47 1 40 1 11 84164 168328
 8 85 0 80 0 25 1 9 106856 213712
 9 89 1 86 1 54 1 11 253565 507130
 10 118 1 94 1 68 1 13 473706 947412
 11 98 0 63 1 36 1 9 182362 364724
 12 81 0 42 1 38 1 7 99408 198816
 30 2505405
 587 233 220 25717540 338547584
 12
 1 64 0 53 1 32 1 9 96451 192902
 2 51 1 42 1 28 1 15 49105 98210
 3 49 1 32 1 30 1 11 34698 69396
 4 109 1 68 1 59 1 17 301381 602762
 5 66 0 43 1 32 1 9 70898 141796
 6 120 0 71 1 47 1 5 286129 572258
 7 109 0 57 1 41 1 13 162887 325774
 8 100 0 70 0 28 1 14 166639 333278
 9 76 1 70 1 51 1 10 183777 367554
 10 85 0 40 1 26 1 11 53138 106276
 11 79 1 71 1 55 1 8 260845 521690
 12 93 1 73 1 55 1 13 229886 459772
 31 2505505
 587 233 220 22732640 251894755
 12
 1 70 1 63 1 49 1 13 131028 262056
 2 84 1 54 1 49 1 12 194019 388038
 3 89 0 70 1 42 1 13 165947 331894
 4 80 0 48 1 39 1 9 115285 230570
 5 114 0 47 1 42 1 14 141726 283452
 6 92 0 62 1 34 1 15 135110 270220
 7 72 1 66 1 43 1 9 133900 267800
 8 120 0 55 1 46 1 13 192577 385154
 9 106 0 62 0 25 1 17 146664 293328
 10 72 0 53 1 34 1 10 104023 208046
 11 74 0 44 1 35 1 8 86694 173388
 12 103 0 71 0 28 1 14 172775 345550
 32 2505605
 587 233 220 19161964 247916022
 12
 1 95 0 76 1 44 1 12 192928 385856
 2 81 0 47 1 34 1 17 98106 196212
 3 71 0 52 1 30 1 13 98730 197460
 4 96 0 52 1 28 1 18 113698 227396
 5 104 0 80 1 50 1 9 352906 705812
 6 77 1 64 1 57 1 12 195006 390012
 7 75 0 45 1 36 1 20 87126 174252
 8 65 1 49 1 39 1 20 97223 194446
 9 70 1 49 1 41 1 13 122747 245494
 10 111 0 44 1 42 1 13 133070 266140
 11 108 0 94 1 51 1 6 384013 768026
 12 43 1 40 1 26 1 10 38450 76900
 33 2505705
 587 233 220 22571124 249162122
 12
 1 40 1 36 1 21 1 9 22645 45290
 2 76 0 45 1 31 1 10 66745 133490
 3 63 1 54 1 51 1 9 116764 233528
 4 114 1 77 1 69 1 14 465790 931580
 5 95 1 57 1 53 1 12 250468 500936
 6 92 0 36 1 20 1 15 41398 82796
 7 90 1 84 1 47 1 10 284010 568020
 8 84 0 69 0 24 1 15 113667 227334
 9 57 1 35 1 35 1 11 43965 87930
 10 78 1 76 1 50 1 10 238773 477546
 11 81 0 67 1 37 1 16 134930 269860
 12 73 1 51 1 43 1 10 115604 231208
 34 2505805
 587 233 220 23075554 242598024
 12
 1 68 0 35 1 27 1 8 56499 112998
 2 118 0 57 1 43 1 6 212166 424332
 3 73 0 72 0 36 1 10 120718 241436
 4 85 1 58 1 50 1 9 164235 328470
 5 86 0 56 1 33 1 13 120743 241486
 6 99 0 44 1 31 1 9 115182 230364
 7 93 1 54 1 49 1 7 148711 297422
 8 89 0 69 0 26 1 6 117366 234732
 9 98 1 90 1 74 1 16 559224 1118448
 10 58 1 48 1 46 1 11 102498 204996
 11 56 0 55 0 22 1 6 57423 114846
 12 104 1 63 1 59 1 14 344162 688324
 35 2505905
 587 233 220 25615304 326734503
 12
 1 100 0 33 1 31 1 6 90580 181160
 2 84 0 68 1 42 1 14 147735 295470
 3 95 0 84 0 31 1 9 151046 302092
 4 57 1 39 1 30 1 11 50493 100986
 5 76 1 71 1 60 1 13 277448 554896
 6 71 1 68 1 46 1 18 139259 278518
 7 109 0 51 1 26 1 17 97538 195076
 8 109 0 54 1 45 1 9 231489 462978
 9 84 0 55 1 29 1 17 117204 234408
 10 104 0 66 0 20 1 7 101446 202892
 11 119 0 76 1 39 1 13 274232 548464
 12 75 1 74 1 43 1 9 164713 329426
 36 2506005
 587 233 220 20483631 237327078
 12
 1 41 1 39 1 26 1 15 29462 58924
 2 110 0 40 1 34 1 12 109954 219908
 3 94 1 77 1 52 1 7 226895 453790
 4 119 1 96 1 71 1 11 653290 1306580
 5 67 1 63 1 47 1 7 162496 324992
 6 61 1 43 1 31 1 17 62605 125210
 7 72 0 53 1 35 1 13 98874 197748
 8 64 1 38 1 38 1 9 60332 120664
 9 110 0 71 1 45 1 5 264098 528196
 10 73 1 71 1 52 1 8 197152 394304
 11 95 1 92 1 55 1 10 293221 586442
 12 86 0 74 0 31 1 10 123463 246926
 37 2506105
 587 233 220 25724316 394943130
 12
 1 98 0 73 1 44 1 9 275199 550398
 2 60 1 60 1 38 1 9 94214 188428
 3 105 1 73 1 60 1 10 293415 586830
 4 90 1 77 1 52 1 6 260847 521694
 5 66 0 58 0 24 1 17 61052 122104
 6 106 1 76 1 55 1 11 307952 615904
 7 55 1 44 1 36 1 12 57576 115152
 8 82 0 58 0 23 1 9 67473 134946
 9 74 1 61 1 58 1 13 223232 446464
 10 81 0 39 1 24 1 9 51399 102798
 11 71 1 65 1 39 1 6 134180 268360
 12 105 0 97 0 47 1 11 412034 824068
 38 2506205
 587 233 220 18185782 354969363
 12
 1 104 0 94 1 50 1 6 302720 605440
 2 102 0 87 0 36 1 11 196294 392588
 3 115 0 42 1 33 1 15 113590 227180
 4 61 1 58 1 32 1 8 82240 164480
 5 70 1 62 1 48 1 6 179405 358810
 6 91 1 79 1 78 1 17 352653 705306
 7 90 1 57 1 53 1 5 168734 337468
 8 78 0 68 0 25 1 8 82714 165428
 9 77 1 44 1 39 1 11 79558 159116
 10 97 1 89 1 56 1 8 417021 834042
 11 58 0 38 1 26 1 18 38951 77902
 12 64 1 44 1 33 1 5 60681 121362
 39 2506305
 587 233 220 24663883 386096915
 12
 1 89 1 56 1 45 1 17 142640 285280
 2 53 1 37 1 34 1 18 43698 87396
 3 54 0 35 1 25 1 15 39691 79382
 4 73 0 39 1 33 1 24 78604 157208
 5 73 1 39 1 38 1 11 84979 169958
 6 50 1 42 1 29 1 19 50316 100632
 7 62 1 59 1 54 1 12 136395 272790
 8 98 0 53 1 44 1 16 177345 354690
 9 94 0 32 1 31 1 16 77197 154394
 10 97 0 64 0 28 1 16 142866 285732
 11 102 0 77 1 42 1 14 257193 514386
 12 80 1 75 1 44 1 18 202837 405674
 40 2506405
 587 233 220 18639009 237086125
 12
 1 85 1 77 1 62 1 8 277715 555430
 2 94 0 63 1 32 1 8 169612 339224
 3 83 1 75 1 45 1 5 216839 433678
 4 95 1 95 1 54 1 5 433916 867832
 5 76 0 76 0 30 1 13 154067 308134
 6 113 0 66 1 44 1 13 292515 585030
 7 108 1 71 1 61 1 10 301935 603870
 8 118 0 62 1 37 1 8 183159 366318
 9 93 1 58 1 48 1 12 169330 338660
 10 60 0 32 1 29 1 12 34952 69904
 11 97 1 75 1 59 1 8 274248 548496
 12 105 0 56 1 35 1 4 134068 268136
 41 2506505
 587 233 220 19141217 330329252
 12
 1 109 1 80 1 68 1 6 434115 868230
 2 90 0 45 1 31 1 15 76546 153092
 3 66 1 56 1 34 1 12 111157 222314
 4 76 0 66 1 34 1 7 134732 269464
 5 111 0 80 1 53 1 10 295375 590750
 6 86 0 59 0 29 1 16 93046 186092
 7 80 1 72 1 63 1 12 254470 508940
 8 81 0 47 0 22 1 12 63236 126472
 9 114 1 80 1 64 1 8 369316 738632
 10 90 0 37 1 32 1 12 70478 140956
 11 75 1 48 1 40 1 12 101940 203880
 12 67 1 52 1 45 1 11 99223 198446
 42 2506605
 587 233 220 22692958 352641641
 12
 1 76 1 74 1 50 1 16 179934 359868
 2 86 0 40 1 29 1 7 81751 163502
 3 66 1 55 1 48 1 9 133736 267472
 4 75 0 57 1 37 1 5 137643 275286
 5 102 0 83 0 29 1 7 163841 327682
 6 74 1 58 1 52 1 9 137110 274220
 7 89 0 65 1 36 1 12 135500 271000
 8 99 1 68 1 67 1 16 331454 662908
 9 80 1 78 1 66 1 8 303904 607808
 10 65 1 57 1 45 1 12 111011 222022
 11 112 0 59 1 30 1 6 149624 299248
 12 79 1 75 1 68 1 6 352668 705336
 43 2506705
 587 233 220 22399905 320713954
 12
 1 82 1 80 1 71 1 10 407645 815290
 2 66 0 37 1 27 1 6 50874 101748
 3 77 0 76 0 31 1 4 154009 308018
 4 100 0 56 1 38 1 8 177087 354174
 5 93 1 86 1 67 1 9 351017 702034
 6 89 0 76 0 30 1 11 142086 284172
 7 98 1 90 1 67 1 5 468645 937290
 8 87 0 52 1 42 1 16 159636 319272
 9 53 1 42 1 35 1 10 69797 139594
 10 116 0 53 1 36 1 13 151705 303410
 11 85 1 79 1 46 1 7 258684 517368
 12 106 0 91 0 24 1 14 151194 302388
 44 2506805
 587 233 220 22300532 394217197
 12
 1 114 0 67 0 25 1 16 168739 337478
 2 92 0 79 0 25 1 15 144840 289680
 3 89 0 87 0 36 1 9 175806 351612
 4 95 0 71 1 36 1 17 158511 317022
 5 90 0 83 1 43 1 13 288895 577790
 6 93 0 39 1 28 1 7 66438 132876
 7 69 0 54 1 31 1 10 85972 171944
 8 107 0 61 1 37 1 13 149299 298598
 9 98 0 52 1 40 1 12 175056 350112
 10 83 1 69 1 60 1 10 287053 574106
 11 98 1 63 1 58 1 6 268525 537050
 12 45 1 40 1 26 1 8 33314 66628
 45 2506905
 587 233 220 24750280 486300966
 12
 1 63 0 55 1 31 1 12 68434 136868
 2 120 0 43 1 23 1 10 85248 170496
 3 97 1 72 1 57 1 17 356138 712276
 4 77 1 76 1 42 1 21 211064 422128
 5 93 0 74 0 20 1 18 98403 196806
 6 65 1 63 1 43 1 8 106536 213072
 7 108 0 71 1 40 1 9 235528 471056
 8 79 0 36 1 21 1 15 36045 72090
 9 68 0 62 0 26 1 11 78301 156602
 10 68 1 50 1 40 1 17 111227 222454
 11 79 0 42 1 31 1 16 91502 183004
 12 76 0 56 1 38 1 17 103172 206344
 46 2507005
 587 233 220 19558829 322032973
 12
 1 86 0 58 1 36 1 8 127632 255264
 2 71 0 69 0 22 1 5 76164 152328
 3 108 0 78 1 54 1 11 333106 666212
 4 104 1 58 1 57 1 9 258191 516382
 5 96 1 65 1 58 1 9 237990 475980
 6 58 0 37 1 26 1 11 39633 79266
 7 73 1 72 1 49 1 8 221572 443144
 8 98 1 67 1 56 1 5 255916 511832
 9 117 0 89 0 23 1 9 143999 287998
 10 109 1 76 1 73 1 9 403950 807900
 11 95 0 61 1 34 1 7 141935 283870
 12 106 0 73 1 49 1 8 239846 479692
 47 2507105
 587 233 220 20292374 227448632
 12
 1 118 0 54 1 42 1 11 229339 458678
 2 112 0 95 0 20 1 11 190469 380938
 3 118 0 38 1 37 1 13 108941 217882
 4 76 0 38 1 38 1 17 82859 165718
 5 100 0 56 1 34 1 9 163423 326846
 6 100 0 73 1 50 1 13 328372 656744
 7 75 0 58 1 36 1 14 103680 207360
 8 76 1 51 1 41 1 6 113931 227862
 9 82 0 75 1 39 1 15 169286 338572
 10 84 1 76 1 44 1 11 214766 429532
 11 80 1 68 1 50 1 12 238459 476918
 12 61 0 46 1 28 1 14 69718 139436
 48 2507205
 587 233 220 20174883 338204819
 12
 1 59 1 49 1 48 1 4 121303 242606
 2 79 1 63 1 46 1 7 164073 328146
 3 95 0 58 1 38 1 9 162935 325870
 4 95 0 79 1 47 1 11 242596 485192
 5 72 0 46 1 27 1 10 63065 126130
 6 88 1 74 1 72 1 9 306201 612402
 7 90 1 77 1 67 1 9 330689 661378
 8 96 0 59 1 36 1 10 167364 334728
 9 62 1 55 1 46 1 9 108083 216166
 10 92 0 77 1 43 1 17 249760 499520
 11 100 0 66 1 41 1 8 207719 415438
 12 76 1 72 1 44 1 8 179099 358198
 49 2507305
 587 233 220 25062174 252725323
 12
 1 91 0 54 1 45 1 11 165494 330988
 2 105 1 77 1 72 1 6 494334 988668
 3 79 1 78 1 48 1 14 243388 486776
 4 109 1 76 1 59 1 5 366556 733112
 5 48 1 37 1 30 1 7 41313 82626
 6 44 1 37 1 27 1 9 27076 54152
 7 79 1 76 1 54 1 11 271761 543522
 8 116 0 78 0 20 1 3 147388 294776
 9 101 0 71 1 49 1 9 270492 540984
 10 102 0 100 0 49 1 8 392543 785086
 11 105 0 43 1 22 1 14 80300 160600
 12 107 1 84 1 61 1 7 427427 854854
 50 2507405
 587 233 220 19348784 331902007
 12
 1 60 1 40 1 32 1 13 50374 100748
 2 98 1 75 1 55 1 14 323051 646102
 3 60 1 59 1 39 1 19 124125 248250
 4 81 0 56 1 40 1 18 113202 226404
 5 119 0 34 1 25 1 14 60769 121538
 6 107 0 61 1 42 1 9 190785 381570
 7 108 0 85 0 20 1 8 112699 225398
 8 97 0 66 1 45 1 13 194358 388716
 9 66 0 35 1 26 1 18 37296 74592
 10 69 0 32 1 20 1 20 38270 76540
 11 78 0 63 1 38 1 16 151609 303218
 12 95 0 77 1 47 1 10 265047 530094
 51 2507505
 587 233 220 18680089 284837264
 12
 1 66 1 64 1 36 1 11 98517 197034
 2 97 1 73 1 49 1 13 299976 599952
 3 69 1 60 1 43 1 23 119404 238808
 4 52 0 37 1 20 1 17 24496 48992
 5 109 0 63 1 37 1 18 204573 409146
 6 79 0 57 0 24 1 20 67343 134686
 7 95 0 72 0 22 1 18 118575 237150
 8 65 1 50 1 39 1 17 109119 218238
 9 98 0 42 1 30 1 17 97619 195238
 10 53 1 40 1 36 1 14 60862 121724
 11 82 1 54 1 51 1 15 185365 370730
 12 77 0 33 1 31 1 12 68464 136928
 52 2507605
 587 233 220 23794531 292229584
 12
 1 96 0 72 0 31 1 10 143603 287206
 2 75 1 72 1 47 1 14 215652 431304
 3 80 0 25 1 20 1 11 30552 61104
 4 114 1 94 1 61 1 11 552084 1104168
 5 100 0 40 1 39 1 11 96318 192636
 6 72 1 51 1 48 1 11 151381 302762
 7 36 1 28 1 24 1 7 20230 40460
 8 85 0 58 1 35 1 16 138547 277094
 9 85 1 84 1 58 1 8 331677 663354
 10 95 0 48 0 24 1 17 81503 163006
 11 115 0 70 0 25 1 10 170407 340814
 12 108 0 49 1 42 1 13 198481 396962
 53 2507705
 587 233 220 24801881 370438928
 12
 1 78 0 37 1 27 1 11 57953 115906
 2 89 0 70 0 25 1 18 119450 238900
 3 90 0 84 0 41 1 7 193362 386724
 4 85 0 75 1 42 1 11 177139 354278
 5 91 0 77 1 44 1 10 208949 417898
 6 114 1 87 1 71 1 9 612625 1225250
 7 90 0 37 1 25 1 10 58403 116806
 8 105 1 80 1 77 1 5 569052 1138104
 9 74 1 71 1 50 1 10 223457 446914
 10 62 1 57 1 55 1 12 134387 268774
 11 89 0 45 1 26 1 8 67373 134746
 12 65 1 54 1 47 1 11 133977 267954
 54 2507805
 587 233 220 25204815 396364938
 12
 1 99 0 68 0 23 1 20 93468 186936
 2 68 1 52 1 40 1 18 125287 250574
 3 101 1 66 1 61 1 16 322889 645778
 4 57 0 56 0 22 1 13 53707 107414
 5 81 1 54 1 47 1 15 182368 364736
 6 86 0 34 1 25 1 19 51005 102010
 7 54 0 46 1 27 1 16 48557 97114
 8 95 0 65 1 34 1 14 168982 337964
 9 105 0 57 1 29 1 13 131834 263668
 10 120 0 63 0 28 1 12 178965 357930
 11 64 1 62 1 42 1 14 127223 254446
 12 78 0 65 0 21 1 13 79828 159656
 55 2507905
 587 233 220 24074965 413746994
 12
 1 100 0 94 0 28 1 15 201643 403286
 2 81 1 78 1 66 1 13 349745 699490
 3 111 0 49 0 21 1 9 86027 172054
 4 119 0 63 1 37 1 16 241234 482468
 5 72 0 50 1 30 1 10 64840 129680
 6 58 1 58 1 40 1 13 97141 194282
 7 108 0 55 1 29 1 9 129465 258930
 8 54 1 49 1 38 1 8 84322 168644
 9 69 1 46 1 44 1 17 105717 211434
 10 88 1 71 1 61 1 10 301838 603676
 11 83 0 58 1 35 1 8 135226 270452
 12 108 0 77 0 37 1 8 257241 514482
 56 2508005
 587 233 220 23159092 339041008
 12
 1 90 0 41 1 34 1 26 110313 220626
 2 64 0 32 1 28 1 19 41392 82784
 3 42 1 31 1 31 1 14 32082 64164
 4 94 0 90 0 44 1 11 247124 494248
 5 68 1 63 1 53 1 12 194062 388124
 6 55 0 30 1 21 1 23 23155 46310
 7 72 0 64 0 31 1 20 95798 191596
 8 75 0 56 1 34 1 15 128215 256430
 9 62 0 34 1 31 1 18 43138 86276
 10 79 0 55 1 32 1 19 117083 234166
 11 99 0 74 0 27 1 22 130188 260376
 12 89 1 54 1 48 1 19 153896 307792
 57 2508105
 587 233 220 25873725 413406033
 12
 1 85 0 73 1 40 1 5 216733 433466
 2 73 1 62 1 54 1 9 181211 362422
 3 90 0 63 1 41 1 9 146212 292424
 4 75 0 61 0 24 1 13 74888 149776
 5 57 1 53 1 44 1 10 99756 199512
 6 93 0 70 1 45 1 8 250344 500688
 7 73 0 36 1 33 1 8 65249 130498
 8 95 1 80 1 75 1 7 489248 978496
 9 93 1 89 1 78 1 7 515261 1030522
 10 113 1 87 1 65 1 6 546534 1093068
 11 72 0 46 1 30 1 13 86234 172468
 12 100 1 78 1 70 1 9 430342 860684
 58 2508205
 587 233 220 21519287 406882711
 12
 1 105 0 81 1 46 1 18 251529 503058
 2 115 1 81 1 61 1 6 345412 690824
 3 72 0 51 0 23 1 12 62991 125982
 4 65 1 56 1 33 1 9 91704 183408
 5 60 0 44 0 21 1 10 46667 93334
 6 85 1 69 1 65 1 11 299312 598624
 7 90 0 82 0 35 1 6 186169 372338
 8 115 1 94 1 64 1 8 457422 914844
 9 80 0 53 1 33 1 10 95556 191112
 10 95 0 81 0 37 1 6 243292 486584
 11 66 1 46 1 45 1 8 109822 219644
 12 109 0 36 1 25 1 11 65673 131346
 59 2508305
 587 233 220 18589494 370688684
 12
 1 76 1 52 1 46 1 13 137219 274438
 2 66 0 59 1 31 1 15 83397 166794
 3 62 1 55 1 44 1 18 119558 239116
 4 95 0 46 1 36 1 12 95966 191932
 5 63 1 59 1 35 1 7 106298 212596
 6 100 0 37 1 32 1 7 91969 183938
 7 91 0 54 1 37 1 11 118612 237224
 8 49 1 44 1 36 1 14 63385 126770
 9 109 0 66 1 49 1 15 284859 569718
 10 69 0 48 1 27 1 15 78134 156268
 11 109 1 85 1 62 1 15 385705 771410
 12 48 1 47 1 42 1 12 61933 123866
 60 2508405
 587 233 220 21835049 219832615
 12
 1 78 1 72 1 58 1 10 261909 523818
 2 107 1 57 1 57 1 11 279375 558750
 3 72 1 64 1 37 1 15 141965 283930
 4 93 0 66 0 26 1 13 140239 280478
 5 116 0 67 1 35 1 12 242118 484236
 6 101 0 56 1 39 1 11 155855 311710
 7 108 0 100 0 39 1 9 272747 545494
 8 64 1 55 1 33 1 9 103140 206280
 9 73 1 65 1 53 1 7 217836 435672
 10 106 0 41 1 35 1 10 124036 248072
 11 82 0 78 0 28 1 11 130704 261408
 12 79 1 59 1 58 1 9 201820 403640
 61 2508505
 587 233 220 20819949 289094884
 12
 1 109 1 68 1 64 1 5 361831 723662
 2 84 1 58 1 55 1 5 194063 388126
 3 96 0 83 0 24 1 8 115527 231054
 4 74 0 67 1 37 1 11 136924 273848
 5 107 1 73 1 70 1 7 478012 956024
 6 80 1 73 1 54 1 7 246997 493994
 7 72 0 41 1 33 1 13 71822 143644
 8 84 1 79 1 74 1 6 323885 647770
 9 40 0 37 1 20 1 12 19282 38564
 10 74 1 73 1 42 1 6 180432 360864
 11 55 1 48 1 33 1 9 65341 130682
 12 109 1 74 1 70 1 17 429579 859158
 62 2508605
 587 233 220 18415825 296144354
 12
 1 70 1 63 1 50 1 14 178835 357670
 2 100 0 53 1 34 1 9 110789 221578
 3 93 0 78 1 45 1 7 238904 477808
 4 100 0 55 1 48 1 11 229529 459058
 5 98 1 73 1 50 1 9 275496 550992
 6 69 1 45 1 43 1 11 91795 183590
 7 43 1 42 1 36 1 7 52202 104404
 8 104 1 92 1 63 1 11 448356 896712
 9 93 0 36 1 26 1 11 74069 148138
 10 50 1 45 1 41 1 17 55640 111280
 11 119 0 67 1 50 1 9 300627 601254
 12 82 0 49 1 30 1 15 97135 194270
 63 2508705
 587 233 220 20916210 380300910
 12
 1 82 1 76 1 59 1 8 274343 548686
 2 60 1 51 1 50 1 11 126491 252982
 3 104 1 66 1 61 1 6 281919 563838
 4 71 0 36 1 28 1 11 49951 99902
 5 89 0 77 0 26 1 5 127055 254110
 6 108 1 84 1 66 1 8 488372 976744
 7 90 0 51 1 45 1 12 176586 353172
 8 48 1 35 1 33 1 10 46120 92240
 9 89 1 57 1 52 1 8 180157 360314
 10 99 1 77 1 58 1 6 391133 782266
 11 92 1 86 1 66 1 9 461248 922496
 12 93 0 80 1 46 1 11 230663 461326
 64 2508805
 587 233 220 25371747 262382887
 12
 1 114 0 54 0 20 1 8 95125 190250
 2 92 1 87 1 50 1 12 258128 516256
 3 114 0 43 1 26 1 10 93243 186486
 4 93 0 69 1 42 1 4 182270 364540
 5 80 1 79 1 64 1 9 289108 578216
 6 99 0 80 0 29 1 16 174536 349072
 7 60 1 54 1 47 1 8 122718 245436
 8 54 1 53 1 32 1 7 68333 136666
 9 113 1 75 1 68 1 14 453196 906392
 10 67 1 66 1 49 1 10 145998 291996
 11 65 0 30 1 21 1 8 27120 54240
 12 110 0 63 0 29 1 9 153440 306880
 65 2508905
 587 233 220 20347816 357556536
 12
 1 55 0 50 1 26 1 7 61415 122830
 2 48 1 42 1 37 1 14 62299 124598
 3 47 1 34 1 26 1 9 30688 61376
 4 104 0 74 1 50 1 15 295346 590692
 5 83 0 70 1 40 1 16 153152 306304
 6 53 1 52 1 38 1 15 71480 142960
 7 108 0 69 1 49 1 19 228846 457692
 8 78 1 73 1 72 1 13 294763 589526
 9 77 0 62 0 24 1 12 79008 158016
 10 74 0 34 1 21 1 15 40749 81498
 11 49 1 38 1 37 1 15 56154 112308
 12 79 1 50 1 40 1 10 131450 262900
 66 2509005
 587 233 220 18230275 303160265
 12
 1 87 0 45 1 32 1 14 81373 162746
 2 84 1 63 1 46 1 10 210535 421070
 3 84 1 67 1 44 1 10 216567 433134
 4 76 0 55 1 30 1 7 88676 177352
 5 87 1 78 1 61 1 12 285801 571602
 6 115 0 77 1 53 1 3 405260 810520
 7 78 1 72 1 51 1 9 175676 351352
 8 93 1 91 1 62 1 11 407241 814482
 9 48 1 41 1 40 1 8 69493 138986
 10 92 1 82 1 53 1 7 295371 590742
 11 102 1 69 1 54 1 7 238985 477970
 12 80 0 52 1 34 1 10 114936 229872
 67 2509105
 587 233 220 22756423 312392238
 12
 1 119 0 41 1 38 1 13 126285 252570
 2 90 0 44 1 35 1 11 101362 202724
 3 67 0 55 0 27 1 8 87298 174596
 4 71 1 47 1 36 1 11 107618 215236
 5 90 1 55 1 51 1 8 153205 306410
 6 87 0 68 1 40 1 14 165595 331190
 7 87 0 53 1 36 1 12 146379 292758
 8 113 0 47 1 34 1 11 133398 266796
 9 97 0 56 1 35 1 12 123664 247328
 10 90 0 60 0 25 1 16 111063 222126
 11 88 1 75 1 70 1 11 322539 645078
 12 111 0 64 1 51 1 14 245873 491746
 68 2509205
 587 233 220 22671848 413307519
 12
 1 60 1 44 1 36 1 6 68939 137878
 2 76 1 42 1 40 1 9 100054 200108
 3 65 1 49 1 48 1 8 135782 271564
 4 109 0 92 1 51 1 8 376064 752128
 5 93 0 42 1 31 1 10 102163 204326
 6 83 1 64 1 59 1 9 253600 507200
 7 96 1 90 1 55 1 6 286659 573318
 8 52 1 42 1 31 1 9 48948 97896
 9 98 1 72 1 61 1 10 325867 651734
 10 118 0 98 1 57 1 12 424249 848498
 11 48 1 31 1 25 1 5 25719 51438
 12 75 1 67 1 50 1 11 222364 444728
 69 2509305
 587 233 220 22025107 429132850
 12
 1 91 0 50 1 32 1 14 126283 252566
 2 118 0 66 1 40 1 19 217080 434160
 3 75 0 69 0 32 1 9 138886 277772
 4 81 0 73 0 32 1 15 165113 330226
 5 97 0 69 0 33 1 13 196891 393782
 6 97 0 31 1 27 1 13 65537 131074
 7 57 1 54 1 29 1 15 59443 118886
 8 77 1 71 1 62 1 8 294131 588262
 9 116 0 84 0 27 1 15 232486 464972
 10 85 0 30 1 29 1 13 61743 123486
 11 112 0 51 1 41 1 13 149535 299070
 12 87 0 81 0 23 1 11 101763 203526
 70 2509405
 587 233 220 23515124 409679970
 12
 1 56 0 32 1 28 1 7 39124 78248
 2 92 0 68 1 39 1 8 194485 388970
 3 90 0 86 0 29 1 7 145899 291798
 4 73 1 54 1 52 1 10 167254 334508
 5 114 0 100 0 45 1 13 366238 732476
 6 94 0 51 1 36 1 15 119469 238938
 7 108 0 59 1 38 1 9 150128 300256
 8 89 1 82 1 61 1 10 370529 741058
 9 81 1 71 1 43 1 7 219821 439642
 10 61 1 53 1 37 1 9 74624 149248
 11 85 1 70 1 58 1 8 250942 501884
 12 111 0 98 0 39 1 6 256921 513842
 71 2509505
 587 233 220 24387495 478284243
 12
 1 99 1 64 1 62 1 18 309489 618978
 2 110 0 43 1 37 1 15 127424 254848
 3 96 1 73 1 50 1 8 315201 630402
 4 114 0 53 1 35 1 9 128413 256826
 5 105 0 27 1 22 1 9 45095 90190
 6 75 1 66 1 51 1 11 182448 364896
 7 72 1 61 1 48 1 12 177861 355722
 8 102 0 46 1 32 1 14 117884 235768
 9 59 1 57 1 45 1 13 116029 232058
 10 111 0 45 1 33 1 9 138448 276896
 11 90 1 74 1 58 1 7 340448 680896
 12 55 1 51 1 34 1 16 64623 129246
 72 2509605
 587 233 220 19491181 279412304
 12
 1 96 1 95 1 68 1 11 511994 1023988
 2 69 1 61 1 35 1 5 113874 227748
 3 107 1 70 1 55 1 11 368279 736558
 4 92 0 85 0 34 1 9 184019 368038
 5 96 0 60 1 31 1 9 120522 241044
 6 66 1 38 1 38 1 12 70376 140752
 7 63 1 57 1 36 1 15 115113 230226
 8 51 1 31 1 31 1 14 43474 86948
 9 100 0 75 1 44 1 10 218157 436314
 10 78 1 66 1 53 1 14 199043 398086
 11 33 1 32 1 29 1 15 21234 42468
 12 81 1 72 1 45 1 10 180366 360732
 73 2509705
 587 233 220 20788537 261288466
 12
 1 90 0 73 1 37 1 8 145878 291756
 2 102 0 95 0 33 1 15 280809 561618
 3 117 0 38 1 30 1 13 99562 199124
 4 75 1 73 1 57 1 8 201816 403632
 5 86 0 36 1 34 1 9 71642 143284
 6 101 1 81 1 62 1 10 363506 727012
 7 90 1 66 1 65 1 14 245669 491338
 8 76 1 69 1 51 1 7 162741 325482
 9 65 0 30 1 30 1 13 44516 89032
 10 61 1 46 1 37 1 12 82071 164142
 11 96 0 52 1 45 1 9 149289 298578
 12 112 0 57 0 27 1 9 150131 300262
 74 2509805
 587 233 220 22994989 326299373
 12
 1 86 1 79 1 69 1 7 332452 664904
 2 53 1 46 1 31 1 7 65531 131062
 3 96 0 51 1 37 1 11 135953 271906
 4 119 0 55 1 54 1 9 271272 542544
 5 77 0 74 0 37 1 8 139526 279052
 6 96 0 73 0 24 1 9 144641 289282
 7 75 1 67 1 54 1 5 202143 404286
 8 88 1 71 1 61 1 11 335067 670134
 9 120 0 93 0 46 1 6 392252 784504
 10 104 1 70 1 69 1 9 334117 668234
 11 72 1 69 1 61 1 12 245920 491840
 12 68 1 51 1 43 1 7 106304 212608
 75 2509905
 587 233 220 22745012 304075203
 12
 1 101 0 81 0 24 1 9 169860 339720
 2 94 0 72 0 29 1 12 135005 270010
 3 79 1 72 1 47 1 11 214822 429644
 4 90 0 36 1 35 1 14 76379 152758
 5 68 1 51 1 40 1 11 120597 241194
 6 48 1 45 1 35 1 7 55899 111798
 7 108 1 84 1 69 1 9 402255 804510
 8 91 0 45 1 31 1 6 109228 218456
 9 84 1 80 1 62 1 9 343397 686794
 10 77 1 71 1 41 1 11 168911 337822
 11 91 0 78 1 42 1 4 195554 391108
 12 82 1 80 1 60 1 13 342867 685734
 76 2510005
 587 233 220 22425707 425283638
 12
 1 77 0 42 1 30 1 12 74214 148428
 2 98 0 45 1 28 1 7 96039 192078
 3 61 1 58 1 32 1 5 75783 151566
 4 92 1 77 1 61 1 13 337957 675914
 5 58 0 44 1 27 1 11 55912 111824
 6 108 0 72 1 50 1 6 253775 507550
 7 93 1 72 1 71 1 11 408866 817732
 8 111 0 49 1 30 1 13 140734 281468
 9 79 1 66 1 49 1 10 154845 309690
 10 85 0 74 1 39 1 9 183091 366182
 11 106 0 34 1 33 1 9 72183 144366
 12 113 1 91 1 76 1 7 506091 1012182
 77 2510105
 587 233 220 20303580 353614667
 12
 1 73 0 73 0 36 1 16 119818 239636
 2 87 0 49 1 26 1 12 77035 154070
 3 68 1 53 1 44 1 10 97366 194732
 4 73 0 57 1 33 1 24 90196 180392
 5 65 1 49 1 47 1 13 131682 263364
 6 80 0 65 1 35 1 15 138685 277370
 7 72 0 35 1 26 1 18 46748 93496
 8 75 1 68 1 40 1 14 136025 272050
 9 104 0 53 1 34 1 17 152647 305294
 10 97 0 93 0 45 1 16 244316 488632
 11 79 1 54 1 49 1 10 176673 353346
 12 52 1 32 1 27 1 6 28210 56420
 78 2510205
 587 233 220 25338992 462446399
 12
 1 105 0 68 1 42 1 12 184237 368474
 2 75 0 37 1 24 1 19 53570 107140
 3 79 0 73 0 26 1 14 98151 196302
 4 95 0 53 1 38 1 15 169534 339068
 5 50 1 41 1 40 1 10 72225 144450
 6 80 1 59 1 52 1 8 164144 328288
 7 90 0 74 0 35 1 15 166426 332852
 8 87 1 60 1 60 1 16 246880 493760
 9 68 1 50 1 39 1 14 117258 234516
 10 78 0 64 0 25 1 12 84879 169758
 11 73 1 65 1 52 1 12 213812 427624
 12 83 0 48 1 38 1 16 116778 233556
 79 2510305
 587 233 220 19273563 295042073
 12
 1 64 1 48 1 46 1 14 92381 184762
 2 79 0 25 1 22 1 23 37390 74780
 3 89 0 85 0 33 1 19 176295 352590
 4 79 0 66 1 34 1 17 110007 220014
 5 79 0 54 1 31 1 16 110289 220578
 6 115 0 95 0 22 1 11 174646 349292
 7 76 1 54 1 44 1 20 161281 322562
 8 80 0 44 1 29 1 10 65122 130244
 9 66 0 33 1 26 1 15 36639 73278
 10 50 1 32 1 32 1 15 38527 77054
 11 116 0 93 0 21 1 19 174931 349862
 12 113 0 64 1 50 1 11 287476 574952
 80 2510405
 587 233 220 18124430 303530871
 12
 1 78 1 59 1 54 1 11 164950 329900
 2 120 0 52 0 20 1 11 79726 159452
 3 100 1 67 1 54 1 12 273075 546150
 4 91 0 59 1 37 1 9 166036 332072
 5 112 0 57 1 56 1 17 293403 586806
 6 88 0 46 1 34 1 16 99928 199856
 7 108 0 78 1 53 1 12 401595 803190
 8 100 0 48 1 29 1 17 103883 207766
 9 89 0 88 0 21 1 5 116210 232420
 10 90 0 40 1 21 1 9 51819 103638
 11 89 0 37 1 36 1 12 80796 161592
 12 62 0 53 0 20 1 12 56121 112242
 81 2510505
 587 233 220 21344240 282498789
 12
 1 110 0 60 1 55 1 6 321441 642882
 2 80 1 78 1 71 1 9 333917 667834
 3 110 0 75 1 50 1 4 293164 586328
 4 100 0 72 1 40 1 11 179820 359640
 5 103 0 60 1 32 1 6 149687 299374
 6 70 1 60 1 49 1 10 155746 311492
 7 80 1 72 1 62 1 7 228780 457560
 8 120 1 74 1 67 1 11 370506 741012
 9 75 0 52 1 37 1 7 128953 257906
 10 57 1 54 1 48 1 6 94061 188122
 11 62 1 55 1 53 1 10 147054 294108
 12 83 0 73 0 36 1 14 149815 299630
 82 2510605
 587 233 220 25477759 306017479
 12
 1 65 1 51 1 50 1 11 100152 200304
 2 113 0 78 0 28 1 9 215805 431610
 3 120 0 35 1 32 1 10 84450 168900
 4 71 0 53 0 20 1 12 61532 123064
 5 94 1 70 1 64 1 10 345503 691006
 6 64 0 33 1 32 1 14 47110 94220
 7 71 0 35 1 21 1 9 39378 78756
 8 85 1 59 1 49 1 11 210624 421248
 9 108 0 62 1 53 1 14 273489 546978
 10 116 0 56 0 25 1 16 130685 261370
 11 75 0 69 1 35 1 6 128187 256374
 12 114 0 85 1 53 1 13 367465 734930
 83 2510705
 587 233 220 20563894 371096968
 12
 1 83 1 71 1 46 1 14 228892 457784
 2 76 1 63 1 54 1 11 167268 334536
 3 91 0 56 1 40 1 9 143179 286358
 4 61 1 42 1 34 1 12 57366 114732
 5 84 1 67 1 47 1 12 174997 349994
 6 95 1 79 1 57 1 12 290816 581632
 7 90 0 80 0 23 1 11 137937 275874
 8 69 0 43 1 28 1 12 66336 132672
 9 72 1 69 1 48 1 5 200795 401590
 10 83 1 64 1 58 1 9 257005 514010
 11 99 0 94 0 24 1 13 155705 311410
 12 96 1 69 1 53 1 7 314443 628886
 84 2510805
 587 233 220 23437426 467080932
 12
 1 114 0 77 1 42 1 8 303954 607908
 2 105 1 81 1 74 1 14 541123 1082246
 3 76 1 73 1 50 1 14 238848 477696
 4 104 0 91 0 41 1 13 324878 649756
 5 75 0 70 0 23 1 14 101120 202240
 6 93 0 67 0 20 1 11 79723 159446
 7 89 0 54 0 25 1 15 92179 184358
 8 89 0 46 1 28 1 9 103048 206096
 9 36 1 35 1 24 1 8 25443 50886
 10 72 0 50 1 29 1 10 82167 164334
 11 72 1 41 1 38 1 12 93665 187330
 12 84 0 32 1 24 1 10 39343 78686
 85 2510905
 587 233 220 19893158 217448467
 12
 1 55 0 37 1 22 1 17 38274 76548
 2 72 0 55 1 31 1 7 85590 171180
 3 61 1 56 1 36 1 10 107252 214504
 4 76 0 72 0 22 1 10 95600 191200
 5 74 1 66 1 61 1 11 245005 490010
 6 43 1 39 1 32 1 10 33994 67988
 7 108 0 98 0 27 1 11 198193 396386
 8 109 1 73 1 65 1 11 440779 881558
 9 97 0 92 0 40 1 6 285780 571560
 10 109 1 80 1 62 1 14 331015 662030
 11 57 1 57 1 45 1 4 117361 234722
 12 114 0 43 1 41 1 15 170868 341736
 86 2511005
 587 233 220 19355231 348490624
 12
 1 87 0 33 1 28 1 9 55900 111800
 2 97 1 70 1 57 1 17 317035 634070
 3 71 1 57 1 38 1 10 94403 188806
 4 63 1 53 1 47 1 12 134642 269284
 5 77 0 56 1 37 1 9 141001 282002
 6 102 0 67 1 47 1 9 192898 385796
 7 72 0 31 1 29 1 10 53862 107724
 8 84 0 58 1 38 1 7 114270 228540
 9 84 1 57 1 56 1 14 232477 464954
 10 88 0 76 0 33 1 11 185876 371752
 11 109 1 76 1 73 1 8 386599 773198
 12 57 1 55 1 54 1 10 146751 293502
 87 2511105
 587 233 220 21097849 297164651
 12
 1 119 0 34 1 28 1 9 84492 168984
 2 84 1 69 1 48 1 13 209204 418408
 3 97 1 82 1 78 1 11 400074 800148
 4 109 0 43 1 33 1 14 115683 231366
 5 80 1 75 1 47 1 8 247055 494110
 6 74 0 62 0 30 1 10 88869 177738
 7 40 1 35 1 31 1 9 36094 72188
 8 58 0 43 1 26 1 8 47521 95042
 9 111 1 73 1 71 1 10 504940 1009880
 10 95 0 66 1 43 1 6 164361 328722
 11 96 0 82 0 28 1 9 163821 327642
 12 84 1 73 1 66 1 6 260735 521470
 88 2511205
 587 233 220 22118472 329373188
 12
 1 100 0 60 1 40 1 9 172572 345144
 2 89 0 67 1 34 1 15 171878 343756
 3 92 0 80 0 38 1 15 176324 352648
 4 90 0 81 0 24 1 13 140380 280760
 5 84 0 52 1 38 1 14 134722 269444
 6 77 1 54 1 46 1 19 151506 303012
 7 90 0 49 1 33 1 11 117618 235236
 8 78 0 45 1 27 1 13 78831 157662
 9 76 0 57 0 28 1 17 76688 153376
 10 102 0 38 1 27 1 13 74685 149370
 11 55 1 45 1 39 1 13 75345 150690
 12 115 0 78 0 29 1 19 234039 468078
 89 2511305
 587 233 220 24668041 372982109
 12
 1 95 0 92 0 46 1 5 266565 533130
 2 65 1 60 1 40 1 10 108116 216232
 3 103 1 62 1 59 1 8 296534 593068
 4 71 1 65 1 52 1 8 169913 339826
 5 119 0 87 0 28 1 4 258847 517694
 6 109 1 92 1 78 1 11 667810 1335620
 7 58 1 54 1 35 1 11 98429 196858
 8 98 1 73 1 64 1 8 334391 668782
 9 44 1 44 1 40 1 8 47239 94478
 10 70 0 69 1 35 1 4 123529 247058
 11 119 0 61 1 58 1 10 367026 734052
 12 89 1 55 1 45 1 6 172763 345526
 90 2511405
 587 233 220 26045203 286820484
 12
 1 91 0 52 1 33 1 7 138406 276812
 2 87 1 81 1 63 1 6 393732 787464
 3 113 0 79 1 45 1 15 325317 650634
 4 114 0 52 1 45 1 8 193686 387372
 5 110 1 90 1 66 1 4 454517 909034
 6 81 0 41 1 31 1 8 81746 163492
 7 108 0 67 1 37 1 9 193325 386650
 8 118 0 82 1 57 1 9 340783 681566
 9 96 0 60 0 30 1 7 116947 233894
 10 43 1 42 1 36 1 11 54357 108714
 11 93 1 78 1 77 1 8 417018 834036
 12 85 0 62 0 25 1 7 88304 176608
 91 2511505
 587 233 220 21088805 275802442
 12
 1 86 1 65 1 57 1 7 226879 453758
 2 61 1 37 1 32 1 10 49998 99996
 3 39 1 33 1 27 1 10 22824 45648
 4 85 0 33 1 26 1 11 65536 131072
 5 101 0 94 0 42 1 6 358560 717120
 6 65 1 53 1 46 1 15 101926 203852
 7 76 1 72 1 39 1 10 128499 256998
 8 47 1 42 1 25 1 14 39709 79418
 9 93 1 76 1 60 1 15 293823 587646
 10 95 1 74 1 51 1 14 312748 625496
 11 97 0 66 0 32 1 14 129958 259916
 12 116 0 78 0 37 1 12 212919 425838
 92 2511605
 587 233 220 19601921 388859020
 12
 1 96 1 82 1 63 1 12 379131 758262
 2 74 1 63 1 59 1 6 217581 435162
 3 86 0 60 1 43 1 13 198135 396270
 4 90 1 67 1 57 1 7 285227 570454
 5 97 1 91 1 80 1 10 436068 872136
 6 116 0 61 0 28 1 14 134800 269600
 7 86 0 41 1 35 1 7 80170 160340
 8 67 0 44 1 26 1 11 65654 131308
 9 115 0 79 0 31 1 7 222735 445470
 10 62 1 59 1 46 1 9 107389 214778
 11 49 1 41 1 39 1 14 67911 135822
 12 55 1 48 1 33 1 6 57401 114802
 93 2511705
 587 233 220 21844167 264743281
 12
 1 78 0 69 1 37 1 8 150771 301542
 2 115 1 90 1 58 1 7 489996 979992
 3 68 0 53 0 20 1 8 49342 98684
 4 119 0 71 1 47 1 7 345811 691622
 5 100 1 82 1 57 1 7 296319 592638
 6 88 1 76 1 52 1 4 268529 537058
 7 95 0 90 0 43 1 4 225576 451152
 8 87 1 72 1 62 1 7 301764 603528
 9 80 1 66 1 47 1 10 149957 299914
 10 120 1 78 1 67 1 7 526528 1053056
 11 103 1 65 1 60 1 7 343946 687892
 12 86 1 60 1 50 1 8 214331 428662
 94 2511805
 587 233 220 18558229 309014076
 12
 1 75 1 73 1 69 1 8 243982 487964
 2 66 1 56 1 40 1 12 130349 260698
 3 64 1 51 1 41 1 14 109347 218694
 4 90 0 52 1 28 1 15 117893 235786
 5 73 0 33 1 28 1 16 47608 95216
 6 91 1 76 1 60 1 13 253610 507220
 7 54 1 45 1 28 1 9 45899 91798
 8 107 1 81 1 56 1 12 403895 807790
 9 63 1 53 1 44 1 6 98916 197832
 10 88 1 75 1 50 1 11 204405 408810
 11 79 0 76 0 20 1 9 105202 210404
 12 116 1 71 1 66 1 5 392954 785908
 95 2511905
 587 233 220 20550364 254900587
 12
 1 101 0 69 0 20 1 14 90403 180806
 2 108 0 66 1 54 1 14 242308 484616
 3 74 0 62 1 33 1 12 101334 202668
 4 69 0 61 1 33 1 16 83696 167392
 5 71 0 64 0 31 1 24 101566 203132
 6 38 1 32 1 30 1 14 28005 56010
 7 108 0 47 1 37 1 17 155778 311556
 8 100 0 41 1 36 1 13 114698 229396
 9 99 0 79 0 39 1 11 220941 441882
 10 83 0 55 0 22 1 16 84663 169326
 11 99 0 49 1 36 1 15 136903 273806
 12 83 0 56 0 22 1 20 73250 146500
 96 2512005
 587 233 220 26193375 322199018
 12
 1 64 0 42 1 26 1 14 47026 94052
 2 92 1 58 1 52 1 14 198701 397402
 3 92 0 85 0 21 1 11 103706 207412
 4 90 0 49 1 33 1 11 107895 215790
 5 54 1 48 1 34 1 16 56865 113730
 6 95 0 62 1 45 1 10 170568 341136
 7 72 1 49 1 46 1 12 110486 220972
 8 56 0 42 1 25 1 9 42767 85534
 9 64 0 34 1 26 1 18 47651 95302
 10 113 0 90 1 54 1 11 399009 798018
 11 113 0 52 1 42 1 13 195441 390882
 12 94 0 86 0 38 1 16 265750 531500
 97 2512105
 587 233 220 25169713 447413881
 12
 1 74 0 60 1 32 1 13 109019 218038
 2 100 0 50 1 43 1 10 136780 273560
 3 95 0 74 1 42 1 11 222841 445682
 4 95 0 70 0 30 1 14 148473 296946
 5 45 1 37 1 24 1 13 25892 51784
 6 67 0 60 0 25 1 13 76804 153608
 7 55 1 51 1 35 1 13 64598 129196
 8 76 1 71 1 61 1 7 210794 421588
 9 119 0 88 1 51 1 12 363503 727006
 10 98 0 81 0 26 1 9 144222 288444
 11 86 1 69 1 61 1 11 245016 490032
 12 117 0 54 1 30 1 11 165303 330606
 98 2512205
 587 233 220 24633248 306494525
 12
 1 106 0 55 1 38 1 12 168055 336110
 2 69 1 50 1 48 1 19 106913 213826
 3 106 1 63 1 57 1 11 244775 489550
 4 71 1 66 1 51 1 11 214583 429166
 5 62 1 41 1 36 1 15 59292 118584
 6 75 1 49 1 39 1 5 101460 202920
 7 90 1 64 1 53 1 10 217846 435692
 8 96 1 79 1 55 1 9 285165 570330
 9 83 1 75 1 67 1 12 250509 501018
 10 58 1 48 1 30 1 12 52956 105912
 11 81 0 59 0 24 1 7 71336 142672
 12 71 1 56 1 41 1 10 117347 234694
 99 2512305
 587 233 220 21020156 326158610
 12
 1 51 1 46 1 44 1 20 71228 142456
 2 95 0 92 1 47 1 16 248218 496436
 3 116 0 39 1 23 1 12 68322 136644
 4 51 1 37 1 32 1 8 50557 101114
 5 117 0 44 1 38 1 8 124212 248424
 6 103 1 89 1 73 1 9 457088 914176
 7 73 1 55 1 54 1 13 174725 349450
 8 116 0 98 0 40 1 10 394607 789214
 9 62 0 48 0 22 1 9 56146 112292
 10 106 0 38 1 30 1 8 100210 200420
 11 100 0 40 1 32 1 14 101857 203714
 12 87 0 53 0 26 1 8 78156 156312
 100 2512405
 587 233 220 19704632 306499201
 12
 1 78 1 49 1 47 1 8 136547 273094
 2 46 1 45 1 43 1 13 55125 110250
 3 98 0 44 1 36 1 10 114114 228228
 4 100 0 89 0 31 1 11 184843 369686
 5 108 0 76 1 47 1 7 275129 550258
 6 75 0 36 1 28 1 12 60950 121900
 7 108 1 82 1 56 1 16 384702 769404
 8 45 1 41 1 24 1 14 29839 59678
 9 103 0 48 1 38 1 11 160026 320052
 10 74 1 62 1 46 1 10 184869 369738
 11 96 0 56 1 44 1 10 157089 314178
 12 117 0 64 1 42 1 13 222042 444084
