100
 1 2502505
 587 233 220 20828500 313037187
 15
 1 108 0 76 0 30 1 12 156672 313344
 2 110 0 43 1 25 1 12 103865 207730
 3 92 1 81 1 55 1 6 343040 686080
 4 81 0 33 1 28 1 9 52494 104988
 5 120 1 99 1 73 1 5 692984 1385968
 6 111 0 70 1 48 1 12 269936 539872
 7 98 0 72 1 46 1 9 228277 456554
 8 95 0 66 0 31 1 10 130406 260812
 9 85 0 84 0 30 1 8 143647 287294
 10 71 0 32 1 25 1 3 47689 95378
 11 36 1 34 1 25 1 10 19446 38892
 12 97 1 67 1 62 1 7 322029 644058
 13 33 1 25 1 23 1 7 12726 25452
 14 95 0 27 1 26 1 10 48377 96754
 15 94 0 81 1 44 1 9 236575 473150
 2 2502605
 587 233 220 21469742 279876734
 15
 1 49 0 25 1 21 1 13 20426 40852
 2 60 1 51 1 41 1 9 90070 180140
 3 103 1 76 1 64 1 8 361288 722576
 4 95 1 70 1 62 1 6 302541 605082
 5 111 0 49 1 26 1 10 101095 202190
 6 85 1 84 1 72 1 10 375772 751544
 7 48 1 36 1 31 1 10 40525 81050
 8 86 0 76 0 38 1 12 160754 321508
 9 71 1 48 1 47 1 14 101870 203740
 10 90 0 43 1 33 1 9 78653 157306
 11 98 0 52 1 44 1 9 143731 287462
 12 73 0 37 1 23 1 10 43081 86162
 13 61 1 48 1 39 1 14 87921 175842
 14 75 1 75 1 63 1 11 220436 440872
 15 74 1 42 1 40 1 4 104573 209146
 3 2502705
 587 233 220 19461383 291602076
 15
 1 97 0 81 0 27 1 6 168167 336334
 2 102 0 78 0 39 1 6 239395 478790
 3 113 0 46 1 36 1 15 136215 272430
 4 66 1 50 1 42 1 8 123800 247600
 5 101 0 30 1 26 1 6 56980 113960
 6 100 0 56 1 35 1 7 132324 264648
 7 91 0 50 1 40 1 12 111046 222092
 8 106 1 61 1 56 1 10 285852 571704
 9 103 1 63 1 58 1 8 228630 457260
 10 75 1 57 1 41 1 11 154621 309242
 11 71 1 68 1 64 1 6 263813 527626
 12 85 0 67 1 39 1 14 168910 337820
 13 97 1 63 1 56 1 9 271517 543034
 14 61 0 48 1 30 1 11 59984 119968
 15 80 0 54 1 35 1 9 94652 189304
 4 2502805
 587 233 220 20106729 369265357
 15
 1 113 0 92 0 33 1 8 258135 516270
 2 52 1 37 1 28 1 12 39180 78360
 3 57 1 33 1 29 1 5 43515 87030
 4 99 0 37 1 30 1 12 83299 166598
 5 92 0 64 1 33 1 9 173145 346290
 6 119 0 59 1 39 1 12 198237 396474
 7 54 1 52 1 49 1 8 89263 178526
 8 75 0 45 1 35 1 6 80780 161560
 9 79 1 68 1 44 1 12 198837 397674
 10 116 0 49 1 47 1 9 237785 475570
 11 83 0 44 1 23 1 11 51526 103052
 12 98 1 96 1 56 1 10 436622 873244
 13 78 1 72 1 57 1 8 195306 390612
 14 98 0 88 1 47 1 9 352894 705788
 15 41 1 33 1 31 1 13 28655 57310
 5 2502905
 587 233 220 24885797 469938479
 15
 1 88 0 54 1 39 1 7 132841 265682
 2 94 0 54 1 36 1 5 131338 262676
 3 87 0 77 1 43 1 11 225556 451112
 4 100 1 80 1 72 1 8 366721 733442
 5 83 0 40 1 36 1 16 94962 189924
 6 91 0 54 0 22 1 13 65516 131032
 7 109 0 58 1 54 1 16 244188 488376
 8 94 0 55 1 30 1 10 110984 221968
 9 34 1 32 1 31 1 8 29816 59632
 10 83 1 80 1 57 1 4 289626 579252
 11 108 0 40 1 26 1 11 90326 180652
 12 72 0 37 1 32 1 8 76448 152896
 13 93 0 93 0 28 1 13 214640 429280
 14 71 0 56 1 33 1 10 81284 162568
 15 104 0 78 0 26 1 5 139766 279532
 6 2503005
 587 233 220 25044521 295276730
 15
 1 86 1 84 1 45 1 11 204118 408236
 2 81 0 45 1 34 1 15 80281 160562
 3 70 1 54 1 37 1 12 96445 192890
 4 71 1 61 1 52 1 9 158357 316714
 5 78 1 73 1 40 1 10 178163 356326
 6 69 1 63 1 46 1 12 128846 257692
 7 72 1 67 1 56 1 9 164070 328140
 8 75 0 75 0 36 1 7 174731 349462
 9 94 1 88 1 50 1 8 296039 592078
 10 65 1 51 1 50 1 10 100567 201134
 11 81 1 56 1 46 1 5 147148 294296
 12 68 0 44 1 27 1 6 65934 131868
 13 108 0 52 1 45 1 10 202723 405446
 14 114 0 80 1 44 1 7 314264 628528
 15 84 0 39 1 22 1 7 60421 120842
 7 2503105
 587 233 220 26558806 367892898
 15
 1 118 0 79 1 51 1 9 297755 595510
 2 86 0 32 1 31 1 9 74120 148240
 3 64 1 58 1 52 1 5 139309 278618
 4 42 1 42 1 32 1 9 49791 99582
 5 64 1 55 1 43 1 7 131799 263598
 6 84 0 70 0 35 1 10 159272 318544
 7 76 0 57 1 36 1 11 106733 213466
 8 95 1 60 1 55 1 6 258518 517036
 9 80 1 66 1 52 1 5 171100 342200
 10 109 0 73 0 23 1 8 141199 282398
 11 72 1 65 1 54 1 9 223626 447252
 12 98 0 55 1 44 1 8 145865 291730
 13 88 0 61 1 31 1 8 123646 247292
 14 94 1 82 1 66 1 7 366497 732994
 15 78 1 77 1 64 1 12 293087 586174
 8 2503205
 587 233 220 27067903 481406059
 15
 1 75 1 58 1 57 1 6 161284 322568
 2 57 1 37 1 30 1 5 56652 113304
 3 79 0 74 0 35 1 5 137988 275976
 4 104 1 99 1 74 1 11 531462 1062924
 5 55 1 46 1 31 1 7 64108 128216
 6 99 0 98 0 33 1 5 202259 404518
 7 90 1 85 1 59 1 7 308166 616332
 8 115 0 74 1 44 1 9 238993 477986
 9 107 0 67 0 21 1 9 129102 258204
 10 81 1 76 1 55 1 8 277323 554646
 11 118 0 84 0 27 1 4 211897 423794
 12 67 1 60 1 38 1 5 135906 271812
 13 78 1 48 1 46 1 7 145388 290776
 14 67 1 53 1 49 1 10 148762 297524
 15 74 1 43 1 38 1 6 90129 180258
 9 2503305
 587 233 220 18990045 286637124
 15
 1 90 1 70 1 63 1 2 344939 689878
 2 84 0 78 0 28 1 6 123461 246922
 3 94 0 85 0 39 1 9 201117 402234
 4 80 1 76 1 54 1 8 234745 469490
 5 69 1 50 1 45 1 10 106381 212762
 6 70 1 57 1 37 1 8 131782 263564
 7 94 1 61 1 54 1 5 213566 427132
 8 92 0 44 1 29 1 8 73519 147038
 9 72 1 53 1 37 1 13 85627 171254
 10 89 0 43 1 27 1 8 63910 127820
 11 91 0 44 1 28 1 7 91983 183966
 12 78 1 76 1 68 1 11 344102 688204
 13 84 0 61 1 33 1 5 102189 204378
 14 107 0 40 1 39 1 13 128620 257240
 15 114 1 75 1 69 1 11 408606 817212
 10 2503405
 587 233 220 25466217 286059080
 15
 1 68 0 66 0 31 1 10 122143 244286
 2 120 0 34 1 26 1 6 81189 162378
 3 95 1 76 1 60 1 12 294960 589920
 4 61 1 47 1 34 1 11 66663 133326
 5 53 1 45 1 36 1 7 70272 140544
 6 80 1 52 1 42 1 9 149343 298686
 7 109 0 63 0 28 1 6 129173 258346
 8 74 0 64 1 35 1 13 146387 292774
 9 53 1 40 1 36 1 10 54533 109066
 10 102 1 96 1 59 1 9 452077 904154
 11 64 1 60 1 47 1 7 110275 220550
 12 99 0 90 0 32 1 7 202720 405440
 13 76 1 50 1 43 1 10 144776 289552
 14 90 0 75 0 25 1 15 121389 242778
 15 94 0 65 1 37 1 12 151645 303290
 11 2503505
 587 233 220 23090119 437500632
 15
 1 74 1 63 1 61 1 7 182303 364606
 2 71 0 60 0 25 1 8 89993 179986
 3 106 1 80 1 59 1 10 358157 716314
 4 109 0 76 1 42 1 9 208957 417914
 5 118 0 56 0 22 1 8 119188 238376
 6 105 0 67 1 43 1 4 271033 542066
 7 72 1 65 1 37 1 10 145837 291674
 8 84 1 59 1 54 1 12 208319 416638
 9 91 0 69 0 26 1 11 141172 282344
 10 69 0 31 1 28 1 8 53698 107396
 11 76 0 67 1 37 1 8 134413 268826
 12 48 1 39 1 25 1 14 40626 81252
 13 91 1 79 1 66 1 8 376068 752136
 14 72 1 63 1 42 1 8 114716 229432
 15 74 1 74 1 60 1 6 242603 485206
 12 2503605
 587 233 220 26753520 367046272
 15
 1 95 1 80 1 57 1 7 346404 692808
 2 112 0 87 0 23 1 11 194219 388438
 3 116 0 41 1 40 1 8 152170 304340
 4 98 1 80 1 56 1 10 315608 631216
 5 108 1 60 1 59 1 7 311524 623048
 6 82 1 77 1 67 1 12 356309 712618
 7 67 1 46 1 36 1 6 98244 196488
 8 104 0 72 1 44 1 7 288618 577236
 9 89 0 56 0 24 1 8 83063 166126
 10 64 1 36 1 36 1 6 71116 142232
 11 101 0 86 0 31 1 4 174737 349474
 12 69 1 65 1 37 1 7 110315 220630
 13 106 0 39 1 22 1 11 71557 143114
 14 100 0 58 1 37 1 12 155077 310154
 15 56 1 53 1 35 1 6 73072 146144
 13 2503705
 587 233 220 18838037 286177367
 15
 1 52 0 36 1 25 1 19 30328 60656
 2 63 0 37 1 21 1 18 30329 60658
 3 100 0 61 1 36 1 9 153589 307178
 4 79 0 52 1 36 1 17 98257 196514
 5 99 0 63 1 36 1 13 157291 314582
 6 97 0 49 1 30 1 13 86414 172828
 7 90 1 69 1 55 1 10 231748 463496
 8 91 0 33 1 28 1 14 64277 128554
 9 111 0 76 1 41 1 7 212458 424916
 10 95 0 44 1 35 1 11 99222 198444
 11 74 0 47 1 29 1 10 62408 124816
 12 100 0 48 0 20 1 12 59304 118608
 13 75 0 38 1 30 1 16 52524 105048
 14 86 1 68 1 44 1 18 176559 353118
 15 72 0 52 1 33 1 16 108327 216654
 14 2503805
 587 233 220 25317731 480297256
 15
 1 68 0 48 1 31 1 7 85794 171588
 2 104 1 80 1 63 1 9 399032 798064
 3 82 0 46 0 21 1 12 68930 137860
 4 114 1 78 1 60 1 7 341079 682158
 5 90 1 74 1 66 1 11 332490 664980
 6 112 0 54 1 36 1 8 166251 332502
 7 71 1 64 1 54 1 8 201795 403590
 8 74 0 53 1 33 1 10 85922 171844
 9 75 1 62 1 57 1 9 191199 382398
 10 68 1 62 1 52 1 10 193169 386338
 11 64 1 49 1 47 1 6 89577 179154
 12 60 1 39 1 36 1 11 67880 135760
 13 55 1 45 1 35 1 12 62936 125872
 14 59 1 35 1 31 1 11 45515 91030
 15 104 0 47 1 34 1 12 111264 222528
 15 2503905
 587 233 220 25253934 486732414
 15
 1 100 0 44 1 37 1 7 121906 243812
 2 90 1 78 1 55 1 4 246732 493464
 3 65 1 57 1 42 1 7 137727 275454
 4 85 0 58 1 41 1 8 167064 334128
 5 81 1 69 1 50 1 4 227476 454952
 6 84 1 78 1 51 1 7 246513 493026
 7 109 1 73 1 73 1 7 375663 751326
 8 73 1 58 1 52 1 4 180416 360832
 9 73 1 49 1 40 1 8 116712 233424
 10 120 0 60 1 39 1 7 237436 474872
 11 111 1 80 1 68 1 13 421377 842754
 12 71 1 70 1 53 1 3 165208 330416
 13 71 1 70 1 59 1 9 233681 467362
 14 93 0 78 0 33 1 3 145936 291872
 15 83 1 71 1 43 1 4 218820 437640
 16 2504005
 587 233 220 20954676 265443236
 15
 1 43 1 40 1 39 1 10 55106 110212
 2 97 0 76 1 40 1 11 192255 384510
 3 67 1 63 1 47 1 6 143766 287532
 4 98 0 57 1 38 1 9 153462 306924
 5 73 0 71 0 27 1 5 103344 206688
 6 66 1 56 1 41 1 7 129282 258564
 7 82 1 75 1 72 1 7 275870 551740
 8 93 0 71 1 43 1 10 218815 437630
 9 95 0 35 1 28 1 5 73220 146440
 10 88 1 72 1 68 1 7 277955 555910
 11 88 0 85 0 35 1 8 223132 446264
 12 100 1 83 1 69 1 11 430174 860348
 13 74 0 30 1 27 1 15 39417 78834
 14 82 1 64 1 61 1 6 267755 535510
 15 63 1 38 1 32 1 5 54820 109640
 17 2504105
 587 233 220 25498463 383316762
 15
 1 72 0 49 1 35 1 10 89169 178338
 2 75 1 66 1 47 1 9 159248 318496
 3 78 0 30 1 22 1 8 34713 69426
 4 119 1 79 1 79 1 6 463807 927614
 5 76 1 65 1 62 1 9 243353 486706
 6 119 1 81 1 65 1 8 529277 1058554
 7 91 0 77 0 36 1 8 188027 376054
 8 113 0 89 0 27 1 9 193227 386454
 9 98 0 59 1 44 1 10 171291 342582
 10 76 1 55 1 43 1 8 113112 226224
 11 58 1 51 1 31 1 8 60681 121362
 12 94 0 40 1 25 1 8 69855 139710
 13 89 0 66 1 43 1 7 156021 312042
 14 119 0 55 1 50 1 4 252910 505820
 15 70 0 43 1 34 1 9 75199 150398
 18 2504205
 587 233 220 24388443 276893995
 15
 1 104 0 55 1 30 1 3 125199 250398
 2 92 1 89 1 73 1 7 520675 1041350
 3 88 0 88 0 43 1 6 216461 432922
 4 90 1 60 1 60 1 9 226703 453406
 5 79 1 53 1 41 1 4 151190 302380
 6 96 0 91 0 28 1 5 153651 307302
 7 100 1 90 1 79 1 7 527555 1055110
 8 73 0 42 1 32 1 3 72109 144218
 9 115 1 85 1 60 1 5 466031 932062
 10 113 1 83 1 76 1 10 458028 916056
 11 68 0 50 1 31 1 5 74162 148324
 12 70 0 41 1 30 1 8 70493 140986
 13 104 0 60 0 26 1 7 119227 238454
 14 86 0 36 1 29 1 4 70058 140116
 15 114 0 31 1 29 1 5 77510 155020
 19 2504305
 587 233 220 21476509 405542688
 15
 1 60 0 45 1 26 1 11 52301 104602
 2 71 1 43 1 39 1 9 79869 159738
 3 99 1 71 1 64 1 5 386953 773906
 4 61 1 41 1 40 1 6 89990 179980
 5 83 1 79 1 43 1 6 241686 483372
 6 63 1 52 1 35 1 9 82869 165738
 7 54 0 33 1 20 1 7 30647 61294
 8 62 1 57 1 51 1 5 156922 313844
 9 79 1 76 1 71 1 13 372152 744304
 10 91 1 81 1 48 1 7 277899 555798
 11 95 0 70 0 23 1 14 96295 192590
 12 101 0 57 1 42 1 6 183791 367582
 13 119 1 76 1 61 1 13 474234 948468
 14 78 0 54 0 22 1 10 57709 115418
 15 93 0 68 0 25 1 11 107764 215528
 20 2504405
 587 233 220 22868041 231273174
 15
 1 97 1 77 1 66 1 6 383573 767146
 2 81 1 69 1 69 1 13 333242 666484
 3 109 0 53 0 24 1 12 116393 232786
 4 98 0 33 1 20 1 10 53610 107220
 5 86 0 56 1 34 1 6 122596 245192
 6 76 0 50 1 35 1 10 101515 203030
 7 109 0 42 1 22 1 10 87904 175808
 8 82 1 69 1 42 1 7 147049 294098
 9 58 1 43 1 31 1 9 62367 124734
 10 99 0 80 1 48 1 11 312430 624860
 11 89 0 68 1 39 1 11 165530 331060
 12 74 1 53 1 40 1 5 133401 266802
 13 97 0 43 1 32 1 10 116386 232772
 14 112 0 70 1 51 1 12 329431 658862
 15 73 0 29 1 20 1 8 33184 66368
 21 2504505
 587 233 220 26052950 404475964
 15
 1 109 1 93 1 72 1 4 531525 1063050
 2 95 0 67 0 32 1 6 144345 288690
 3 119 0 45 1 36 1 7 144280 288560
 4 95 1 78 1 62 1 11 302910 605820
 5 116 0 89 0 32 1 10 236018 472036
 6 98 0 65 1 38 1 9 196179 392358
 7 72 0 51 0 24 1 7 74540 149080
 8 102 0 88 0 26 1 9 191093 382186
 9 99 0 47 1 44 1 12 152143 304286
 10 106 0 52 1 31 1 6 114571 229142
 11 55 1 41 1 32 1 6 58505 117010
 12 71 0 65 0 29 1 12 88504 177008
 13 58 1 57 1 48 1 10 141631 283262
 14 79 0 56 0 25 1 11 79908 159816
 15 77 1 67 1 53 1 9 236783 473566
 22 2504605
 587 233 220 24905626 278085640
 15
 1 89 1 78 1 50 1 7 252787 505574
 2 73 1 65 1 46 1 8 141775 283550
 3 94 0 66 1 39 1 9 204468 408936
 4 66 1 59 1 42 1 6 126232 252464
 5 106 1 93 1 70 1 4 601552 1203104
 6 80 1 71 1 62 1 10 266175 532350
 7 60 0 36 1 26 1 11 46826 93652
 8 72 0 31 1 31 1 12 57255 114510
 9 63 0 63 0 31 1 15 100495 200990
 10 74 0 39 1 23 1 7 40302 80604
 11 105 0 72 1 52 1 8 272697 545394
 12 101 0 76 1 45 1 10 229325 458650
 13 93 1 73 1 65 1 10 385771 771542
 14 74 1 47 1 42 1 7 89831 179662
 15 72 0 33 1 28 1 7 48551 97102
 23 2504705
 587 233 220 18731138 215076991
 15
 1 84 0 81 0 23 1 7 114743 229486
 2 115 1 72 1 64 1 6 388462 776924
 3 77 0 49 1 25 1 13 63407 126814
 4 40 1 37 1 22 1 8 23404 46808
 5 97 0 96 0 46 1 8 293721 587442
 6 95 0 43 1 25 1 3 80831 161662
 7 90 0 69 0 28 1 6 118186 236372
 8 56 1 51 1 49 1 4 102886 205772
 9 118 1 93 1 80 1 8 692640 1385280
 10 56 1 47 1 41 1 11 94336 188672
 11 78 0 71 0 27 1 4 102677 205354
 12 88 0 62 1 41 1 7 160351 320702
 13 87 0 53 0 21 1 10 69908 139816
 14 105 0 47 1 28 1 8 88296 176592
 15 103 1 68 1 65 1 13 346177 692354
 24 2504805
 587 233 220 19180815 306100659
 15
 1 113 0 80 0 29 1 7 190000 380000
 2 98 1 65 1 62 1 8 305794 611588
 3 60 1 59 1 46 1 6 98072 196144
 4 100 1 97 1 64 1 6 479759 959518
 5 99 0 88 0 23 1 5 125258 250516
 6 106 0 49 1 33 1 3 128143 256286
 7 78 0 54 1 30 1 6 108665 217330
 8 71 1 68 1 41 1 9 129434 258868
 9 83 0 80 0 35 1 5 142192 284384
 10 99 0 55 0 27 1 11 126206 252412
 11 91 0 51 1 43 1 6 134155 268310
 12 99 1 78 1 72 1 7 382761 765522
 13 102 0 88 0 37 1 12 230523 461046
 14 97 1 75 1 72 1 6 338608 677216
 15 83 0 63 0 27 1 8 110352 220704
 25 2504905
 587 233 220 25942354 433689243
 15
 1 75 0 54 1 35 1 15 127569 255138
 2 107 0 60 1 49 1 9 248310 496620
 3 70 1 67 1 42 1 14 132511 265022
 4 78 1 71 1 44 1 7 164612 329224
 5 78 0 61 0 27 1 5 106764 213528
 6 78 1 73 1 48 1 10 179065 358130
 7 109 0 87 0 32 1 10 254274 508548
 8 91 0 87 0 25 1 6 177262 354524
 9 67 1 51 1 47 1 12 106900 213800
 10 67 1 63 1 60 1 5 181720 363440
 11 115 0 59 1 34 1 13 141491 282982
 12 102 0 35 1 34 1 7 96093 192186
 13 117 0 54 1 48 1 9 212902 425804
 14 70 1 61 1 40 1 9 115248 230496
 15 64 1 63 1 59 1 7 209753 419506
 26 2505005
 587 233 220 23579400 292378418
 15
 1 86 0 71 1 41 1 14 173671 347342
 2 75 1 58 1 58 1 13 156779 313558
 3 100 0 81 0 27 1 13 177040 354080
 4 59 0 42 1 24 1 10 38098 76196
 5 69 0 37 1 30 1 9 65185 130370
 6 63 1 50 1 36 1 13 73716 147432
 7 96 0 72 0 34 1 12 197865 395730
 8 111 0 71 0 29 1 10 177898 355796
 9 102 1 67 1 53 1 6 317294 634588
 10 71 0 34 1 32 1 13 65047 130094
 11 88 1 75 1 53 1 8 279537 559074
 12 50 1 46 1 42 1 10 78419 156838
 13 84 0 70 1 41 1 11 162012 324024
 14 98 0 48 1 44 1 11 168049 336098
 15 54 0 43 1 25 1 12 40473 80946
 27 2505105
 587 233 220 23411920 404813297
 15
 1 118 0 66 1 47 1 10 266150 532300
 2 99 0 56 0 25 1 9 118288 236576
 3 91 1 83 1 48 1 9 321918 643836
 4 104 0 66 1 40 1 13 213389 426778
 5 75 0 60 1 33 1 4 96846 193692
 6 113 1 78 1 60 1 5 336179 672358
 7 36 1 36 1 29 1 10 31929 63858
 8 56 1 48 1 40 1 10 79319 158638
 9 67 0 40 1 22 1 8 46648 93296
 10 92 1 78 1 64 1 11 344058 688116
 11 73 0 61 1 31 1 6 89333 178666
 12 72 1 66 1 58 1 8 247067 494134
 13 56 0 44 1 26 1 9 43377 86754
 14 93 0 65 1 34 1 8 161055 322110
 15 113 0 63 1 50 1 8 231955 463910
 28 2505205
 587 233 220 25625500 424456539
 15
 1 62 1 59 1 52 1 14 123986 247972
 2 54 1 52 1 50 1 5 101490 202980
 3 102 1 69 1 65 1 8 339600 679200
 4 97 0 76 1 46 1 6 220275 440550
 5 52 1 50 1 37 1 6 57756 115512
 6 93 0 85 0 23 1 12 139934 279868
 7 90 0 38 1 38 1 11 104059 208118
 8 66 1 60 1 40 1 5 113251 226502
 9 38 1 31 1 26 1 9 24819 49638
 10 86 0 60 1 36 1 18 128204 256408
 11 92 0 47 1 34 1 11 118748 237496
 12 103 0 69 0 22 1 11 103318 206636
 13 79 1 71 1 42 1 13 148999 297998
 14 66 0 33 1 20 1 10 33556 67112
 15 100 0 93 0 45 1 13 271518 543036
 29 2505305
 587 233 220 21050216 238519689
 15
 1 91 1 58 1 57 1 10 231712 463424
 2 92 1 78 1 53 1 9 267550 535100
 3 112 0 48 1 28 1 10 99071 198142
 4 78 0 47 1 26 1 8 59298 118596
 5 41 1 40 1 28 1 12 32199 64398
 6 57 1 47 1 32 1 5 65443 130886
 7 54 1 47 1 40 1 13 62406 124812
 8 85 0 80 0 25 1 9 112047 224094
 9 89 1 86 1 54 1 7 330392 660784
 10 118 1 94 1 68 1 7 548101 1096202
 11 98 0 63 1 36 1 8 178715 357430
 12 81 0 42 1 38 1 11 90964 181928
 13 86 0 59 1 39 1 13 170232 340464
 14 91 0 67 1 40 1 10 151001 302002
 15 73 1 61 1 41 1 6 120251 240502
 30 2505405
 587 233 220 26314021 352056756
 15
 1 64 0 53 1 32 1 9 65959 131918
 2 51 1 42 1 28 1 13 39888 79776
 3 49 1 32 1 30 1 7 40846 81692
 4 109 1 68 1 59 1 10 306731 613462
 5 66 0 43 1 32 1 15 78153 156306
 6 120 0 71 1 47 1 6 302477 604954
 7 109 0 57 1 41 1 6 195534 391068
 8 100 0 70 0 28 1 9 144715 289430
 9 76 1 70 1 51 1 8 198110 396220
 10 85 0 40 1 26 1 12 63210 126420
 11 79 1 71 1 55 1 9 271207 542414
 12 93 1 73 1 55 1 10 257843 515686
 13 101 1 75 1 75 1 6 462827 925654
 14 89 1 58 1 53 1 6 194424 388848
 15 98 0 53 1 36 1 9 154779 309558
 31 2505505
 587 233 220 20975573 228481097
 15
 1 70 1 63 1 49 1 9 170394 340788
 2 84 1 54 1 49 1 12 161561 323122
 3 89 0 70 1 42 1 12 174480 348960
 4 80 0 48 1 39 1 6 101734 203468
 5 114 0 47 1 42 1 9 181320 362640
 6 92 0 62 1 34 1 13 159295 318590
 7 72 1 66 1 43 1 12 172467 344934
 8 120 0 55 1 46 1 11 184097 368194
 9 106 0 62 0 25 1 7 138510 277020
 10 72 0 53 1 34 1 12 96616 193232
 11 74 0 44 1 35 1 13 69122 138244
 12 103 0 71 0 28 1 13 123310 246620
 13 115 0 35 1 31 1 9 88234 176468
 14 117 0 62 1 39 1 8 219903 439806
 15 60 1 32 1 32 1 13 41268 82536
 32 2505605
 587 233 220 20433079 233833074
 15
 1 95 0 76 1 44 1 7 260406 520812
 2 81 0 47 1 34 1 8 108015 216030
 3 71 0 52 1 30 1 12 69496 138992
 4 96 0 52 1 28 1 10 94016 188032
 5 104 0 80 1 50 1 13 324472 648944
 6 77 1 64 1 57 1 7 251569 503138
 7 75 0 45 1 36 1 7 82908 165816
 8 65 1 49 1 39 1 13 89356 178712
 9 70 1 49 1 41 1 10 119468 238936
 10 111 0 44 1 42 1 17 175468 350936
 11 108 0 94 1 51 1 11 376578 753156
 12 43 1 40 1 26 1 8 27112 54224
 13 70 1 47 1 39 1 8 90960 181920
 14 84 0 36 1 26 1 5 65494 130988
 15 103 0 97 0 27 1 7 229046 458092
 33 2505705
 587 233 220 23411675 387070514
 15
 1 40 1 36 1 21 1 6 22605 45210
 2 76 0 45 1 31 1 9 65682 131364
 3 63 1 54 1 51 1 7 152869 305738
 4 114 1 77 1 69 1 9 489878 979756
 5 95 1 57 1 53 1 10 194816 389632
 6 92 0 36 1 20 1 12 54223 108446
 7 90 1 84 1 47 1 10 243011 486022
 8 84 0 69 0 24 1 10 100910 201820
 9 57 1 35 1 35 1 6 47701 95402
 10 78 1 76 1 50 1 14 256945 513890
 11 81 0 67 1 37 1 9 163491 326982
 12 73 1 51 1 43 1 9 129559 259118
 13 64 0 54 1 30 1 10 92839 185678
 14 85 1 73 1 51 1 12 190995 381990
 15 83 0 58 0 23 1 8 98636 197272
 34 2505805
 587 233 220 21626836 297963908
 15
 1 68 0 35 1 27 1 8 42816 85632
 2 118 0 57 1 43 1 7 225403 450806
 3 73 0 72 0 36 1 5 131821 263642
 4 85 1 58 1 50 1 10 197134 394268
 5 86 0 56 1 33 1 7 100501 201002
 6 99 0 44 1 31 1 9 86201 172402
 7 93 1 54 1 49 1 7 197073 394146
 8 89 0 69 0 26 1 4 112292 224584
 9 98 1 90 1 74 1 6 548650 1097300
 10 58 1 48 1 46 1 6 111099 222198
 11 56 0 55 0 22 1 11 56606 113212
 12 104 1 63 1 59 1 10 334689 669378
 13 80 1 69 1 66 1 7 290112 580224
 14 110 1 59 1 58 1 6 256326 512652
 15 96 1 79 1 63 1 10 303363 606726
 35 2505905
 587 233 220 18919843 204412832
 15
 1 100 0 33 1 31 1 6 76568 153136
 2 84 0 68 1 42 1 9 208992 417984
 3 95 0 84 0 31 1 7 214655 429310
 4 57 1 39 1 30 1 10 40413 80826
 5 76 1 71 1 60 1 11 209101 418202
 6 71 1 68 1 46 1 11 192294 384588
 7 109 0 51 1 26 1 14 103273 206546
 8 109 0 54 1 45 1 14 192698 385396
 9 84 0 55 1 29 1 10 88839 177678
 10 104 0 66 0 20 1 9 113357 226714
 11 119 0 76 1 39 1 16 245391 490782
 12 75 1 74 1 43 1 4 198788 397576
 13 84 0 36 1 26 1 11 68962 137924
 14 77 0 45 1 32 1 10 82620 165240
 15 75 1 57 1 42 1 10 111241 222482
 36 2506005
 587 233 220 20091738 370124181
 15
 1 41 1 39 1 26 1 14 25095 50190
 2 110 0 40 1 34 1 8 100554 201108
 3 94 1 77 1 52 1 5 307507 615014
 4 119 1 96 1 71 1 7 516938 1033876
 5 67 1 63 1 47 1 7 121033 242066
 6 61 1 43 1 31 1 5 52760 105520
 7 72 0 53 1 35 1 13 117593 235186
 8 64 1 38 1 38 1 9 70962 141924
 9 110 0 71 1 45 1 9 281240 562480
 10 73 1 71 1 52 1 7 169119 338238
 11 95 1 92 1 55 1 4 319256 638512
 12 86 0 74 0 31 1 3 128572 257144
 13 99 1 62 1 52 1 6 253049 506098
 14 81 0 44 1 31 1 8 85618 171236
 15 113 1 94 1 70 1 8 592602 1185204
 37 2506105
 587 233 220 24659485 400861092
 15
 1 98 0 73 1 44 1 6 194311 388622
 2 60 1 60 1 38 1 7 100856 201712
 3 105 1 73 1 60 1 10 330521 661042
 4 90 1 77 1 52 1 3 303206 606412
 5 66 0 58 0 24 1 5 56644 113288
 6 106 1 76 1 55 1 10 375031 750062
 7 55 1 44 1 36 1 12 60226 120452
 8 82 0 58 0 23 1 7 84372 168744
 9 74 1 61 1 58 1 6 181856 363712
 10 81 0 39 1 24 1 8 54296 108592
 11 71 1 65 1 39 1 11 158503 317006
 12 105 0 97 0 47 1 4 423001 846002
 13 114 1 97 1 69 1 5 612506 1225012
 14 103 1 78 1 55 1 6 363689 727378
 15 93 1 66 1 55 1 6 256701 513402
 38 2506205
 587 233 220 24021034 261602464
 15
 1 104 0 94 1 50 1 6 369899 739798
 2 102 0 87 0 36 1 10 194913 389826
 3 115 0 42 1 33 1 14 121319 242638
 4 61 1 58 1 32 1 7 97050 194100
 5 70 1 62 1 48 1 9 134118 268236
 6 91 1 79 1 78 1 7 386895 773790
 7 90 1 57 1 53 1 10 222439 444878
 8 78 0 68 0 25 1 10 106972 213944
 9 77 1 44 1 39 1 5 113290 226580
 10 97 1 89 1 56 1 10 352522 705044
 11 58 0 38 1 26 1 7 47672 95344
 12 64 1 44 1 33 1 8 76312 152624
 13 57 0 38 1 25 1 13 39458 78916
 14 70 0 65 0 28 1 9 99176 198352
 15 93 1 73 1 61 1 6 257835 515670
 39 2506305
 587 233 220 19487922 368298408
 15
 1 89 1 56 1 45 1 16 179840 359680
 2 53 1 37 1 34 1 11 55322 110644
 3 54 0 35 1 25 1 12 41831 83662
 4 73 0 39 1 33 1 11 67715 135430
 5 73 1 39 1 38 1 19 78028 156056
 6 50 1 42 1 29 1 7 47790 95580
 7 62 1 59 1 54 1 13 152239 304478
 8 98 0 53 1 44 1 13 195659 391318
 9 94 0 32 1 31 1 7 77547 155094
 10 97 0 64 0 28 1 14 154971 309942
 11 102 0 77 1 42 1 10 263300 526600
 12 80 1 75 1 44 1 11 179199 358398
 13 93 0 52 1 41 1 16 130996 261992
 14 77 0 51 1 38 1 10 124953 249906
 15 57 1 54 1 52 1 13 112656 225312
 40 2506405
 587 233 220 18825445 363922502
 15
 1 85 1 77 1 62 1 7 319097 638194
 2 94 0 63 1 32 1 4 136352 272704
 3 83 1 75 1 45 1 6 195719 391438
 4 95 1 95 1 54 1 6 420791 841582
 5 76 0 76 0 30 1 3 115397 230794
 6 113 0 66 1 44 1 7 237664 475328
 7 108 1 71 1 61 1 12 321293 642586
 8 118 0 62 1 37 1 10 221395 442790
 9 93 1 58 1 48 1 5 220651 441302
 10 60 0 32 1 29 1 7 36457 72914
 11 97 1 75 1 59 1 9 344071 688142
 12 105 0 56 1 35 1 9 131409 262818
 13 67 1 58 1 53 1 8 134910 269820
 14 96 0 51 1 37 1 6 119941 239882
 15 91 0 52 1 32 1 3 118913 237826
 41 2506505
 587 233 220 24987579 426999999
 15
 1 109 1 80 1 68 1 4 447582 895164
 2 90 0 45 1 31 1 10 94120 188240
 3 66 1 56 1 34 1 11 82178 164356
 4 76 0 66 1 34 1 9 137054 274108
 5 111 0 80 1 53 1 6 296474 592948
 6 86 0 59 0 29 1 8 129711 259422
 7 80 1 72 1 63 1 8 301721 603442
 8 81 0 47 0 22 1 14 53087 106174
 9 114 1 80 1 64 1 8 356335 712670
 10 90 0 37 1 32 1 11 65639 131278
 11 75 1 48 1 40 1 8 110505 221010
 12 67 1 52 1 45 1 11 112453 224906
 13 88 1 82 1 74 1 6 394017 788034
 14 100 0 63 0 23 1 8 108081 216162
 15 103 0 53 1 48 1 9 164771 329542
 42 2506605
 587 233 220 19276600 280430220
 15
 1 76 1 74 1 50 1 15 185355 370710
 2 86 0 40 1 29 1 5 72862 145724
 3 66 1 55 1 48 1 6 115934 231868
 4 75 0 57 1 37 1 10 110305 220610
 5 102 0 83 0 29 1 5 195987 391974
 6 74 1 58 1 52 1 10 168608 337216
 7 89 0 65 1 36 1 8 145438 290876
 8 99 1 68 1 67 1 5 300295 600590
 9 80 1 78 1 66 1 11 356341 712682
 10 65 1 57 1 45 1 13 110053 220106
 11 112 0 59 1 30 1 6 136038 272076
 12 79 1 75 1 68 1 7 324313 648626
 13 97 0 48 1 30 1 12 99165 198330
 14 73 0 70 0 31 1 6 101616 203232
 15 90 0 83 1 44 1 6 282053 564106
 43 2506705
 587 233 220 22288461 417140319
 15
 1 82 1 80 1 71 1 9 287984 575968
 2 66 0 37 1 27 1 6 57682 115364
 3 77 0 76 0 31 1 3 119667 239334
 4 100 0 56 1 38 1 4 180619 361238
 5 93 1 86 1 67 1 5 445145 890290
 6 89 0 76 0 30 1 7 129387 258774
 7 98 1 90 1 67 1 8 492185 984370
 8 87 0 52 1 42 1 6 155443 310886
 9 53 1 42 1 35 1 5 55214 110428
 10 116 0 53 1 36 1 12 197394 394788
 11 85 1 79 1 46 1 9 258518 517036
 12 106 0 91 0 24 1 10 191387 382774
 13 112 0 84 1 46 1 6 365158 730316
 14 89 1 56 1 47 1 10 204688 409376
 15 62 1 51 1 39 1 8 87793 175586
 44 2506805
 587 233 220 19313374 200017077
 15
 1 114 0 67 0 25 1 11 152176 304352
 2 92 0 79 0 25 1 14 144878 289756
 3 89 0 87 0 36 1 9 172283 344566
 4 95 0 71 1 36 1 8 164707 329414
 5 90 0 83 1 43 1 15 278182 556364
 6 93 0 39 1 28 1 7 74130 148260
 7 69 0 54 1 31 1 11 87197 174394
 8 107 0 61 1 37 1 7 155207 310414
 9 98 0 52 1 40 1 11 161059 322118
 10 83 1 69 1 60 1 10 294560 589120
 11 98 1 63 1 58 1 11 254284 508568
 12 45 1 40 1 26 1 10 29784 59568
 13 63 1 44 1 36 1 6 70178 140356
 14 96 0 56 1 43 1 4 206590 413180
 15 88 0 42 1 35 1 6 103809 207618
 45 2506905
 587 233 220 22258479 442247721
 15
 1 63 0 55 1 31 1 9 88200 176400
 2 120 0 43 1 23 1 10 98524 197048
 3 97 1 72 1 57 1 4 240444 480888
 4 77 1 76 1 42 1 15 152879 305758
 5 93 0 74 0 20 1 17 103922 207844
 6 65 1 63 1 43 1 12 132512 265024
 7 108 0 71 1 40 1 10 246387 492774
 8 79 0 36 1 21 1 4 43548 87096
 9 68 0 62 0 26 1 12 79602 159204
 10 68 1 50 1 40 1 9 111613 223226
 11 79 0 42 1 31 1 7 64563 129126
 12 76 0 56 1 38 1 8 101346 202692
 13 80 1 79 1 51 1 17 273180 546360
 14 115 0 69 0 29 1 12 194641 389282
 15 113 0 50 1 30 1 11 130320 260640
 46 2507005
 587 233 220 22560893 365683006
 15
 1 86 0 58 1 36 1 7 112901 225802
 2 71 0 69 0 22 1 4 83790 167580
 3 108 0 78 1 54 1 9 395526 791052
 4 104 1 58 1 57 1 7 309326 618652
 5 96 1 65 1 58 1 8 253893 507786
 6 58 0 37 1 26 1 10 37208 74416
 7 73 1 72 1 49 1 11 211796 423592
 8 98 1 67 1 56 1 7 324581 649162
 9 117 0 89 0 23 1 5 147585 295170
 10 109 1 76 1 73 1 4 388564 777128
 11 95 0 61 1 34 1 7 121176 242352
 12 106 0 73 1 49 1 10 254256 508512
 13 66 1 39 1 35 1 8 54526 109052
 14 82 1 76 1 43 1 7 196570 393140
 15 93 0 87 0 26 1 7 158222 316444
 47 2507105
 587 233 220 22083190 397090602
 15
 1 118 0 54 1 42 1 11 212324 424648
 2 112 0 95 0 20 1 8 178647 357294
 3 118 0 38 1 37 1 9 141193 282386
 4 76 0 38 1 38 1 12 77435 154870
 5 100 0 56 1 34 1 14 156358 312716
 6 100 0 73 1 50 1 8 313215 626430
 7 75 0 58 1 36 1 11 100539 201078
 8 76 1 51 1 41 1 9 96706 193412
 9 82 0 75 1 39 1 10 196071 392142
 10 84 1 76 1 44 1 3 238703 477406
 11 80 1 68 1 50 1 14 185421 370842
 12 61 0 46 1 28 1 8 56895 113790
 13 80 1 75 1 51 1 11 223046 446092
 14 92 1 62 1 49 1 7 169911 339822
 15 72 0 48 0 21 1 12 45658 91316
 48 2507205
 587 233 220 20886494 367721715
 15
 1 59 1 49 1 48 1 3 115106 230212
 2 79 1 63 1 46 1 7 150002 300004
 3 95 0 58 1 38 1 5 174342 348684
 4 95 0 79 1 47 1 8 218132 436264
 5 72 0 46 1 27 1 9 69799 139598
 6 88 1 74 1 72 1 8 308746 617492
 7 90 1 77 1 67 1 7 412886 825772
 8 96 0 59 1 36 1 5 162716 325432
 9 62 1 55 1 46 1 9 109174 218348
 10 92 0 77 1 43 1 9 224949 449898
 11 100 0 66 1 41 1 8 237182 474364
 12 76 1 72 1 44 1 11 201841 403682
 13 95 0 68 1 35 1 8 203181 406362
 14 108 0 66 1 48 1 9 270034 540068
 15 86 1 78 1 52 1 4 210012 420024
 49 2507305
 587 233 220 26930896 341159372
 15
 1 91 0 54 1 45 1 9 154601 309202
 2 105 1 77 1 72 1 6 375931 751862
 3 79 1 78 1 48 1 6 200575 401150
 4 109 1 76 1 59 1 10 324077 648154
 5 48 1 37 1 30 1 6 39026 78052
 6 44 1 37 1 27 1 5 34135 68270
 7 79 1 76 1 54 1 9 204366 408732
 8 116 0 78 0 20 1 6 112047 224094
 9 101 0 71 1 49 1 9 292628 585256
 10 102 0 100 0 49 1 1 340543 681086
 11 105 0 43 1 22 1 7 61898 123796
 12 107 1 84 1 61 1 10 440313 880626
 13 110 0 71 0 23 1 7 120429 240858
 14 75 0 39 1 34 1 9 72898 145796
 15 73 0 47 1 32 1 8 90278 180556
 50 2507405
 587 233 220 21445612 407725017
 15
 1 60 1 40 1 32 1 7 59764 119528
 2 98 1 75 1 55 1 9 295522 591044
 3 60 1 59 1 39 1 9 111062 222124
 4 81 0 56 1 40 1 17 129623 259246
 5 119 0 34 1 25 1 10 88408 176816
 6 107 0 61 1 42 1 10 192553 385106
 7 108 0 85 0 20 1 5 150454 300908
 8 97 0 66 1 45 1 5 203085 406170
 9 66 0 35 1 26 1 6 44500 89000
 10 69 0 32 1 20 1 12 37101 74202
 11 78 0 63 1 38 1 13 163833 327666
 12 95 0 77 1 47 1 15 243175 486350
 13 40 1 34 1 30 1 7 28738 57476
 14 88 0 42 0 20 1 10 62571 125142
 15 103 1 84 1 69 1 10 370015 740030
 51 2507505
 587 233 220 20069003 364241581
 15
 1 66 1 64 1 36 1 8 134179 268358
 2 97 1 73 1 49 1 6 249715 499430
 3 69 1 60 1 43 1 18 148272 296544
 4 52 0 37 1 20 1 14 31326 62652
 5 109 0 63 1 37 1 11 227807 455614
 6 79 0 57 0 24 1 13 78368 156736
 7 95 0 72 0 22 1 17 126152 252304
 8 65 1 50 1 39 1 11 114056 228112
 9 98 0 42 1 30 1 12 74348 148696
 10 53 1 40 1 36 1 11 63020 126040
 11 82 1 54 1 51 1 12 160584 321168
 12 77 0 33 1 31 1 9 50772 101544
 13 66 1 56 1 49 1 13 132461 264922
 14 101 1 68 1 62 1 10 380622 761244
 15 82 1 64 1 46 1 10 184700 369400
 52 2507605
 587 233 220 25404493 278519729
 15
 1 96 0 72 0 31 1 8 174206 348412
 2 75 1 72 1 47 1 7 200640 401280
 3 80 0 25 1 20 1 11 34719 69438
 4 114 1 94 1 61 1 9 481097 962194
 5 100 0 40 1 39 1 10 95246 190492
 6 72 1 51 1 48 1 7 153879 307758
 7 36 1 28 1 24 1 9 15997 31994
 8 85 0 58 1 35 1 6 108754 217508
 9 85 1 84 1 58 1 11 302700 605400
 10 95 0 48 0 24 1 9 69651 139302
 11 115 0 70 0 25 1 6 123000 246000
 12 108 0 49 1 42 1 14 137035 274070
 13 73 0 64 0 26 1 14 81769 163538
 14 68 1 54 1 35 1 7 110437 220874
 15 83 1 62 1 60 1 12 208768 417536
 53 2507705
 587 233 220 24515910 297685333
 15
 1 78 0 37 1 27 1 7 47308 94616
 2 89 0 70 0 25 1 15 106318 212636
 3 90 0 84 0 41 1 13 256708 513416
 4 85 0 75 1 42 1 5 193953 387906
 5 91 0 77 1 44 1 9 252810 505620
 6 114 1 87 1 71 1 6 628322 1256644
 7 90 0 37 1 25 1 8 58345 116690
 8 105 1 80 1 77 1 9 444760 889520
 9 74 1 71 1 50 1 7 216963 433926
 10 62 1 57 1 55 1 3 159211 318422
 11 89 0 45 1 26 1 11 66651 133302
 12 65 1 54 1 47 1 7 104539 209078
 13 79 0 62 0 28 1 12 87866 175732
 14 84 0 40 1 35 1 8 99953 199906
 15 55 1 44 1 42 1 8 89486 178972
 54 2507805
 587 233 220 19478716 243245962
 15
 1 99 0 68 0 23 1 17 114952 229904
 2 68 1 52 1 40 1 12 108558 217116
 3 101 1 66 1 61 1 10 258505 517010
 4 57 0 56 0 22 1 14 46126 92252
 5 81 1 54 1 47 1 12 125288 250576
 6 86 0 34 1 25 1 11 49807 99614
 7 54 0 46 1 27 1 14 55819 111638
 8 95 0 65 1 34 1 13 149423 298846
 9 105 0 57 1 29 1 13 119817 239634
 10 120 0 63 0 28 1 8 188668 377336
 11 64 1 62 1 42 1 8 106299 212598
 12 78 0 65 0 21 1 10 86945 173890
 13 98 0 94 0 45 1 8 248838 497676
 14 94 0 58 0 26 1 9 124668 249336
 15 113 0 81 1 51 1 6 381068 762136
 55 2507905
 587 233 220 24908844 400226946
 15
 1 100 0 94 0 28 1 11 166009 332018
 2 81 1 78 1 66 1 10 354143 708286
 3 111 0 49 0 21 1 11 89092 178184
 4 119 0 63 1 37 1 8 173378 346756
 5 72 0 50 1 30 1 13 69707 139414
 6 58 1 58 1 40 1 10 87506 175012
 7 108 0 55 1 29 1 9 126708 253416
 8 54 1 49 1 38 1 10 80910 161820
 9 69 1 46 1 44 1 10 107195 214390
 10 88 1 71 1 61 1 5 307695 615390
 11 83 0 58 1 35 1 16 125312 250624
 12 108 0 77 0 37 1 9 217042 434084
 13 108 1 62 1 57 1 8 299793 599586
 14 73 0 61 1 31 1 5 91948 183896
 15 92 0 46 1 43 1 9 148715 297430
 56 2508005
 587 233 220 24909564 409026782
 15
 1 90 0 41 1 34 1 18 91510 183020
 2 64 0 32 1 28 1 16 44493 88986
 3 42 1 31 1 31 1 6 33141 66282
 4 94 0 90 0 44 1 7 315582 631164
 5 68 1 63 1 53 1 6 148723 297446
 6 55 0 30 1 21 1 7 29885 59770
 7 72 0 64 0 31 1 10 117238 234476
 8 75 0 56 1 34 1 8 87090 174180
 9 62 0 34 1 31 1 12 52748 105496
 10 79 0 55 1 32 1 8 103967 207934
 11 99 0 74 0 27 1 8 127158 254316
 12 89 1 54 1 48 1 11 146501 293002
 13 93 0 78 0 32 1 9 195231 390462
 14 119 0 80 1 59 1 16 379028 758056
 15 80 1 72 1 42 1 11 154459 308918
 57 2508105
 587 233 220 18759719 312203597
 15
 1 85 0 73 1 40 1 4 158144 316288
 2 73 1 62 1 54 1 9 172043 344086
 3 90 0 63 1 41 1 3 184301 368602
 4 75 0 61 0 24 1 7 80427 160854
 5 57 1 53 1 44 1 11 84894 169788
 6 93 0 70 1 45 1 8 213431 426862
 7 73 0 36 1 33 1 6 52596 105192
 8 95 1 80 1 75 1 8 394903 789806
 9 93 1 89 1 78 1 6 448900 897800
 10 113 1 87 1 65 1 7 396351 792702
 11 72 0 46 1 30 1 9 88467 176934
 12 100 1 78 1 70 1 7 399347 798694
 13 53 1 47 1 34 1 8 56674 113348
 14 87 1 54 1 46 1 10 165576 331152
 15 52 1 41 1 37 1 8 61254 122508
 58 2508205
 587 233 220 26213895 377562330
 15
 1 105 0 81 1 46 1 18 304688 609376
 2 115 1 81 1 61 1 6 390061 780122
 3 72 0 51 0 23 1 6 64472 128944
 4 65 1 56 1 33 1 8 76827 153654
 5 60 0 44 0 21 1 6 34001 68002
 6 85 1 69 1 65 1 6 246165 492330
 7 90 0 82 0 35 1 10 201071 402142
 8 115 1 94 1 64 1 8 537217 1074434
 9 80 0 53 1 33 1 3 100548 201096
 10 95 0 81 0 37 1 10 254392 508784
 11 66 1 46 1 45 1 9 120501 241002
 12 109 0 36 1 25 1 7 77001 154002
 13 89 1 62 1 50 1 4 242777 485554
 14 54 0 32 1 27 1 5 29101 58202
 15 79 0 33 1 32 1 10 55133 110266
 59 2508305
 587 233 220 24316905 350912367
 15
 1 76 1 52 1 46 1 9 119505 239010
 2 66 0 59 1 31 1 8 80973 161946
 3 62 1 55 1 44 1 14 112987 225974
 4 95 0 46 1 36 1 7 136625 273250
 5 63 1 59 1 35 1 9 99032 198064
 6 100 0 37 1 32 1 6 74457 148914
 7 91 0 54 1 37 1 3 143147 286294
 8 49 1 44 1 36 1 6 49270 98540
 9 109 0 66 1 49 1 9 218549 437098
 10 69 0 48 1 27 1 8 79809 159618
 11 109 1 85 1 62 1 9 425066 850132
 12 48 1 47 1 42 1 10 67220 134440
 13 77 1 67 1 48 1 9 186245 372490
 14 112 1 79 1 76 1 12 566896 1133792
 15 102 0 40 1 28 1 7 98482 196964
 60 2508405
 587 233 220 20504764 264642557
 15
 1 78 1 72 1 58 1 8 235206 470412
 2 107 1 57 1 57 1 6 303493 606986
 3 72 1 64 1 37 1 11 113372 226744
 4 93 0 66 0 26 1 14 124968 249936
 5 116 0 67 1 35 1 13 218900 437800
 6 101 0 56 1 39 1 10 182946 365892
 7 108 0 100 0 39 1 10 304993 609986
 8 64 1 55 1 33 1 9 96263 192526
 9 73 1 65 1 53 1 6 180582 361164
 10 106 0 41 1 35 1 8 102836 205672
 11 82 0 78 0 28 1 4 117502 235004
 12 79 1 59 1 58 1 6 187213 374426
 13 92 0 84 0 22 1 10 142217 284434
 14 80 1 65 1 50 1 8 190431 380862
 15 82 0 77 0 24 1 9 134975 269950
 61 2508505
 587 233 220 22595624 265339077
 15
 1 109 1 68 1 64 1 3 293071 586142
 2 84 1 58 1 55 1 6 186133 372266
 3 96 0 83 0 24 1 4 152694 305388
 4 74 0 67 1 37 1 7 121495 242990
 5 107 1 73 1 70 1 9 417043 834086
 6 80 1 73 1 54 1 9 211724 423448
 7 72 0 41 1 33 1 4 85857 171714
 8 84 1 79 1 74 1 11 404205 808410
 9 40 0 37 1 20 1 5 23558 47116
 10 74 1 73 1 42 1 7 189928 379856
 11 55 1 48 1 33 1 11 68099 136198
 12 109 1 74 1 70 1 5 353810 707620
 13 107 0 44 1 39 1 9 142941 285882
 14 99 0 51 1 47 1 9 146624 293248
 15 80 0 62 1 38 1 11 118122 236244
 62 2508605
 587 233 220 25171087 384397958
 15
 1 70 1 63 1 50 1 10 136004 272008
 2 100 0 53 1 34 1 7 152278 304556
 3 93 0 78 1 45 1 5 284367 568734
 4 100 0 55 1 48 1 6 182201 364402
 5 98 1 73 1 50 1 10 237808 475616
 6 69 1 45 1 43 1 7 82149 164298
 7 43 1 42 1 36 1 6 40348 80696
 8 104 1 92 1 63 1 11 506112 1012224
 9 93 0 36 1 26 1 4 68324 136648
 10 50 1 45 1 41 1 9 64457 128914
 11 119 0 67 1 50 1 8 328085 656170
 12 82 0 49 1 30 1 13 75031 150062
 13 80 0 55 1 31 1 9 107892 215784
 14 105 0 73 1 37 1 6 179631 359262
 15 76 1 76 1 42 1 12 214018 428036
 63 2508705
 587 233 220 22060684 281991949
 15
 1 82 1 76 1 59 1 6 277367 554734
 2 60 1 51 1 50 1 12 127351 254702
 3 104 1 66 1 61 1 6 338662 677324
 4 71 0 36 1 28 1 4 45695 91390
 5 89 0 77 0 26 1 8 153488 306976
 6 108 1 84 1 66 1 4 527929 1055858
 7 90 0 51 1 45 1 6 131484 262968
 8 48 1 35 1 33 1 7 37622 75244
 9 89 1 57 1 52 1 14 161511 323022
 10 99 1 77 1 58 1 8 288050 576100
 11 92 1 86 1 66 1 7 422741 845482
 12 93 0 80 1 46 1 7 236176 472352
 13 72 1 45 1 39 1 3 102169 204338
 14 73 0 46 1 24 1 11 67489 134978
 15 112 0 71 1 37 1 11 209517 419034
 64 2508805
 587 233 220 19108038 203418206
 15
 1 114 0 54 0 20 1 8 90271 180542
 2 92 1 87 1 50 1 10 270982 541964
 3 114 0 43 1 26 1 7 80000 160000
 4 93 0 69 1 42 1 8 176560 353120
 5 80 1 79 1 64 1 4 331793 663586
 6 99 0 80 0 29 1 6 195305 390610
 7 60 1 54 1 47 1 18 131537 263074
 8 54 1 53 1 32 1 5 80210 160420
 9 113 1 75 1 68 1 9 503615 1007230
 10 67 1 66 1 49 1 9 140708 281416
 11 65 0 30 1 21 1 7 36289 72578
 12 110 0 63 0 29 1 14 128414 256828
 13 75 0 60 0 27 1 9 104504 209008
 14 95 0 71 1 40 1 5 192104 384208
 15 92 1 74 1 67 1 6 328797 657594
 65 2508905
 587 233 220 20296915 273977966
 15
 1 55 0 50 1 26 1 6 55118 110236
 2 48 1 42 1 37 1 8 46044 92088
 3 47 1 34 1 26 1 9 35719 71438
 4 104 0 74 1 50 1 8 319935 639870
 5 83 0 70 1 40 1 13 164865 329730
 6 53 1 52 1 38 1 12 84435 168870
 7 108 0 69 1 49 1 15 310897 621794
 8 78 1 73 1 72 1 8 283101 566202
 9 77 0 62 0 24 1 13 79633 159266
 10 74 0 34 1 21 1 12 45752 91504
 11 49 1 38 1 37 1 7 43234 86468
 12 79 1 50 1 40 1 14 142012 284024
 13 75 0 44 1 35 1 9 94058 188116
 14 98 1 69 1 57 1 14 271526 543052
 15 72 0 62 1 36 1 8 127223 254446
 66 2509005
 587 233 220 21724379 234623225
 15
 1 87 0 45 1 32 1 16 105277 210554
 2 84 1 63 1 46 1 9 151491 302982
 3 84 1 67 1 44 1 5 212011 424022
 4 76 0 55 1 30 1 5 105180 210360
 5 87 1 78 1 61 1 7 314257 628514
 6 115 0 77 1 53 1 6 294767 589534
 7 78 1 72 1 51 1 12 195001 390002
 8 93 1 91 1 62 1 7 351101 702202
 9 48 1 41 1 40 1 6 52881 105762
 10 92 1 82 1 53 1 7 249230 498460
 11 102 1 69 1 54 1 4 341418 682836
 12 80 0 52 1 34 1 9 109494 218988
 13 90 1 71 1 60 1 5 259165 518330
 14 66 1 43 1 42 1 9 105729 211458
 15 73 1 58 1 52 1 9 168445 336890
 67 2509105
 587 233 220 19230676 263014496
 15
 1 119 0 41 1 38 1 9 123196 246392
 2 90 0 44 1 35 1 9 103904 207808
 3 67 0 55 0 27 1 6 78312 156624
 4 71 1 47 1 36 1 5 75471 150942
 5 90 1 55 1 51 1 10 210890 421780
 6 87 0 68 1 40 1 10 183985 367970
 7 87 0 53 1 36 1 9 127409 254818
 8 113 0 47 1 34 1 13 155132 310264
 9 97 0 56 1 35 1 10 117265 234530
 10 90 0 60 0 25 1 11 94514 189028
 11 88 1 75 1 70 1 11 280853 561706
 12 111 0 64 1 51 1 12 304159 608318
 13 105 0 77 0 31 1 10 191232 382464
 14 91 0 33 1 29 1 13 58516 117032
 15 53 1 34 1 31 1 12 35216 70432
 68 2509205
 587 233 220 26691599 326775937
 15
 1 60 1 44 1 36 1 6 79190 158380
 2 76 1 42 1 40 1 6 94295 188590
 3 65 1 49 1 48 1 5 127571 255142
 4 109 0 92 1 51 1 6 429206 858412
 5 93 0 42 1 31 1 8 77992 155984
 6 83 1 64 1 59 1 7 274020 548040
 7 96 1 90 1 55 1 8 321049 642098
 8 52 1 42 1 31 1 6 43186 86372
 9 98 1 72 1 61 1 5 275182 550364
 10 118 0 98 1 57 1 9 500582 1001164
 11 48 1 31 1 25 1 9 24700 49400
 12 75 1 67 1 50 1 9 161719 323438
 13 120 0 66 0 32 1 7 193822 387644
 14 91 1 76 1 65 1 4 270174 540348
 15 102 0 71 1 49 1 8 269696 539392
 69 2509305
 587 233 220 25608751 480585756
 15
 1 91 0 50 1 32 1 11 88634 177268
 2 118 0 66 1 40 1 19 243941 487882
 3 75 0 69 0 32 1 8 115747 231494
 4 81 0 73 0 32 1 9 114484 228968
 5 97 0 69 0 33 1 15 165961 331922
 6 97 0 31 1 27 1 10 56478 112956
 7 57 1 54 1 29 1 13 67875 135750
 8 77 1 71 1 62 1 10 210372 420744
 9 116 0 84 0 27 1 9 165210 330420
 10 85 0 30 1 29 1 9 62404 124808
 11 112 0 51 1 41 1 11 207372 414744
 12 87 0 81 0 23 1 11 138539 277078
 13 49 1 44 1 26 1 13 41396 82792
 14 63 1 59 1 38 1 9 107312 214624
 15 82 0 44 1 33 1 10 90764 181528
 70 2509405
 587 233 220 20277483 371041324
 15
 1 56 0 32 1 28 1 6 42797 85594
 2 92 0 68 1 39 1 6 195542 391084
 3 90 0 86 0 29 1 9 185742 371484
 4 73 1 54 1 52 1 4 180734 361468
 5 114 0 100 0 45 1 9 357210 714420
 6 94 0 51 1 36 1 9 116524 233048
 7 108 0 59 1 38 1 9 183362 366724
 8 89 1 82 1 61 1 9 391454 782908
 9 81 1 71 1 43 1 11 217329 434658
 10 61 1 53 1 37 1 5 75348 150696
 11 85 1 70 1 58 1 8 236151 472302
 12 111 0 98 0 39 1 4 341998 683996
 13 66 1 62 1 59 1 6 190731 381462
 14 117 0 87 1 49 1 6 336770 673540
 15 70 1 62 1 40 1 5 114135 228270
 71 2509505
 587 233 220 19303235 293760391
 15
 1 99 1 64 1 62 1 15 296857 593714
 2 110 0 43 1 37 1 10 113852 227704
 3 96 1 73 1 50 1 12 236279 472558
 4 114 0 53 1 35 1 5 184913 369826
 5 105 0 27 1 22 1 5 43175 86350
 6 75 1 66 1 51 1 8 156285 312570
 7 72 1 61 1 48 1 6 154212 308424
 8 102 0 46 1 32 1 13 97946 195892
 9 59 1 57 1 45 1 5 117644 235288
 10 111 0 45 1 33 1 12 136886 273772
 11 90 1 74 1 58 1 14 277106 554212
 12 55 1 51 1 34 1 5 71931 143862
 13 98 0 73 0 21 1 9 90498 180996
 14 85 0 61 1 35 1 6 156058 312116
 15 41 1 35 1 31 1 12 39299 78598
 72 2509605
 587 233 220 19085650 289633665
 15
 1 96 1 95 1 68 1 10 537724 1075448
 2 69 1 61 1 35 1 3 130263 260526
 3 107 1 70 1 55 1 7 267890 535780
 4 92 0 85 0 34 1 5 214258 428516
 5 96 0 60 1 31 1 7 154128 308256
 6 66 1 38 1 38 1 9 68007 136014
 7 63 1 57 1 36 1 8 83248 166496
 8 51 1 31 1 31 1 7 34384 68768
 9 100 0 75 1 44 1 15 234303 468606
 10 78 1 66 1 53 1 12 201116 402232
 11 33 1 32 1 29 1 8 26372 52744
 12 81 1 72 1 45 1 11 232730 465460
 13 88 0 57 1 38 1 9 152872 305744
 14 52 0 34 1 21 1 12 28784 57568
 15 112 0 69 0 31 1 9 170549 341098
 73 2509705
 587 233 220 26251277 285722459
 15
 1 90 0 73 1 37 1 6 179832 359664
 2 102 0 95 0 33 1 10 267584 535168
 3 117 0 38 1 30 1 8 102115 204230
 4 75 1 73 1 57 1 10 205741 411482
 5 86 0 36 1 34 1 6 68308 136616
 6 101 1 81 1 62 1 8 415188 830376
 7 90 1 66 1 65 1 8 248894 497788
 8 76 1 69 1 51 1 6 218708 437416
 9 65 0 30 1 30 1 11 52464 104928
 10 61 1 46 1 37 1 6 92355 184710
 11 96 0 52 1 45 1 9 182220 364440
 12 112 0 57 0 27 1 8 141169 282338
 13 103 1 93 1 54 1 4 434210 868420
 14 110 1 84 1 68 1 7 420272 840544
 15 92 0 30 1 27 1 7 63838 127676
 74 2509805
 587 233 220 22705865 299626375
 15
 1 86 1 79 1 69 1 7 353721 707442
 2 53 1 46 1 31 1 4 57783 115566
 3 96 0 51 1 37 1 8 122788 245576
 4 119 0 55 1 54 1 8 290707 581414
 5 77 0 74 0 37 1 9 182193 364386
 6 96 0 73 0 24 1 6 131424 262848
 7 75 1 67 1 54 1 5 200728 401456
 8 88 1 71 1 61 1 4 271596 543192
 9 120 0 93 0 46 1 5 433860 867720
 10 104 1 70 1 69 1 9 449237 898474
 11 72 1 69 1 61 1 5 232789 465578
 12 68 1 51 1 43 1 6 112121 224242
 13 118 0 71 1 53 1 8 326826 653652
 14 78 1 57 1 54 1 9 174730 349460
 15 72 0 67 0 22 1 7 75978 151956
 75 2509905
 587 233 220 22741636 412606243
 15
 1 101 0 81 0 24 1 7 154719 309438
 2 94 0 72 0 29 1 7 155593 311186
 3 79 1 72 1 47 1 8 184612 369224
 4 90 0 36 1 35 1 8 88235 176470
 5 68 1 51 1 40 1 13 86994 173988
 6 48 1 45 1 35 1 11 52659 105318
 7 108 1 84 1 69 1 9 449575 899150
 8 91 0 45 1 31 1 4 107925 215850
 9 84 1 80 1 62 1 15 291119 582238
 10 77 1 71 1 41 1 3 156199 312398
 11 91 0 78 1 42 1 6 182131 364262
 12 82 1 80 1 60 1 12 309470 618940
 13 89 0 42 1 26 1 5 77520 155040
 14 45 1 41 1 30 1 4 41270 82540
 15 79 0 51 1 29 1 11 101857 203714
 76 2510005
 587 233 220 25920872 363074642
 15
 1 77 0 42 1 30 1 11 77565 155130
 2 98 0 45 1 28 1 5 95209 190418
 3 61 1 58 1 32 1 6 101758 203516
 4 92 1 77 1 61 1 7 332390 664780
 5 58 0 44 1 27 1 11 48072 96144
 6 108 0 72 1 50 1 8 275496 550992
 7 93 1 72 1 71 1 6 308985 617970
 8 111 0 49 1 30 1 6 129935 259870
 9 79 1 66 1 49 1 14 202912 405824
 10 85 0 74 1 39 1 11 216856 433712
 11 106 0 34 1 33 1 9 79344 158688
 12 113 1 91 1 76 1 8 525549 1051098
 13 57 1 49 1 43 1 4 79144 158288
 14 103 0 80 0 27 1 7 176630 353260
 15 74 0 66 0 31 1 9 109969 219938
 77 2510105
 587 233 220 26056639 344441715
 15
 1 73 0 73 0 36 1 11 167412 334824
 2 87 0 49 1 26 1 12 69954 139908
 3 68 1 53 1 44 1 7 142061 284122
 4 73 0 57 1 33 1 10 102719 205438
 5 65 1 49 1 47 1 19 95900 191800
 6 80 0 65 1 35 1 10 124436 248872
 7 72 0 35 1 26 1 10 42608 85216
 8 75 1 68 1 40 1 7 168415 336830
 9 104 0 53 1 34 1 18 123427 246854
 10 97 0 93 0 45 1 9 350813 701626
 11 79 1 54 1 49 1 17 171476 342952
 12 52 1 32 1 27 1 7 28757 57514
 13 84 1 72 1 59 1 12 295704 591408
 14 74 1 71 1 53 1 5 213302 426604
 15 102 0 70 0 27 1 4 152930 305860
 78 2510205
 587 233 220 23118593 329958349
 15
 1 105 0 68 1 42 1 9 216518 433036
 2 75 0 37 1 24 1 12 46740 93480
 3 79 0 73 0 26 1 12 117001 234002
 4 95 0 53 1 38 1 13 128980 257960
 5 50 1 41 1 40 1 11 60773 121546
 6 80 1 59 1 52 1 9 206184 412368
 7 90 0 74 0 35 1 5 150517 301034
 8 87 1 60 1 60 1 9 279070 558140
 9 68 1 50 1 39 1 12 112742 225484
 10 78 0 64 0 25 1 10 104364 208728
 11 73 1 65 1 52 1 10 158553 317106
 12 83 0 48 1 38 1 9 94151 188302
 13 87 1 76 1 44 1 12 257346 514692
 14 60 0 38 1 26 1 9 37407 74814
 15 82 1 65 1 64 1 13 223321 446642
 79 2510305
 587 233 220 24758941 256278650
 15
 1 64 1 48 1 46 1 10 111350 222700
 2 79 0 25 1 22 1 15 38574 77148
 3 89 0 85 0 33 1 16 204383 408766
 4 79 0 66 1 34 1 10 149343 298686
 5 79 0 54 1 31 1 15 98524 197048
 6 115 0 95 0 22 1 10 152834 305668
 7 76 1 54 1 44 1 7 154495 308990
 8 80 0 44 1 29 1 17 71866 143732
 9 66 0 33 1 26 1 8 38358 76716
 10 50 1 32 1 32 1 7 31706 63412
 11 116 0 93 0 21 1 9 166259 332518
 12 113 0 64 1 50 1 9 321669 643338
 13 101 0 80 0 31 1 13 214895 429790
 14 96 0 76 1 46 1 14 240137 480274
 15 61 0 61 0 26 1 8 79875 159750
 80 2510405
 587 233 220 20600495 388868763
 15
 1 78 1 59 1 54 1 10 192115 384230
 2 120 0 52 0 20 1 13 81588 163176
 3 100 1 67 1 54 1 9 267747 535494
 4 91 0 59 1 37 1 8 161961 323922
 5 112 0 57 1 56 1 8 275146 550292
 6 88 0 46 1 34 1 18 83867 167734
 7 108 0 78 1 53 1 12 343948 687896
 8 100 0 48 1 29 1 11 106848 213696
 9 89 0 88 0 21 1 14 146235 292470
 10 90 0 40 1 21 1 15 62698 125396
 11 89 0 37 1 36 1 6 96786 193572
 12 62 0 53 0 20 1 7 47222 94444
 13 116 0 48 1 40 1 8 153998 307996
 14 64 0 49 1 32 1 10 67963 135926
 15 63 1 56 1 41 1 9 123176 246352
 81 2510505
 587 233 220 19402093 360444154
 15
 1 110 0 60 1 55 1 4 246547 493094
 2 80 1 78 1 71 1 7 370525 741050
 3 110 0 75 1 50 1 4 366784 733568
 4 100 0 72 1 40 1 6 202526 405052
 5 103 0 60 1 32 1 8 166842 333684
 6 70 1 60 1 49 1 5 131430 262860
 7 80 1 72 1 62 1 5 215478 430956
 8 120 1 74 1 67 1 9 416938 833876
 9 75 0 52 1 37 1 9 87352 174704
 10 57 1 54 1 48 1 6 97313 194626
 11 62 1 55 1 53 1 3 112748 225496
 12 83 0 73 0 36 1 6 152690 305380
 13 75 1 64 1 40 1 4 155165 310330
 14 98 0 80 0 31 1 9 204610 409220
 15 112 0 100 1 52 1 9 417921 835842
 82 2510605
 587 233 220 24831213 309563652
 15
 1 65 1 51 1 50 1 7 121273 242546
 2 113 0 78 0 28 1 10 194028 388056
 3 120 0 35 1 32 1 10 104149 208298
 4 71 0 53 0 20 1 9 54468 108936
 5 94 1 70 1 64 1 8 375491 750982
 6 64 0 33 1 32 1 9 52704 105408
 7 71 0 35 1 21 1 11 31508 63016
 8 85 1 59 1 49 1 8 184919 369838
 9 108 0 62 1 53 1 9 268590 537180
 10 116 0 56 0 25 1 8 141329 282658
 11 75 0 69 1 35 1 11 111968 223936
 12 114 0 85 1 53 1 10 419721 839442
 13 55 0 35 1 20 1 11 34419 68838
 14 89 1 72 1 66 1 4 295832 591664
 15 92 1 62 1 47 1 14 192744 385488
 83 2510705
 587 233 220 18402428 308733344
 15
 1 83 1 71 1 46 1 13 228274 456548
 2 76 1 63 1 54 1 11 202298 404596
 3 91 0 56 1 40 1 9 128950 257900
 4 61 1 42 1 34 1 9 61675 123350
 5 84 1 67 1 47 1 5 187449 374898
 6 95 1 79 1 57 1 9 278730 557460
 7 90 0 80 0 23 1 10 123431 246862
 8 69 0 43 1 28 1 7 63458 126916
 9 72 1 69 1 48 1 7 159140 318280
 10 83 1 64 1 58 1 11 237467 474934
 11 99 0 94 0 24 1 6 174085 348170
 12 96 1 69 1 53 1 7 311539 623078
 13 71 1 70 1 36 1 9 118252 236504
 14 57 1 52 1 45 1 11 117087 234174
 15 99 0 71 1 43 1 5 228436 456872
 84 2510805
 587 233 220 18911571 206417300
 15
 1 114 0 77 1 42 1 8 254418 508836
 2 105 1 81 1 74 1 12 555137 1110274
 3 76 1 73 1 50 1 8 200342 400684
 4 104 0 91 0 41 1 11 324204 648408
 5 75 0 70 0 23 1 9 77162 154324
 6 93 0 67 0 20 1 11 93794 187588
 7 89 0 54 0 25 1 10 74285 148570
 8 89 0 46 1 28 1 10 93176 186352
 9 36 1 35 1 24 1 11 26445 52890
 10 72 0 50 1 29 1 5 85979 171958
 11 72 1 41 1 38 1 9 79021 158042
 12 84 0 32 1 24 1 7 43660 87320
 13 85 0 53 1 31 1 9 111668 223336
 14 115 0 94 0 38 1 9 310310 620620
 15 60 1 51 1 38 1 8 87617 175234
 85 2510905
 587 233 220 21300505 349859955
 15
 1 55 0 37 1 22 1 10 38258 76516
 2 72 0 55 1 31 1 12 98616 197232
 3 61 1 56 1 36 1 6 91920 183840
 4 76 0 72 0 22 1 7 83869 167738
 5 74 1 66 1 61 1 10 234853 469706
 6 43 1 39 1 32 1 9 42119 84238
 7 108 0 98 0 27 1 10 228602 457204
 8 109 1 73 1 65 1 8 432926 865852
 9 97 0 92 0 40 1 8 284571 569142
 10 109 1 80 1 62 1 9 365331 730662
 11 57 1 57 1 45 1 6 119162 238324
 12 114 0 43 1 41 1 8 135302 270604
 13 100 1 69 1 67 1 8 283359 566718
 14 82 0 68 0 24 1 7 107918 215836
 15 97 0 34 1 31 1 10 89791 179582
 86 2511005
 587 233 220 23813428 342787853
 15
 1 87 0 33 1 28 1 9 69757 139514
 2 97 1 70 1 57 1 11 232759 465518
 3 71 1 57 1 38 1 11 119660 239320
 4 63 1 53 1 47 1 8 112538 225076
 5 77 0 56 1 37 1 13 98688 197376
 6 102 0 67 1 47 1 7 264429 528858
 7 72 0 31 1 29 1 10 52194 104388
 8 84 0 58 1 38 1 11 116408 232816
 9 84 1 57 1 56 1 5 227166 454332
 10 88 0 76 0 33 1 9 177028 354056
 11 109 1 76 1 73 1 12 460102 920204
 12 57 1 55 1 54 1 9 124835 249670
 13 115 0 26 1 25 1 8 48977 97954
 14 71 1 50 1 41 1 7 111834 223668
 15 102 0 59 0 29 1 8 151117 302234
 87 2511105
 587 233 220 24913498 412262960
 15
 1 119 0 34 1 28 1 8 74208 148416
 2 84 1 69 1 48 1 8 169261 338522
 3 97 1 82 1 78 1 9 451553 903106
 4 109 0 43 1 33 1 10 129961 259922
 5 80 1 75 1 47 1 11 244118 488236
 6 74 0 62 0 30 1 7 110857 221714
 7 40 1 35 1 31 1 5 31544 63088
 8 58 0 43 1 26 1 7 53186 106372
 9 111 1 73 1 71 1 8 475346 950692
 10 95 0 66 1 43 1 5 169526 339052
 11 96 0 82 0 28 1 10 166592 333184
 12 84 1 73 1 66 1 2 285902 571804
 13 62 1 42 1 38 1 6 85595 171190
 14 108 1 91 1 58 1 8 455523 911046
 15 96 0 81 0 25 1 4 166305 332610
 88 2511205
 587 233 220 20110507 301721992
 15
 1 100 0 60 1 40 1 8 214742 429484
 2 89 0 67 1 34 1 7 168516 337032
 3 92 0 80 0 38 1 15 241075 482150
 4 90 0 81 0 24 1 11 122151 244302
 5 84 0 52 1 38 1 12 116018 232036
 6 77 1 54 1 46 1 11 140378 280756
 7 90 0 49 1 33 1 15 89899 179798
 8 78 0 45 1 27 1 10 72985 145970
 9 76 0 57 0 28 1 7 88022 176044
 10 102 0 38 1 27 1 10 82595 165190
 11 55 1 45 1 39 1 18 70632 141264
 12 115 0 78 0 29 1 8 159326 318652
 13 98 1 58 1 53 1 9 244404 488808
 14 75 1 64 1 44 1 20 155493 310986
 15 61 0 57 0 20 1 10 56307 112614
 89 2511305
 587 233 220 20394314 273425260
 15
 1 95 0 92 0 46 1 4 340396 680792
 2 65 1 60 1 40 1 7 95505 191010
 3 103 1 62 1 59 1 9 318072 636144
 4 71 1 65 1 52 1 8 149872 299744
 5 119 0 87 0 28 1 6 258206 516412
 6 109 1 92 1 78 1 7 562448 1124896
 7 58 1 54 1 35 1 3 81006 162012
 8 98 1 73 1 64 1 10 318282 636564
 9 44 1 44 1 40 1 12 56892 113784
 10 70 0 69 1 35 1 6 145167 290334
 11 119 0 61 1 58 1 7 334108 668216
 12 89 1 55 1 45 1 4 137990 275980
 13 75 1 68 1 58 1 8 214916 429832
 14 43 1 37 1 30 1 5 33443 66886
 15 95 0 77 1 41 1 4 215247 430494
 90 2511405
 587 233 220 20911565 373766431
 15
 1 91 0 52 1 33 1 7 133898 267796
 2 87 1 81 1 63 1 5 274000 548000
 3 113 0 79 1 45 1 8 313363 626726
 4 114 0 52 1 45 1 8 210242 420484
 5 110 1 90 1 66 1 6 524309 1048618
 6 81 0 41 1 31 1 2 85238 170476
 7 108 0 67 1 37 1 3 187044 374088
 8 118 0 82 1 57 1 8 350932 701864
 9 96 0 60 0 30 1 7 142754 285508
 10 43 1 42 1 36 1 6 47039 94078
 11 93 1 78 1 77 1 6 368840 737680
 12 85 0 62 0 25 1 9 94187 188374
 13 93 0 83 0 30 1 1 151470 302940
 14 101 1 87 1 77 1 7 565941 1131882
 15 112 0 72 1 56 1 2 392068 784136
 91 2511505
 587 233 220 24271171 394470300
 15
 1 86 1 65 1 57 1 6 197756 395512
 2 61 1 37 1 32 1 8 48859 97718
 3 39 1 33 1 27 1 8 21268 42536
 4 85 0 33 1 26 1 8 61987 123974
 5 101 0 94 0 42 1 6 323190 646380
 6 65 1 53 1 46 1 3 139717 279434
 7 76 1 72 1 39 1 6 191502 383004
 8 47 1 42 1 25 1 9 42851 85702
 9 93 1 76 1 60 1 8 323226 646452
 10 95 1 74 1 51 1 11 293959 587918
 11 97 0 66 0 32 1 12 182965 365930
 12 116 0 78 0 37 1 6 265076 530152
 13 98 0 53 1 47 1 14 199200 398400
 14 68 1 63 1 60 1 11 199459 398918
 15 93 1 91 1 68 1 7 402453 804906
 92 2511605
 587 233 220 22093438 259641045
 15
 1 96 1 82 1 63 1 7 312951 625902
 2 74 1 63 1 59 1 7 220676 441352
 3 86 0 60 1 43 1 10 171579 343158
 4 90 1 67 1 57 1 8 246528 493056
 5 97 1 91 1 80 1 6 516124 1032248
 6 116 0 61 0 28 1 8 141009 282018
 7 86 0 41 1 35 1 12 103199 206398
 8 67 0 44 1 26 1 5 67839 135678
 9 115 0 79 0 31 1 9 231854 463708
 10 62 1 59 1 46 1 9 118324 236648
 11 49 1 41 1 39 1 4 62656 125312
 12 55 1 48 1 33 1 8 59349 118698
 13 113 1 89 1 63 1 8 565015 1130030
 14 49 1 36 1 33 1 7 45635 91270
 15 71 1 63 1 54 1 6 192385 384770
 93 2511705
 587 233 220 25068106 435497771
 15
 1 78 0 69 1 37 1 5 141444 282888
 2 115 1 90 1 58 1 9 463368 926736
 3 68 0 53 0 20 1 5 64019 128038
 4 119 0 71 1 47 1 5 310940 621880
 5 100 1 82 1 57 1 5 415705 831410
 6 88 1 76 1 52 1 7 244837 489674
 7 95 0 90 0 43 1 4 283739 567478
 8 87 1 72 1 62 1 5 326959 653918
 9 80 1 66 1 47 1 5 198630 397260
 10 120 1 78 1 67 1 5 475558 951116
 11 103 1 65 1 60 1 6 289369 578738
 12 86 1 60 1 50 1 9 208644 417288
 13 80 0 49 1 37 1 5 122994 245988
 14 94 0 83 0 36 1 6 194436 388872
 15 92 1 59 1 51 1 5 171863 343726
 94 2511805
 587 233 220 25442389 302813821
 15
 1 75 1 73 1 69 1 9 266267 532534
 2 66 1 56 1 40 1 8 102227 204454
 3 64 1 51 1 41 1 13 112395 224790
 4 90 0 52 1 28 1 9 96477 192954
 5 73 0 33 1 28 1 14 49404 98808
 6 91 1 76 1 60 1 11 253686 507372
 7 54 1 45 1 28 1 13 44550 89100
 8 107 1 81 1 56 1 7 392916 785832
 9 63 1 53 1 44 1 11 121622 243244
 10 88 1 75 1 50 1 9 215557 431114
 11 79 0 76 0 20 1 5 82197 164394
 12 116 1 71 1 66 1 9 339991 679982
 13 84 0 52 1 35 1 11 124431 248862
 14 61 0 56 0 22 1 5 53781 107562
 15 54 1 53 1 31 1 4 57544 115088
 95 2511905
 587 233 220 25630639 302851169
 15
 1 101 0 69 0 20 1 9 96246 192492
 2 108 0 66 1 54 1 9 312710 625420
 3 74 0 62 1 33 1 11 104387 208774
 4 69 0 61 1 33 1 12 97505 195010
 5 71 0 64 0 31 1 8 125949 251898
 6 38 1 32 1 30 1 14 28193 56386
 7 108 0 47 1 37 1 12 142915 285830
 8 100 0 41 1 36 1 9 98578 197156
 9 99 0 79 0 39 1 10 262509 525018
 10 83 0 55 0 22 1 9 76427 152854
 11 99 0 49 1 36 1 9 108664 217328
 12 83 0 56 0 22 1 11 88004 176008
 13 66 1 52 1 44 1 6 128152 256304
 14 120 0 69 0 29 1 12 163990 327980
 15 101 0 90 1 50 1 14 328659 657318
 96 2512005
 587 233 220 21468312 308671275
 15
 1 64 0 42 1 26 1 10 49408 98816
 2 92 1 58 1 52 1 10 187355 374710
 3 92 0 85 0 21 1 10 132155 264310
 4 90 0 49 1 33 1 5 90998 181996
 5 54 1 48 1 34 1 9 72814 145628
 6 95 0 62 1 45 1 12 168878 337756
 7 72 1 49 1 46 1 6 102266 204532
 8 56 0 42 1 25 1 3 42690 85380
 9 64 0 34 1 26 1 8 46491 92982
 10 113 0 90 1 54 1 6 357013 714026
 11 113 0 52 1 42 1 8 170509 341018
 12 94 0 86 0 38 1 13 192602 385204
 13 81 1 80 1 68 1 5 275570 551140
 14 87 1 79 1 55 1 12 307534 615068
 15 81 1 52 1 45 1 14 151726 303452
 97 2512105
 587 233 220 18943242 248398397
 15
 1 74 0 60 1 32 1 10 96176 192352
 2 100 0 50 1 43 1 8 167965 335930
 3 95 0 74 1 42 1 11 204108 408216
 4 95 0 70 0 30 1 8 163345 326690
 5 45 1 37 1 24 1 11 33859 67718
 6 67 0 60 0 25 1 8 75600 151200
 7 55 1 51 1 35 1 11 80642 161284
 8 76 1 71 1 61 1 10 253953 507906
 9 119 0 88 1 51 1 8 456390 912780
 10 98 0 81 0 26 1 7 180844 361688
 11 86 1 69 1 61 1 13 255793 511586
 12 117 0 54 1 30 1 10 142491 284982
 13 96 0 40 1 24 1 8 61048 122096
 14 54 1 52 1 41 1 8 76844 153688
 15 89 0 61 1 41 1 10 152306 304612
 98 2512205
 587 233 220 19492379 251883024
 15
 1 106 0 55 1 38 1 11 186872 373744
 2 69 1 50 1 48 1 18 111500 223000
 3 106 1 63 1 57 1 7 304476 608952
 4 71 1 66 1 51 1 14 187191 374382
 5 62 1 41 1 36 1 10 60699 121398
 6 75 1 49 1 39 1 12 97764 195528
 7 90 1 64 1 53 1 7 236538 473076
 8 96 1 79 1 55 1 9 342417 684834
 9 83 1 75 1 67 1 7 321316 642632
 10 58 1 48 1 30 1 10 69742 139484
 11 81 0 59 0 24 1 8 95814 191628
 12 71 1 56 1 41 1 11 132504 265008
 13 111 0 76 1 40 1 7 208516 417032
 14 113 0 27 1 26 1 7 62386 124772
 15 50 1 41 1 36 1 9 49290 98580
 99 2512305
 587 233 220 20348009 375138516
 15
 1 51 1 46 1 44 1 14 84796 169592
 2 95 0 92 1 47 1 14 260274 520548
 3 116 0 39 1 23 1 7 90339 180678
 4 51 1 37 1 32 1 7 40981 81962
 5 117 0 44 1 38 1 8 119230 238460
 6 103 1 89 1 73 1 7 404677 809354
 7 73 1 55 1 54 1 6 176660 353320
 8 116 0 98 0 40 1 9 326690 653380
 9 62 0 48 0 22 1 8 51771 103542
 10 106 0 38 1 30 1 7 104556 209112
 11 100 0 40 1 32 1 7 94074 188148
 12 87 0 53 0 26 1 5 96757 193514
 13 57 1 35 1 35 1 4 55006 110012
 14 80 1 75 1 75 1 11 364945 729890
 15 111 0 88 0 32 1 6 267062 534124
 100 2512405
 587 233 220 25600462 256067663
 15
 1 78 1 49 1 47 1 7 119819 239638
 2 46 1 45 1 43 1 7 77397 154794
 3 98 0 44 1 36 1 9 97755 195510
 4 100 0 89 0 31 1 8 233390 466780
 5 108 0 76 1 47 1 7 258252 516504
 6 75 0 36 1 28 1 5 55934 111868
 7 108 1 82 1 56 1 14 373163 746326
 8 45 1 41 1 24 1 16 32633 65266
 9 103 0 48 1 38 1 9 139435 278870
 10 74 1 62 1 46 1 13 146995 293990
 11 96 0 56 1 44 1 9 152726 305452
 12 117 0 64 1 42 1 10 209022 418044
 13 73 1 71 1 50 1 6 169344 338688
 14 61 1 48 1 47 1 6 111718 223436
 15 91 0 49 1 27 1 13 85024 170048
