100
 1 2502505
 587 233 220 22133199 400460808
 20
 1 108 0 76 0 30 1 10 161102 322204
 2 110 0 43 1 25 1 6 78971 157942
 3 92 1 81 1 55 1 5 291397 582794
 4 81 0 33 1 28 1 5 54246 108492
 5 120 1 99 1 73 1 6 618646 1237292
 6 111 0 70 1 48 1 4 240947 481894
 7 98 0 72 1 46 1 7 229135 458270
 8 95 0 66 0 31 1 6 120821 241642
 9 85 0 84 0 30 1 5 171025 342050
 10 71 0 32 1 25 1 5 50137 100274
 11 36 1 34 1 25 1 4 21800 43600
 12 97 1 67 1 62 1 8 306082 612164
 13 33 1 25 1 23 1 2 12725 25450
 14 95 0 27 1 26 1 5 54385 108770
 15 94 0 81 1 44 1 8 235350 470700
 16 41 1 39 1 38 1 4 53587 107174
 17 104 1 74 1 65 1 4 432373 864746
 18 52 1 41 1 36 1 4 54545 109090
 19 104 0 78 0 34 1 6 216822 433644
 20 83 1 77 1 46 1 6 179447 358894
 2 2502605
 587 233 220 26339039 300181665
 20
 1 49 0 25 1 21 1 10 17265 34530
 2 60 1 51 1 41 1 7 77276 154552
 3 103 1 76 1 64 1 6 373428 746856
 4 95 1 70 1 62 1 6 271037 542074
 5 111 0 49 1 26 1 1 120221 240442
 6 85 1 84 1 72 1 9 456985 913970
 7 48 1 36 1 31 1 7 38772 77544
 8 86 0 76 0 38 1 7 211587 423174
 9 71 1 48 1 47 1 7 99130 198260
 10 90 0 43 1 33 1 7 84622 169244
 11 98 0 52 1 44 1 7 157415 314830
 12 73 0 37 1 23 1 6 47754 95508
 13 61 1 48 1 39 1 8 95007 190014
 14 75 1 75 1 63 1 6 235703 471406
 15 74 1 42 1 40 1 6 111053 222106
 16 98 0 88 0 26 1 3 191347 382694
 17 97 0 69 1 41 1 11 229365 458730
 18 89 1 77 1 46 1 6 252174 504348
 19 73 1 64 1 55 1 5 193187 386374
 20 84 1 69 1 66 1 4 319227 638454
 3 2502705
 587 233 220 25683624 408191288
 20
 1 97 0 81 0 27 1 4 178580 357160
 2 102 0 78 0 39 1 4 237052 474104
 3 113 0 46 1 36 1 10 144039 288078
 4 66 1 50 1 42 1 7 109783 219566
 5 101 0 30 1 26 1 6 62804 125608
 6 100 0 56 1 35 1 6 175024 350048
 7 91 0 50 1 40 1 4 148083 296166
 8 106 1 61 1 56 1 4 314080 628160
 9 103 1 63 1 58 1 9 332752 665504
 10 75 1 57 1 41 1 7 142773 285546
 11 71 1 68 1 64 1 5 190570 381140
 12 85 0 67 1 39 1 7 136792 273584
 13 97 1 63 1 56 1 7 293624 587248
 14 61 0 48 1 30 1 5 67211 134422
 15 80 0 54 1 35 1 5 91949 183898
 16 73 1 66 1 62 1 12 244037 488074
 17 90 1 74 1 69 1 8 337101 674202
 18 118 0 61 1 40 1 4 221016 442032
 19 94 0 43 1 31 1 4 100223 200446
 20 90 0 49 1 30 1 8 115509 231018
 4 2502805
 587 233 220 23787425 411208597
 20
 1 113 0 92 0 33 1 7 299955 599910
 2 52 1 37 1 28 1 6 42644 85288
 3 57 1 33 1 29 1 8 48043 96086
 4 99 0 37 1 30 1 5 90374 180748
 5 92 0 64 1 33 1 11 159134 318268
 6 119 0 59 1 39 1 4 188111 376222
 7 54 1 52 1 49 1 16 107240 214480
 8 75 0 45 1 35 1 4 93351 186702
 9 79 1 68 1 44 1 6 196881 393762
 10 116 0 49 1 47 1 5 206477 412954
 11 83 0 44 1 23 1 7 73954 147908
 12 98 1 96 1 56 1 9 466096 932192
 13 78 1 72 1 57 1 4 216209 432418
 14 98 0 88 1 47 1 9 274096 548192
 15 41 1 33 1 31 1 13 32746 65492
 16 59 1 35 1 34 1 6 45525 91050
 17 83 0 78 0 37 1 4 183730 367460
 18 68 0 34 1 33 1 8 67680 135360
 19 103 0 69 1 49 1 8 302959 605918
 20 97 0 53 1 32 1 13 140383 280766
 5 2502905
 587 233 220 23482246 386757165
 20
 1 88 0 54 1 39 1 6 161426 322852
 2 94 0 54 1 36 1 4 163901 327802
 3 87 0 77 1 43 1 5 237416 474832
 4 100 1 80 1 72 1 7 401608 803216
 5 83 0 40 1 36 1 7 101866 203732
 6 91 0 54 0 22 1 10 70863 141726
 7 109 0 58 1 54 1 10 217798 435596
 8 94 0 55 1 30 1 10 129111 258222
 9 34 1 32 1 31 1 12 28461 56922
 10 83 1 80 1 57 1 5 310627 621254
 11 108 0 40 1 26 1 8 76072 152144
 12 72 0 37 1 32 1 3 75355 150710
 13 93 0 93 0 28 1 4 187688 375376
 14 71 0 56 1 33 1 5 112728 225456
 15 104 0 78 0 26 1 5 186759 373518
 16 94 0 85 1 44 1 3 284818 569636
 17 82 1 75 1 65 1 11 341453 682906
 18 109 0 81 0 28 1 3 202352 404704
 19 79 1 73 1 45 1 5 202298 404596
 20 104 1 91 1 76 1 3 576281 1152562
 6 2503005
 587 233 220 19837153 273795453
 20
 1 86 1 84 1 45 1 6 220171 440342
 2 81 0 45 1 34 1 14 77163 154326
 3 70 1 54 1 37 1 13 116393 232786
 4 71 1 61 1 52 1 7 165068 330136
 5 78 1 73 1 40 1 8 198712 397424
 6 69 1 63 1 46 1 7 133294 266588
 7 72 1 67 1 56 1 8 208343 416686
 8 75 0 75 0 36 1 9 169502 339004
 9 94 1 88 1 50 1 5 327714 655428
 10 65 1 51 1 50 1 10 112227 224454
 11 81 1 56 1 46 1 8 157211 314422
 12 68 0 44 1 27 1 7 57681 115362
 13 108 0 52 1 45 1 9 195136 390272
 14 114 0 80 1 44 1 7 263744 527488
 15 84 0 39 1 22 1 6 54639 109278
 16 62 0 58 1 30 1 6 96608 193216
 17 86 0 68 0 33 1 8 173678 347356
 18 59 0 52 0 22 1 3 59274 118548
 19 42 0 33 1 21 1 10 20769 41538
 20 110 0 74 1 38 1 5 216948 433896
 7 2503105
 587 233 220 19953663 228172532
 20
 1 118 0 79 1 51 1 6 388588 777176
 2 86 0 32 1 31 1 6 58190 116380
 3 64 1 58 1 52 1 5 124940 249880
 4 42 1 42 1 32 1 4 36426 72852
 5 64 1 55 1 43 1 6 101697 203394
 6 84 0 70 0 35 1 7 139767 279534
 7 76 0 57 1 36 1 6 140032 280064
 8 95 1 60 1 55 1 6 233583 467166
 9 80 1 66 1 52 1 8 223816 447632
 10 109 0 73 0 23 1 6 119691 239382
 11 72 1 65 1 54 1 3 199547 399094
 12 98 0 55 1 44 1 4 182378 364756
 13 88 0 61 1 31 1 5 149759 299518
 14 94 1 82 1 66 1 5 392280 784560
 15 78 1 77 1 64 1 6 286751 573502
 16 77 0 32 1 30 1 6 47454 94908
 17 91 1 61 1 61 1 5 252557 505114
 18 101 1 100 1 77 1 4 588356 1176712
 19 103 1 63 1 59 1 5 312847 625694
 20 117 0 61 1 57 1 6 362878 725756
 8 2503205
 587 233 220 23084668 269208831
 20
 1 75 1 58 1 57 1 3 181255 362510
 2 57 1 37 1 30 1 5 53207 106414
 3 79 0 74 0 35 1 4 149425 298850
 4 104 1 99 1 74 1 6 589274 1178548
 5 55 1 46 1 31 1 9 66214 132428
 6 99 0 98 0 33 1 6 249445 498890
 7 90 1 85 1 59 1 7 293791 587582
 8 115 0 74 1 44 1 4 296841 593682
 9 107 0 67 0 21 1 6 126676 253352
 10 81 1 76 1 55 1 9 268116 536232
 11 118 0 84 0 27 1 9 213576 427152
 12 67 1 60 1 38 1 6 113784 227568
 13 78 1 48 1 46 1 8 116061 232122
 14 67 1 53 1 49 1 3 152704 305408
 15 74 1 43 1 38 1 4 100321 200642
 16 89 1 81 1 62 1 5 344903 689806
 17 95 0 54 1 28 1 5 107165 214330
 18 72 1 72 1 51 1 8 172961 345922
 19 93 0 72 0 35 1 6 185932 371864
 20 40 1 33 1 23 1 6 20476 40952
 9 2503305
 587 233 220 25652170 441046687
 20
 1 90 1 70 1 63 1 3 339158 678316
 2 84 0 78 0 28 1 1 158119 316238
 3 94 0 85 0 39 1 6 273350 546700
 4 80 1 76 1 54 1 7 271517 543034
 5 69 1 50 1 45 1 6 94182 188364
 6 70 1 57 1 37 1 8 129747 259494
 7 94 1 61 1 54 1 4 267595 535190
 8 92 0 44 1 29 1 7 86719 173438
 9 72 1 53 1 37 1 4 110189 220378
 10 89 0 43 1 27 1 4 86590 173180
 11 91 0 44 1 28 1 7 87959 175918
 12 78 1 76 1 68 1 11 359874 719748
 13 84 0 61 1 33 1 7 115718 231436
 14 107 0 40 1 39 1 5 111619 223238
 15 114 1 75 1 69 1 7 424646 849292
 16 57 1 55 1 48 1 11 122638 245276
 17 99 0 57 1 47 1 4 212047 424094
 18 92 0 66 1 44 1 7 167491 334982
 19 73 1 48 1 42 1 10 109163 218326
 20 99 0 46 1 39 1 10 116571 233142
 10 2503405
 587 233 220 21127180 276594767
 20
 1 68 0 66 0 31 1 6 85535 171070
 2 120 0 34 1 26 1 4 75342 150684
 3 95 1 76 1 60 1 5 358289 716578
 4 61 1 47 1 34 1 8 85426 170852
 5 53 1 45 1 36 1 9 76535 153070
 6 80 1 52 1 42 1 5 154623 309246
 7 109 0 63 0 28 1 7 164534 329068
 8 74 0 64 1 35 1 6 103494 206988
 9 53 1 40 1 36 1 3 55022 110044
 10 102 1 96 1 59 1 8 457307 914614
 11 64 1 60 1 47 1 10 114038 228076
 12 99 0 90 0 32 1 8 180215 360430
 13 76 1 50 1 43 1 5 104621 209242
 14 90 0 75 0 25 1 6 119055 238110
 15 94 0 65 1 37 1 4 192837 385674
 16 117 0 34 1 28 1 5 92601 185202
 17 39 1 28 1 24 1 5 20409 40818
 18 92 0 60 1 42 1 9 188359 376718
 19 102 0 78 1 49 1 13 294938 589876
 20 82 1 69 1 46 1 9 178555 357110
 11 2503505
 587 233 220 25181773 383640470
 20
 1 74 1 63 1 61 1 4 238917 477834
 2 71 0 60 0 25 1 8 87521 175042
 3 106 1 80 1 59 1 7 316526 633052
 4 109 0 76 1 42 1 7 286467 572934
 5 118 0 56 0 22 1 6 104335 208670
 6 105 0 67 1 43 1 7 216433 432866
 7 72 1 65 1 37 1 4 121526 243052
 8 84 1 59 1 54 1 5 178091 356182
 9 91 0 69 0 26 1 10 123920 247840
 10 69 0 31 1 28 1 9 41007 82014
 11 76 0 67 1 37 1 8 142247 284494
 12 48 1 39 1 25 1 6 29771 59542
 13 91 1 79 1 66 1 6 376272 752544
 14 72 1 63 1 42 1 6 124440 248880
 15 74 1 74 1 60 1 10 199853 399706
 16 85 0 78 0 20 1 10 102898 205796
 17 52 1 32 1 32 1 8 35806 71612
 18 83 1 63 1 54 1 11 173730 347460
 19 71 0 32 1 26 1 4 44192 88384
 20 65 0 53 1 30 1 7 67169 134338
 12 2503605
 587 233 220 21092457 257270951
 20
 1 95 1 80 1 57 1 5 268556 537112
 2 112 0 87 0 23 1 7 174988 349976
 3 116 0 41 1 40 1 10 167853 335706
 4 98 1 80 1 56 1 5 309718 619436
 5 108 1 60 1 59 1 6 233709 467418
 6 82 1 77 1 67 1 8 264107 528214
 7 67 1 46 1 36 1 7 87917 175834
 8 104 0 72 1 44 1 12 273919 547838
 9 89 0 56 0 24 1 4 94754 189508
 10 64 1 36 1 36 1 5 52460 104920
 11 101 0 86 0 31 1 5 235607 471214
 12 69 1 65 1 37 1 9 143333 286666
 13 106 0 39 1 22 1 8 62281 124562
 14 100 0 58 1 37 1 9 159762 319524
 15 56 1 53 1 35 1 4 88702 177404
 16 66 1 53 1 51 1 7 130021 260042
 17 116 0 36 1 20 1 8 67998 135996
 18 48 1 35 1 33 1 11 36808 73616
 19 63 1 62 1 41 1 9 98162 196324
 20 59 1 53 1 48 1 7 95386 190772
 13 2503705
 587 233 220 26632493 507104325
 20
 1 52 0 36 1 25 1 12 35161 70322
 2 63 0 37 1 21 1 11 38649 77298
 3 100 0 61 1 36 1 9 189538 379076
 4 79 0 52 1 36 1 8 90088 180176
 5 99 0 63 1 36 1 9 160392 320784
 6 97 0 49 1 30 1 9 91131 182262
 7 90 1 69 1 55 1 10 285695 571390
 8 91 0 33 1 28 1 8 64863 129726
 9 111 0 76 1 41 1 4 278459 556918
 10 95 0 44 1 35 1 5 126412 252824
 11 74 0 47 1 29 1 8 83278 166556
 12 100 0 48 0 20 1 6 82084 164168
 13 75 0 38 1 30 1 8 62444 124888
 14 86 1 68 1 44 1 8 211218 422436
 15 72 0 52 1 33 1 8 92078 184156
 16 112 0 52 0 25 1 5 110110 220220
 17 109 0 48 1 40 1 7 139228 278456
 18 83 1 74 1 42 1 16 230845 461690
 19 101 0 93 0 40 1 6 268281 536562
 20 76 0 66 0 31 1 15 126205 252410
 14 2503805
 587 233 220 24915706 457120071
 20
 1 68 0 48 1 31 1 4 85317 170634
 2 104 1 80 1 63 1 10 338649 677298
 3 82 0 46 0 21 1 6 71148 142296
 4 114 1 78 1 60 1 9 406487 812974
 5 90 1 74 1 66 1 4 301533 603066
 6 112 0 54 1 36 1 3 191085 382170
 7 71 1 64 1 54 1 4 217899 435798
 8 74 0 53 1 33 1 8 81934 163868
 9 75 1 62 1 57 1 4 167665 335330
 10 68 1 62 1 52 1 4 133666 267332
 11 64 1 49 1 47 1 7 127005 254010
 12 60 1 39 1 36 1 4 62768 125536
 13 55 1 45 1 35 1 7 63752 127504
 14 59 1 35 1 31 1 4 53801 107602
 15 104 0 47 1 34 1 3 127790 255580
 16 81 0 74 1 38 1 9 204057 408114
 17 101 0 77 1 45 1 8 306697 613394
 18 116 0 55 1 36 1 7 149348 298696
 19 77 1 71 1 47 1 6 168552 337104
 20 90 0 73 1 38 1 8 215011 430022
 15 2503905
 587 233 220 22909979 442934556
 20
 1 100 0 44 1 37 1 6 127840 255680
 2 90 1 78 1 55 1 5 302329 604658
 3 65 1 57 1 42 1 5 123855 247710
 4 85 0 58 1 41 1 7 130585 261170
 5 81 1 69 1 50 1 8 190687 381374
 6 84 1 78 1 51 1 4 298574 597148
 7 109 1 73 1 73 1 3 469496 938992
 8 73 1 58 1 52 1 5 143967 287934
 9 73 1 49 1 40 1 6 117487 234974
 10 120 0 60 1 39 1 7 169481 338962
 11 111 1 80 1 68 1 7 505623 1011246
 12 71 1 70 1 53 1 6 183022 366044
 13 71 1 70 1 59 1 7 207877 415754
 14 93 0 78 0 33 1 7 149919 299838
 15 83 1 71 1 43 1 7 193900 387800
 16 49 0 48 0 23 1 4 33986 67972
 17 94 0 49 1 44 1 5 121664 243328
 18 66 0 30 1 27 1 8 37910 75820
 19 77 1 54 1 40 1 4 147472 294944
 20 79 1 73 1 61 1 6 228398 456796
 16 2504005
 587 233 220 22083699 253011963
 20
 1 43 1 40 1 39 1 7 43793 87586
 2 97 0 76 1 40 1 6 264619 529238
 3 67 1 63 1 47 1 7 164264 328528
 4 98 0 57 1 38 1 4 141898 283796
 5 73 0 71 0 27 1 5 125901 251802
 6 66 1 56 1 41 1 6 110556 221112
 7 82 1 75 1 72 1 4 337855 675710
 8 93 0 71 1 43 1 7 247820 495640
 9 95 0 35 1 28 1 5 73770 147540
 10 88 1 72 1 68 1 3 365180 730360
 11 88 0 85 0 35 1 11 162173 324346
 12 100 1 83 1 69 1 4 348521 697042
 13 74 0 30 1 27 1 4 35997 71994
 14 82 1 64 1 61 1 6 230544 461088
 15 63 1 38 1 32 1 7 58593 117186
 16 108 1 97 1 70 1 8 559938 1119876
 17 87 1 72 1 53 1 6 241088 482176
 18 107 0 75 0 24 1 10 132970 265940
 19 101 0 31 1 30 1 6 77966 155932
 20 86 0 56 0 23 1 2 91925 183850
 17 2504105
 587 233 220 18955690 265375323
 20
 1 72 0 49 1 35 1 7 80777 161554
 2 75 1 66 1 47 1 7 201681 403362
 3 78 0 30 1 22 1 9 37313 74626
 4 119 1 79 1 79 1 6 664862 1329724
 5 76 1 65 1 62 1 7 239437 478874
 6 119 1 81 1 65 1 4 479949 959898
 7 91 0 77 0 36 1 7 159083 318166
 8 113 0 89 0 27 1 7 241551 483102
 9 98 0 59 1 44 1 5 228665 457330
 10 76 1 55 1 43 1 6 121816 243632
 11 58 1 51 1 31 1 5 61295 122590
 12 94 0 40 1 25 1 10 73500 147000
 13 89 0 66 1 43 1 5 155293 310586
 14 119 0 55 1 50 1 6 223750 447500
 15 70 0 43 1 34 1 6 77519 155038
 16 76 1 71 1 56 1 6 208304 416608
 17 80 0 58 1 40 1 7 148019 296038
 18 79 1 57 1 46 1 3 150401 300802
 19 70 1 68 1 61 1 5 202030 404060
 20 93 0 46 1 39 1 7 100952 201904
 18 2504205
 587 233 220 20337217 322790616
 20
 1 104 0 55 1 30 1 3 129759 259518
 2 92 1 89 1 73 1 4 534150 1068300
 3 88 0 88 0 43 1 7 257290 514580
 4 90 1 60 1 60 1 4 195406 390812
 5 79 1 53 1 41 1 6 138828 277656
 6 96 0 91 0 28 1 7 199537 399074
 7 100 1 90 1 79 1 3 538771 1077542
 8 73 0 42 1 32 1 3 59580 119160
 9 115 1 85 1 60 1 6 415764 831528
 10 113 1 83 1 76 1 3 550655 1101310
 11 68 0 50 1 31 1 2 88571 177142
 12 70 0 41 1 30 1 10 58339 116678
 13 104 0 60 0 26 1 8 131306 262612
 14 86 0 36 1 29 1 6 60253 120506
 15 114 0 31 1 29 1 6 87855 175710
 16 44 1 44 1 42 1 6 66435 132870
 17 73 1 68 1 62 1 7 202342 404684
 18 98 1 94 1 74 1 3 513959 1027918
 19 92 0 44 1 40 1 3 127791 255582
 20 99 1 98 1 68 1 6 554730 1109460
 19 2504305
 587 233 220 20405695 275719006
 20
 1 60 0 45 1 26 1 9 42683 85366
 2 71 1 43 1 39 1 6 90213 180426
 3 99 1 71 1 64 1 7 368805 737610
 4 61 1 41 1 40 1 3 74325 148650
 5 83 1 79 1 43 1 3 213694 427388
 6 63 1 52 1 35 1 4 95013 190026
 7 54 0 33 1 20 1 5 30193 60386
 8 62 1 57 1 51 1 9 140429 280858
 9 79 1 76 1 71 1 6 358408 716816
 10 91 1 81 1 48 1 5 217053 434106
 11 95 0 70 0 23 1 4 120841 241682
 12 101 0 57 1 42 1 11 216710 433420
 13 119 1 76 1 61 1 8 464971 929942
 14 78 0 54 0 22 1 7 80559 161118
 15 93 0 68 0 25 1 9 116568 233136
 16 104 0 94 0 27 1 2 158789 317578
 17 66 1 65 1 36 1 12 93606 187212
 18 68 1 66 1 48 1 11 150682 301364
 19 100 0 46 0 21 1 4 84806 169612
 20 106 0 81 0 30 1 10 165414 330828
 20 2504405
 587 233 220 21854314 296595720
 20
 1 97 1 77 1 66 1 6 341918 683836
 2 81 1 69 1 69 1 5 280031 560062
 3 109 0 53 0 24 1 12 121211 242422
 4 98 0 33 1 20 1 8 42132 84264
 5 86 0 56 1 34 1 8 99778 199556
 6 76 0 50 1 35 1 6 115685 231370
 7 109 0 42 1 22 1 3 88416 176832
 8 82 1 69 1 42 1 9 192957 385914
 9 58 1 43 1 31 1 6 52871 105742
 10 99 0 80 1 48 1 5 276210 552420
 11 89 0 68 1 39 1 4 164795 329590
 12 74 1 53 1 40 1 7 120368 240736
 13 97 0 43 1 32 1 7 97782 195564
 14 112 0 70 1 51 1 8 328133 656266
 15 73 0 29 1 20 1 3 36649 73298
 16 74 1 72 1 68 1 4 286058 572116
 17 70 1 64 1 58 1 6 163328 326656
 18 90 0 62 1 38 1 8 177329 354658
 19 76 1 69 1 58 1 10 258743 517486
 20 113 0 65 1 53 1 5 318269 636538
 21 2504505
 587 233 220 23982897 464553709
 20
 1 109 1 93 1 72 1 7 563067 1126134
 2 95 0 67 0 32 1 4 127181 254362
 3 119 0 45 1 36 1 4 136560 273120
 4 95 1 78 1 62 1 4 392156 784312
 5 116 0 89 0 32 1 6 272578 545156
 6 98 0 65 1 38 1 8 187432 374864
 7 72 0 51 0 24 1 7 60635 121270
 8 102 0 88 0 26 1 9 144982 289964
 9 99 0 47 1 44 1 7 143269 286538
 10 106 0 52 1 31 1 8 108397 216794
 11 55 1 41 1 32 1 6 51451 102902
 12 71 0 65 0 29 1 9 100163 200326
 13 58 1 57 1 48 1 4 132599 265198
 14 79 0 56 0 25 1 3 84175 168350
 15 77 1 67 1 53 1 8 209567 419134
 16 60 1 41 1 40 1 10 65306 130612
 17 75 0 51 1 31 1 8 85033 170066
 18 86 0 56 1 40 1 4 153995 307990
 19 39 1 35 1 30 1 8 33443 66886
 20 119 0 76 1 48 1 9 386406 772812
 22 2504605
 587 233 220 19573025 332998395
 20
 1 89 1 78 1 50 1 3 245160 490320
 2 73 1 65 1 46 1 6 177190 354380
 3 94 0 66 1 39 1 7 187105 374210
 4 66 1 59 1 42 1 7 140553 281106
 5 106 1 93 1 70 1 5 510312 1020624
 6 80 1 71 1 62 1 2 211607 423214
 7 60 0 36 1 26 1 10 42444 84888
 8 72 0 31 1 31 1 6 45800 91600
 9 63 0 63 0 31 1 6 83212 166424
 10 74 0 39 1 23 1 9 46076 92152
 11 105 0 72 1 52 1 10 265952 531904
 12 101 0 76 1 45 1 11 244745 489490
 13 93 1 73 1 65 1 5 309449 618898
 14 74 1 47 1 42 1 5 115344 230688
 15 72 0 33 1 28 1 8 57583 115166
 16 99 0 91 0 45 1 5 342137 684274
 17 79 1 60 1 44 1 7 168209 336418
 18 81 1 57 1 50 1 7 171786 343572
 19 99 1 72 1 61 1 4 328431 656862
 20 38 1 35 1 31 1 7 29122 58244
 23 2504705
 587 233 220 25657957 284691341
 20
 1 84 0 81 0 23 1 4 115751 231502
 2 115 1 72 1 64 1 4 395629 791258
 3 77 0 49 1 25 1 15 81319 162638
 4 40 1 37 1 22 1 10 23630 47260
 5 97 0 96 0 46 1 6 289446 578892
 6 95 0 43 1 25 1 12 71956 143912
 7 90 0 69 0 28 1 6 107573 215146
 8 56 1 51 1 49 1 3 116993 233986
 9 118 1 93 1 80 1 5 533100 1066200
 10 56 1 47 1 41 1 5 93122 186244
 11 78 0 71 0 27 1 7 95039 190078
 12 88 0 62 1 41 1 10 191484 382968
 13 87 0 53 0 21 1 8 58185 116370
 14 105 0 47 1 28 1 8 90597 181194
 15 103 1 68 1 65 1 3 297856 595712
 16 67 0 64 0 31 1 10 98925 197850
 17 83 0 37 1 27 1 8 62818 125636
 18 44 1 31 1 29 1 10 33302 66604
 19 91 1 69 1 49 1 13 264483 528966
 20 90 0 61 1 42 1 10 190129 380258
 24 2504805
 587 233 220 24291984 263125099
 20
 1 113 0 80 0 29 1 4 191733 383466
 2 98 1 65 1 62 1 5 292825 585650
 3 60 1 59 1 46 1 5 111587 223174
 4 100 1 97 1 64 1 5 407934 815868
 5 99 0 88 0 23 1 3 148723 297446
 6 106 0 49 1 33 1 5 142913 285826
 7 78 0 54 1 30 1 1 75972 151944
 8 71 1 68 1 41 1 3 127444 254888
 9 83 0 80 0 35 1 5 172308 344616
 10 99 0 55 0 27 1 7 95207 190414
 11 91 0 51 1 43 1 5 129007 258014
 12 99 1 78 1 72 1 4 354878 709756
 13 102 0 88 0 37 1 9 275458 550916
 14 97 1 75 1 72 1 6 427097 854194
 15 83 0 63 0 27 1 3 95441 190882
 16 78 0 38 1 36 1 6 88601 177202
 17 120 0 88 1 55 1 10 412255 824510
 18 77 0 72 1 38 1 8 134635 269270
 19 45 1 38 1 25 1 4 34076 68152
 20 73 0 48 0 23 1 7 57585 115170
 25 2504905
 587 233 220 18909112 364879375
 20
 1 75 0 54 1 35 1 10 87214 174428
 2 107 0 60 1 49 1 8 189394 378788
 3 70 1 67 1 42 1 10 119300 238600
 4 78 1 71 1 44 1 10 147010 294020
 5 78 0 61 0 27 1 6 92812 185624
 6 78 1 73 1 48 1 3 184566 369132
 7 109 0 87 0 32 1 5 263842 527684
 8 91 0 87 0 25 1 7 154339 308678
 9 67 1 51 1 47 1 4 134285 268570
 10 67 1 63 1 60 1 8 193676 387352
 11 115 0 59 1 34 1 6 160317 320634
 12 102 0 35 1 34 1 10 86018 172036
 13 117 0 54 1 48 1 4 253986 507972
 14 70 1 61 1 40 1 6 118226 236452
 15 64 1 63 1 59 1 6 188917 377834
 16 95 1 87 1 63 1 5 346889 693778
 17 113 0 92 0 23 1 5 210599 421198
 18 113 0 49 1 32 1 7 121360 242720
 19 99 1 75 1 63 1 5 297888 595776
 20 56 1 55 1 46 1 5 89394 178788
 26 2505005
 587 233 220 21003210 419540785
 20
 1 86 0 71 1 41 1 13 158896 317792
 2 75 1 58 1 58 1 5 182361 364722
 3 100 0 81 0 27 1 8 196457 392914
 4 59 0 42 1 24 1 10 40320 80640
 5 69 0 37 1 30 1 8 64525 129050
 6 63 1 50 1 36 1 7 101240 202480
 7 96 0 72 0 34 1 7 204837 409674
 8 111 0 71 0 29 1 7 144216 288432
 9 102 1 67 1 53 1 10 253684 507368
 10 71 0 34 1 32 1 6 60138 120276
 11 88 1 75 1 53 1 2 251181 502362
 12 50 1 46 1 42 1 6 77163 154326
 13 84 0 70 1 41 1 13 153874 307748
 14 98 0 48 1 44 1 6 185021 370042
 15 54 0 43 1 25 1 3 35936 71872
 16 63 1 61 1 49 1 9 129560 259120
 17 106 0 96 1 51 1 7 447133 894266
 18 97 0 64 0 26 1 9 129969 259938
 19 68 0 39 1 29 1 7 64387 128774
 20 68 1 62 1 39 1 8 104106 208212
 27 2505105
 587 233 220 23102110 334677191
 20
 1 118 0 66 1 47 1 8 241559 483118
 2 99 0 56 0 25 1 3 114471 228942
 3 91 1 83 1 48 1 10 227980 455960
 4 104 0 66 1 40 1 4 182855 365710
 5 75 0 60 1 33 1 9 126910 253820
 6 113 1 78 1 60 1 5 409138 818276
 7 36 1 36 1 29 1 6 32347 64694
 8 56 1 48 1 40 1 3 78697 157394
 9 67 0 40 1 22 1 8 52153 104306
 10 92 1 78 1 64 1 4 382164 764328
 11 73 0 61 1 31 1 7 115871 231742
 12 72 1 66 1 58 1 7 237280 474560
 13 56 0 44 1 26 1 8 41678 83356
 14 93 0 65 1 34 1 8 139023 278046
 15 113 0 63 1 50 1 3 308016 616032
 16 35 1 34 1 31 1 6 22482 44964
 17 100 1 99 1 80 1 8 671673 1343346
 18 105 0 69 0 20 1 6 96463 192926
 19 77 0 60 1 38 1 4 108999 217998
 20 98 0 69 0 30 1 4 134825 269650
 28 2505205
 587 233 220 19703601 276545362
 20
 1 62 1 59 1 52 1 10 124409 248818
 2 54 1 52 1 50 1 6 123957 247914
 3 102 1 69 1 65 1 4 402549 805098
 4 97 0 76 1 46 1 7 304490 608980
 5 52 1 50 1 37 1 5 85059 170118
 6 93 0 85 0 23 1 3 132767 265534
 7 90 0 38 1 38 1 8 104354 208708
 8 66 1 60 1 40 1 8 99211 198422
 9 38 1 31 1 26 1 7 27079 54158
 10 86 0 60 1 36 1 7 127041 254082
 11 92 0 47 1 34 1 1 114315 228630
 12 103 0 69 0 22 1 7 109724 219448
 13 79 1 71 1 42 1 14 153117 306234
 14 66 0 33 1 20 1 9 36772 73544
 15 100 0 93 0 45 1 8 333567 667134
 16 91 0 84 0 21 1 5 123519 247038
 17 92 0 47 1 29 1 11 84341 168682
 18 76 1 55 1 40 1 7 105196 210392
 19 98 1 90 1 53 1 6 311789 623578
 20 81 1 75 1 53 1 11 218880 437760
 29 2505305
 587 233 220 27075657 391672580
 20
 1 91 1 58 1 57 1 3 246008 492016
 2 92 1 78 1 53 1 11 274622 549244
 3 112 0 48 1 28 1 4 110850 221700
 4 78 0 47 1 26 1 7 67798 135596
 5 41 1 40 1 28 1 5 28594 57188
 6 57 1 47 1 32 1 6 73244 146488
 7 54 1 47 1 40 1 6 80044 160088
 8 85 0 80 0 25 1 3 130945 261890
 9 89 1 86 1 54 1 9 268043 536086
 10 118 1 94 1 68 1 6 501516 1003032
 11 98 0 63 1 36 1 7 158744 317488
 12 81 0 42 1 38 1 4 86264 172528
 13 86 0 59 1 39 1 4 162444 324888
 14 91 0 67 1 40 1 4 165661 331322
 15 73 1 61 1 41 1 9 134979 269958
 16 67 1 59 1 57 1 6 167773 335546
 17 84 0 75 0 33 1 9 149956 299912
 18 96 1 88 1 70 1 4 410120 820240
 19 67 0 44 1 30 1 5 68441 136882
 20 82 1 76 1 64 1 5 315431 630862
 30 2505405
 587 233 220 26226250 291811638
 20
 1 64 0 53 1 32 1 5 80848 161696
 2 51 1 42 1 28 1 10 41492 82984
 3 49 1 32 1 30 1 13 32447 64894
 4 109 1 68 1 59 1 2 319336 638672
 5 66 0 43 1 32 1 10 76319 152638
 6 120 0 71 1 47 1 7 349401 698802
 7 109 0 57 1 41 1 10 155811 311622
 8 100 0 70 0 28 1 6 162418 324836
 9 76 1 70 1 51 1 7 213971 427942
 10 85 0 40 1 26 1 4 66675 133350
 11 79 1 71 1 55 1 8 255352 510704
 12 93 1 73 1 55 1 6 247391 494782
 13 101 1 75 1 75 1 7 479369 958738
 14 89 1 58 1 53 1 8 225733 451466
 15 98 0 53 1 36 1 7 121438 242876
 16 118 0 53 1 31 1 8 162813 325626
 17 77 0 43 1 37 1 6 75259 150518
 18 64 1 60 1 46 1 5 154366 308732
 19 74 0 67 1 37 1 5 147712 295424
 20 89 0 47 1 38 1 9 126914 253828
 31 2505505
 587 233 220 26102816 440713860
 20
 1 70 1 63 1 49 1 8 189478 378956
 2 84 1 54 1 49 1 4 148838 297676
 3 89 0 70 1 42 1 9 167577 335154
 4 80 0 48 1 39 1 12 115771 231542
 5 114 0 47 1 42 1 5 189391 378782
 6 92 0 62 1 34 1 6 117890 235780
 7 72 1 66 1 43 1 11 139379 278758
 8 120 0 55 1 46 1 7 198354 396708
 9 106 0 62 0 25 1 12 108350 216700
 10 72 0 53 1 34 1 9 85189 170378
 11 74 0 44 1 35 1 8 84967 169934
 12 103 0 71 0 28 1 5 127600 255200
 13 115 0 35 1 31 1 7 95321 190642
 14 117 0 62 1 39 1 10 174160 348320
 15 60 1 32 1 32 1 9 53821 107642
 16 86 0 80 0 39 1 7 231644 463288
 17 71 1 70 1 42 1 7 186806 373612
 18 87 0 58 1 32 1 6 118663 237326
 19 97 0 44 1 29 1 7 81328 162656
 20 95 0 61 0 30 1 12 134143 268286
 32 2505605
 587 233 220 25608699 345671088
 20
 1 95 0 76 1 44 1 5 235746 471492
 2 81 0 47 1 34 1 7 92264 184528
 3 71 0 52 1 30 1 6 76571 153142
 4 96 0 52 1 28 1 10 114900 229800
 5 104 0 80 1 50 1 9 258354 516708
 6 77 1 64 1 57 1 12 242681 485362
 7 75 0 45 1 36 1 6 92413 184826
 8 65 1 49 1 39 1 5 106905 213810
 9 70 1 49 1 41 1 6 105400 210800
 10 111 0 44 1 42 1 5 179368 358736
 11 108 0 94 1 51 1 13 438137 876274
 12 43 1 40 1 26 1 7 34295 68590
 13 70 1 47 1 39 1 14 88895 177790
 14 84 0 36 1 26 1 8 48720 97440
 15 103 0 97 0 27 1 9 183755 367510
 16 54 0 54 0 24 1 6 61408 122816
 17 63 1 46 1 38 1 7 88481 176962
 18 80 0 52 1 37 1 3 105349 210698
 19 67 0 59 0 20 1 6 63980 127960
 20 102 0 89 0 23 1 5 152934 305868
 33 2505705
 587 233 220 25950432 463014845
 20
 1 40 1 36 1 21 1 4 21045 42090
 2 76 0 45 1 31 1 5 84739 169478
 3 63 1 54 1 51 1 7 106304 212608
 4 114 1 77 1 69 1 7 368329 736658
 5 95 1 57 1 53 1 7 250844 501688
 6 92 0 36 1 20 1 7 53403 106806
 7 90 1 84 1 47 1 8 243876 487752
 8 84 0 69 0 24 1 9 94299 188598
 9 57 1 35 1 35 1 6 48302 96604
 10 78 1 76 1 50 1 9 198495 396990
 11 81 0 67 1 37 1 6 160577 321154
 12 73 1 51 1 43 1 4 117949 235898
 13 64 0 54 1 30 1 11 84830 169660
 14 85 1 73 1 51 1 5 231692 463384
 15 83 0 58 0 23 1 8 80388 160776
 16 114 0 71 0 27 1 9 174644 349288
 17 67 1 56 1 50 1 8 161880 323760
 18 79 1 51 1 46 1 7 156305 312610
 19 89 0 57 1 36 1 8 128653 257306
 20 109 0 72 1 46 1 7 228182 456364
 34 2505805
 587 233 220 24757509 337374119
 20
 1 68 0 35 1 27 1 7 49767 99534
 2 118 0 57 1 43 1 6 187446 374892
 3 73 0 72 0 36 1 3 116156 232312
 4 85 1 58 1 50 1 5 188017 376034
 5 86 0 56 1 33 1 4 102389 204778
 6 99 0 44 1 31 1 7 102039 204078
 7 93 1 54 1 49 1 5 204301 408602
 8 89 0 69 0 26 1 4 110592 221184
 9 98 1 90 1 74 1 6 420200 840400
 10 58 1 48 1 46 1 6 91100 182200
 11 56 0 55 0 22 1 1 43193 86386
 12 104 1 63 1 59 1 6 248959 497918
 13 80 1 69 1 66 1 5 298545 597090
 14 110 1 59 1 58 1 8 260958 521916
 15 96 1 79 1 63 1 7 288108 576216
 16 82 1 77 1 57 1 6 247703 495406
 17 55 1 48 1 34 1 6 68328 136656
 18 120 0 99 0 40 1 3 370176 740352
 19 97 0 43 1 34 1 6 86014 172028
 20 115 0 68 1 55 1 5 311456 622912
 35 2505905
 587 233 220 23418559 339918894
 20
 1 100 0 33 1 31 1 7 90320 180640
 2 84 0 68 1 42 1 6 150366 300732
 3 95 0 84 0 31 1 10 190128 380256
 4 57 1 39 1 30 1 4 54951 109902
 5 76 1 71 1 60 1 6 272909 545818
 6 71 1 68 1 46 1 9 197321 394642
 7 109 0 51 1 26 1 7 98439 196878
 8 109 0 54 1 45 1 8 207176 414352
 9 84 0 55 1 29 1 14 103549 207098
 10 104 0 66 0 20 1 8 84591 169182
 11 119 0 76 1 39 1 10 219694 439388
 12 75 1 74 1 43 1 9 198924 397848
 13 84 0 36 1 26 1 6 70295 140590
 14 77 0 45 1 32 1 9 94057 188114
 15 75 1 57 1 42 1 11 128781 257562
 16 51 1 50 1 42 1 3 79457 158914
 17 63 1 59 1 41 1 8 123828 247656
 18 71 0 70 0 34 1 10 142987 285974
 19 74 1 71 1 66 1 7 227055 454110
 20 38 1 31 1 30 1 10 30169 60338
 36 2506005
 587 233 220 18442079 362516335
 20
 1 41 1 39 1 26 1 10 34454 68908
 2 110 0 40 1 34 1 5 116205 232410
 3 94 1 77 1 52 1 8 326733 653466
 4 119 1 96 1 71 1 2 691397 1382794
 5 67 1 63 1 47 1 5 123170 246340
 6 61 1 43 1 31 1 10 55835 111670
 7 72 0 53 1 35 1 7 83609 167218
 8 64 1 38 1 38 1 7 60916 121832
 9 110 0 71 1 45 1 13 273890 547780
 10 73 1 71 1 52 1 9 207755 415510
 11 95 1 92 1 55 1 7 423371 846742
 12 86 0 74 0 31 1 7 166540 333080
 13 99 1 62 1 52 1 8 203327 406654
 14 81 0 44 1 31 1 7 94729 189458
 15 113 1 94 1 70 1 2 447967 895934
 16 109 0 100 0 28 1 5 213050 426100
 17 63 0 34 1 30 1 6 52175 104350
 18 111 0 43 1 28 1 4 113224 226448
 19 48 1 35 1 28 1 4 41682 83364
 20 97 0 53 1 38 1 7 174738 349476
 37 2506105
 587 233 220 23333844 363444572
 20
 1 98 0 73 1 44 1 4 207787 415574
 2 60 1 60 1 38 1 5 120380 240760
 3 105 1 73 1 60 1 5 328055 656110
 4 90 1 77 1 52 1 7 292138 584276
 5 66 0 58 0 24 1 4 78126 156252
 6 106 1 76 1 55 1 4 358308 716616
 7 55 1 44 1 36 1 4 76531 153062
 8 82 0 58 0 23 1 8 96805 193610
 9 74 1 61 1 58 1 10 202541 405082
 10 81 0 39 1 24 1 4 59955 119910
 11 71 1 65 1 39 1 5 141018 282036
 12 105 0 97 0 47 1 5 318331 636662
 13 114 1 97 1 69 1 5 476434 952868
 14 103 1 78 1 55 1 6 346166 692332
 15 93 1 66 1 55 1 6 278577 557154
 16 78 1 75 1 74 1 3 315362 630724
 17 118 0 67 1 58 1 4 318422 636844
 18 91 0 61 0 22 1 2 108947 217894
 19 96 0 58 0 24 1 4 102387 204774
 20 80 1 76 1 44 1 4 231950 463900
 38 2506205
 587 233 220 21643071 307879556
 20
 1 104 0 94 1 50 1 4 293760 587520
 2 102 0 87 0 36 1 4 267390 534780
 3 115 0 42 1 33 1 10 120204 240408
 4 61 1 58 1 32 1 11 68867 137734
 5 70 1 62 1 48 1 5 156964 313928
 6 91 1 79 1 78 1 4 391065 782130
 7 90 1 57 1 53 1 6 213635 427270
 8 78 0 68 0 25 1 4 105473 210946
 9 77 1 44 1 39 1 8 88973 177946
 10 97 1 89 1 56 1 9 357196 714392
 11 58 0 38 1 26 1 2 49057 98114
 12 64 1 44 1 33 1 5 70549 141098
 13 57 0 38 1 25 1 7 33370 66740
 14 70 0 65 0 28 1 4 107834 215668
 15 93 1 73 1 61 1 6 341000 682000
 16 61 1 47 1 46 1 6 106266 212532
 17 111 0 72 0 26 1 7 137891 275782
 18 102 1 78 1 63 1 8 396995 793990
 19 88 1 65 1 62 1 7 313802 627604
 20 63 1 51 1 38 1 3 76701 153402
 39 2506305
 587 233 220 21408635 409512202
 20
 1 89 1 56 1 45 1 12 183826 367652
 2 53 1 37 1 34 1 7 48540 97080
 3 54 0 35 1 25 1 8 42411 84822
 4 73 0 39 1 33 1 10 62188 124376
 5 73 1 39 1 38 1 6 81675 163350
 6 50 1 42 1 29 1 8 39693 79386
 7 62 1 59 1 54 1 10 124369 248738
 8 98 0 53 1 44 1 5 176313 352626
 9 94 0 32 1 31 1 10 65891 131782
 10 97 0 64 0 28 1 10 115852 231704
 11 102 0 77 1 42 1 8 210895 421790
 12 80 1 75 1 44 1 3 206297 412594
 13 93 0 52 1 41 1 13 157620 315240
 14 77 0 51 1 38 1 5 134154 268308
 15 57 1 54 1 52 1 8 111000 222000
 16 105 0 97 0 46 1 8 282535 565070
 17 103 1 76 1 54 1 9 338378 676756
 18 72 0 53 1 34 1 7 84955 169910
 19 42 1 38 1 35 1 12 36795 73590
 20 61 1 58 1 46 1 8 129715 259430
 40 2506405
 587 233 220 19854353 340989910
 20
 1 85 1 77 1 62 1 2 335487 670974
 2 94 0 63 1 32 1 5 118998 237996
 3 83 1 75 1 45 1 4 170524 341048
 4 95 1 95 1 54 1 6 424003 848006
 5 76 0 76 0 30 1 7 111162 222324
 6 113 0 66 1 44 1 3 289179 578358
 7 108 1 71 1 61 1 4 370334 740668
 8 118 0 62 1 37 1 6 192253 384506
 9 93 1 58 1 48 1 11 158214 316428
 10 60 0 32 1 29 1 9 44342 88684
 11 97 1 75 1 59 1 7 261965 523930
 12 105 0 56 1 35 1 3 162865 325730
 13 67 1 58 1 53 1 8 170803 341606
 14 96 0 51 1 37 1 5 110454 220908
 15 91 0 52 1 32 1 6 112451 224902
 16 73 0 70 0 32 1 6 144347 288694
 17 96 0 80 0 22 1 10 109555 219110
 18 94 1 82 1 66 1 8 410146 820292
 19 95 1 76 1 73 1 2 384626 769252
 20 64 0 29 1 23 1 7 28718 57436
 41 2506505
 587 233 220 18462041 309264613
 20
 1 109 1 80 1 68 1 3 531335 1062670
 2 90 0 45 1 31 1 6 80933 161866
 3 66 1 56 1 34 1 9 96656 193312
 4 76 0 66 1 34 1 8 147226 294452
 5 111 0 80 1 53 1 8 344140 688280
 6 86 0 59 0 29 1 5 111211 222422
 7 80 1 72 1 63 1 2 293657 587314
 8 81 0 47 0 22 1 6 68540 137080
 9 114 1 80 1 64 1 6 495831 991662
 10 90 0 37 1 32 1 10 93801 187602
 11 75 1 48 1 40 1 8 97647 195294
 12 67 1 52 1 45 1 5 102935 205870
 13 88 1 82 1 74 1 7 442184 884368
 14 100 0 63 0 23 1 9 112386 224772
 15 103 0 53 1 48 1 5 201739 403478
 16 79 1 44 1 41 1 8 123256 246512
 17 89 1 85 1 50 1 5 255043 510086
 18 60 1 54 1 44 1 4 100014 200028
 19 65 0 52 1 27 1 6 75150 150300
 20 88 1 71 1 45 1 7 201251 402502
 42 2506605
 587 233 220 22418799 431395880
 20
 1 76 1 74 1 50 1 8 192454 384908
 2 86 0 40 1 29 1 7 65185 130370
 3 66 1 55 1 48 1 5 112437 224874
 4 75 0 57 1 37 1 4 116275 232550
 5 102 0 83 0 29 1 8 185444 370888
 6 74 1 58 1 52 1 4 149960 299920
 7 89 0 65 1 36 1 5 177670 355340
 8 99 1 68 1 67 1 5 294072 588144
 9 80 1 78 1 66 1 5 305005 610010
 10 65 1 57 1 45 1 5 103923 207846
 11 112 0 59 1 30 1 3 139098 278196
 12 79 1 75 1 68 1 8 355161 710322
 13 97 0 48 1 30 1 11 107402 214804
 14 73 0 70 0 31 1 3 133728 267456
 15 90 0 83 1 44 1 4 203098 406196
 16 101 1 93 1 64 1 4 433004 866008
 17 89 1 82 1 78 1 8 405265 810530
 18 85 0 54 0 26 1 4 72799 145598
 19 57 1 34 1 29 1 3 49433 98866
 20 78 1 71 1 68 1 4 313765 627530
 43 2506705
 587 233 220 24520881 281661060
 20
 1 82 1 80 1 71 1 7 352073 704146
 2 66 0 37 1 27 1 5 39611 79222
 3 77 0 76 0 31 1 3 155032 310064
 4 100 0 56 1 38 1 2 148419 296838
 5 93 1 86 1 67 1 3 360370 720740
 6 89 0 76 0 30 1 3 164505 329010
 7 98 1 90 1 67 1 6 519688 1039376
 8 87 0 52 1 42 1 2 168494 336988
 9 53 1 42 1 35 1 5 69722 139444
 10 116 0 53 1 36 1 3 196236 392472
 11 85 1 79 1 46 1 2 202051 404102
 12 106 0 91 0 24 1 4 179673 359346
 13 112 0 84 1 46 1 10 297462 594924
 14 89 1 56 1 47 1 7 154273 308546
 15 62 1 51 1 39 1 3 107320 214640
 16 69 1 67 1 50 1 8 177771 355542
 17 93 0 74 1 46 1 5 197227 394454
 18 74 0 48 1 35 1 2 81724 163448
 19 95 1 87 1 66 1 10 362193 724386
 20 84 0 54 1 30 1 6 98285 196570
 44 2506805
 587 233 220 19839388 282384887
 20
 1 114 0 67 0 25 1 13 115860 231720
 2 92 0 79 0 25 1 12 134867 269734
 3 89 0 87 0 36 1 12 189820 379640
 4 95 0 71 1 36 1 3 180574 361148
 5 90 0 83 1 43 1 5 277270 554540
 6 93 0 39 1 28 1 11 73249 146498
 7 69 0 54 1 31 1 11 89096 178192
 8 107 0 61 1 37 1 3 213767 427534
 9 98 0 52 1 40 1 8 171895 343790
 10 83 1 69 1 60 1 6 256696 513392
 11 98 1 63 1 58 1 9 297160 594320
 12 45 1 40 1 26 1 9 40514 81028
 13 63 1 44 1 36 1 9 67876 135752
 14 96 0 56 1 43 1 8 202068 404136
 15 88 0 42 1 35 1 9 104162 208324
 16 40 1 37 1 36 1 11 32953 65906
 17 97 1 74 1 67 1 6 422701 845402
 18 76 1 45 1 42 1 3 108368 216736
 19 64 1 43 1 42 1 4 103334 206668
 20 91 0 53 1 37 1 4 126130 252260
 45 2506905
 587 233 220 25003561 303298686
 20
 1 63 0 55 1 31 1 5 83768 167536
 2 120 0 43 1 23 1 4 82233 164466
 3 97 1 72 1 57 1 7 324252 648504
 4 77 1 76 1 42 1 4 176266 352532
 5 93 0 74 0 20 1 11 121822 243644
 6 65 1 63 1 43 1 9 114250 228500
 7 108 0 71 1 40 1 13 273297 546594
 8 79 0 36 1 21 1 7 38368 76736
 9 68 0 62 0 26 1 7 73486 146972
 10 68 1 50 1 40 1 5 120159 240318
 11 79 0 42 1 31 1 6 80213 160426
 12 76 0 56 1 38 1 9 139580 279160
 13 80 1 79 1 51 1 7 206339 412678
 14 115 0 69 0 29 1 3 173054 346108
 15 113 0 50 1 30 1 6 151905 303810
 16 96 0 90 0 22 1 6 135327 270654
 17 60 0 41 1 26 1 13 49118 98236
 18 118 0 93 0 36 1 7 251391 502782
 19 80 0 72 0 33 1 5 165253 330506
 20 98 1 96 1 76 1 6 567901 1135802
 46 2507005
 587 233 220 19033562 302168391
 20
 1 86 0 58 1 36 1 7 135837 271674
 2 71 0 69 0 22 1 2 76203 152406
 3 108 0 78 1 54 1 4 401213 802426
 4 104 1 58 1 57 1 7 246137 492274
 5 96 1 65 1 58 1 6 223225 446450
 6 58 0 37 1 26 1 7 40930 81860
 7 73 1 72 1 49 1 3 166177 332354
 8 98 1 67 1 56 1 10 327660 655320
 9 117 0 89 0 23 1 8 193484 386968
 10 109 1 76 1 73 1 6 429892 859784
 11 95 0 61 1 34 1 6 129887 259774
 12 106 0 73 1 49 1 4 339535 679070
 13 66 1 39 1 35 1 5 67670 135340
 14 82 1 76 1 43 1 1 165065 330130
 15 93 0 87 0 26 1 9 155084 310168
 16 68 1 64 1 63 1 6 175098 350196
 17 70 0 53 1 30 1 3 75210 150420
 18 68 0 65 0 30 1 9 85792 171584
 19 94 0 57 0 26 1 6 101033 202066
 20 104 0 79 0 38 1 7 222705 445410
 47 2507105
 587 233 220 24344081 410889121
 20
 1 118 0 54 1 42 1 8 235065 470130
 2 112 0 95 0 20 1 7 190102 380204
 3 118 0 38 1 37 1 8 128479 256958
 4 76 0 38 1 38 1 5 65983 131966
 5 100 0 56 1 34 1 9 136433 272866
 6 100 0 73 1 50 1 8 284301 568602
 7 75 0 58 1 36 1 10 115777 231554
 8 76 1 51 1 41 1 7 106378 212756
 9 82 0 75 1 39 1 6 158173 316346
 10 84 1 76 1 44 1 8 238341 476682
 11 80 1 68 1 50 1 9 208663 417326
 12 61 0 46 1 28 1 7 66372 132744
 13 80 1 75 1 51 1 4 221851 443702
 14 92 1 62 1 49 1 6 184174 368348
 15 72 0 48 0 21 1 10 49878 99756
 16 54 1 37 1 33 1 7 54315 108630
 17 46 1 37 1 34 1 10 47734 95468
 18 109 0 37 1 24 1 4 81490 162980
 19 63 1 56 1 33 1 6 80033 160066
 20 111 1 62 1 61 1 11 373686 747372
 48 2507205
 587 233 220 26942979 361064704
 20
 1 59 1 49 1 48 1 1 83439 166878
 2 79 1 63 1 46 1 4 155674 311348
 3 95 0 58 1 38 1 6 146783 293566
 4 95 0 79 1 47 1 4 262811 525622
 5 72 0 46 1 27 1 7 78226 156452
 6 88 1 74 1 72 1 5 391643 783286
 7 90 1 77 1 67 1 5 408048 816096
 8 96 0 59 1 36 1 9 170582 341164
 9 62 1 55 1 46 1 6 104361 208722
 10 92 0 77 1 43 1 6 245111 490222
 11 100 0 66 1 41 1 5 218581 437162
 12 76 1 72 1 44 1 7 210427 420854
 13 95 0 68 1 35 1 8 139764 279528
 14 108 0 66 1 48 1 10 233133 466266
 15 86 1 78 1 52 1 2 278323 556646
 16 92 0 86 0 40 1 10 209916 419832
 17 66 1 39 1 38 1 5 73517 147034
 18 85 1 80 1 59 1 5 265263 530526
 19 86 0 71 0 33 1 6 142771 285542
 20 118 0 45 1 23 1 2 106069 212138
 49 2507305
 587 233 220 22943091 402199632
 20
 1 91 0 54 1 45 1 8 154637 309274
 2 105 1 77 1 72 1 5 480632 961264
 3 79 1 78 1 48 1 6 178646 357292
 4 109 1 76 1 59 1 5 333958 667916
 5 48 1 37 1 30 1 10 40261 80522
 6 44 1 37 1 27 1 6 34089 68178
 7 79 1 76 1 54 1 5 283526 567052
 8 116 0 78 0 20 1 6 113213 226426
 9 101 0 71 1 49 1 6 275457 550914
 10 102 0 100 0 49 1 4 379205 758410
 11 105 0 43 1 22 1 6 82217 164434
 12 107 1 84 1 61 1 9 339083 678166
 13 110 0 71 0 23 1 2 113984 227968
 14 75 0 39 1 34 1 7 81379 162758
 15 73 0 47 1 32 1 6 91494 182988
 16 60 0 60 0 25 1 9 73920 147840
 17 43 1 33 1 31 1 7 27476 54952
 18 100 1 74 1 57 1 7 272681 545362
 19 93 0 47 1 41 1 10 112734 225468
 20 45 1 33 1 28 1 7 33534 67068
 50 2507405
 587 233 220 18274087 195551919
 20
 1 60 1 40 1 32 1 7 57190 114380
 2 98 1 75 1 55 1 3 334917 669834
 3 60 1 59 1 39 1 6 104341 208682
 4 81 0 56 1 40 1 9 149262 298524
 5 119 0 34 1 25 1 13 62932 125864
 6 107 0 61 1 42 1 13 235388 470776
 7 108 0 85 0 20 1 9 144186 288372
 8 97 0 66 1 45 1 6 213503 427006
 9 66 0 35 1 26 1 4 40021 80042
 10 69 0 32 1 20 1 6 36213 72426
 11 78 0 63 1 38 1 5 149455 298910
 12 95 0 77 1 47 1 4 234325 468650
 13 40 1 34 1 30 1 9 36425 72850
 14 88 0 42 0 20 1 9 52862 105724
 15 103 1 84 1 69 1 10 491476 982952
 16 119 0 72 0 34 1 10 241971 483942
 17 115 0 61 1 47 1 5 256856 513712
 18 68 0 50 1 28 1 8 83060 166120
 19 71 0 63 0 24 1 6 91099 182198
 20 87 0 68 1 40 1 7 197813 395626
 51 2507505
 587 233 220 23549209 441977087
 20
 1 66 1 64 1 36 1 6 97189 194378
 2 97 1 73 1 49 1 4 294932 589864
 3 69 1 60 1 43 1 8 127556 255112
 4 52 0 37 1 20 1 10 31972 63944
 5 109 0 63 1 37 1 11 177313 354626
 6 79 0 57 0 24 1 11 94494 188988
 7 95 0 72 0 22 1 6 128506 257012
 8 65 1 50 1 39 1 10 107967 215934
 9 98 0 42 1 30 1 14 84477 168954
 10 53 1 40 1 36 1 9 53235 106470
 11 82 1 54 1 51 1 10 157979 315958
 12 77 0 33 1 31 1 7 50203 100406
 13 66 1 56 1 49 1 8 133802 267604
 14 101 1 68 1 62 1 6 356136 712272
 15 82 1 64 1 46 1 8 185654 371308
 16 88 1 83 1 58 1 5 348685 697370
 17 108 0 51 1 29 1 10 122693 245386
 18 91 1 76 1 62 1 9 283621 567242
 19 61 0 32 1 25 1 7 29928 59856
 20 70 0 47 1 30 1 7 60376 120752
 52 2507605
 587 233 220 23409755 378327508
 20
 1 96 0 72 0 31 1 6 192347 384694
 2 75 1 72 1 47 1 6 199772 399544
 3 80 0 25 1 20 1 7 24549 49098
 4 114 1 94 1 61 1 9 452578 905156
 5 100 0 40 1 39 1 9 129008 258016
 6 72 1 51 1 48 1 6 144135 288270
 7 36 1 28 1 24 1 3 21573 43146
 8 85 0 58 1 35 1 5 137409 274818
 9 85 1 84 1 58 1 5 355298 710596
 10 95 0 48 0 24 1 8 88991 177982
 11 115 0 70 0 25 1 3 156300 312600
 12 108 0 49 1 42 1 8 191059 382118
 13 73 0 64 0 26 1 7 89262 178524
 14 68 1 54 1 35 1 3 104028 208056
 15 83 1 62 1 60 1 6 268683 537366
 16 57 1 56 1 43 1 11 110291 220582
 17 101 1 57 1 56 1 12 197030 394060
 18 56 1 48 1 42 1 4 100094 200188
 19 93 0 55 1 38 1 9 141047 282094
 20 53 1 53 1 53 1 11 95026 190052
 53 2507705
 587 233 220 18302924 267204349
 20
 1 78 0 37 1 27 1 6 50882 101764
 2 89 0 70 0 25 1 10 107553 215106
 3 90 0 84 0 41 1 11 214753 429506
 4 85 0 75 1 42 1 7 196322 392644
 5 91 0 77 1 44 1 3 214676 429352
 6 114 1 87 1 71 1 8 518984 1037968
 7 90 0 37 1 25 1 5 67175 134350
 8 105 1 80 1 77 1 4 576109 1152218
 9 74 1 71 1 50 1 6 212388 424776
 10 62 1 57 1 55 1 6 174500 349000
 11 89 0 45 1 26 1 5 73971 147942
 12 65 1 54 1 47 1 5 110295 220590
 13 79 0 62 0 28 1 2 115783 231566
 14 84 0 40 1 35 1 9 100966 201932
 15 55 1 44 1 42 1 4 87736 175472
 16 115 0 30 1 29 1 6 87094 174188
 17 93 0 60 0 25 1 8 85646 171292
 18 96 1 83 1 50 1 7 301344 602688
 19 86 1 75 1 62 1 5 246653 493306
 20 76 0 60 1 36 1 5 117939 235878
 54 2507805
 587 233 220 18287101 334908386
 20
 1 99 0 68 0 23 1 10 98649 197298
 2 68 1 52 1 40 1 10 99072 198144
 3 101 1 66 1 61 1 10 261457 522914
 4 57 0 56 0 22 1 6 46524 93048
 5 81 1 54 1 47 1 11 157398 314796
 6 86 0 34 1 25 1 5 61010 122020
 7 54 0 46 1 27 1 8 54001 108002
 8 95 0 65 1 34 1 7 186069 372138
 9 105 0 57 1 29 1 9 134781 269562
 10 120 0 63 0 28 1 7 161631 323262
 11 64 1 62 1 42 1 9 133454 266908
 12 78 0 65 0 21 1 7 74221 148442
 13 98 0 94 0 45 1 6 323568 647136
 14 94 0 58 0 26 1 5 97710 195420
 15 113 0 81 1 51 1 5 340621 681242
 16 83 1 80 1 76 1 6 422891 845782
 17 86 1 64 1 53 1 6 221352 442704
 18 68 0 44 1 33 1 5 85880 171760
 19 52 1 40 1 31 1 7 43774 87548
 20 95 0 67 1 38 1 4 158412 316824
 55 2507905
 587 233 220 19404198 382373600
 20
 1 100 0 94 0 28 1 8 217111 434222
 2 81 1 78 1 66 1 10 347917 695834
 3 111 0 49 0 21 1 9 71520 143040
 4 119 0 63 1 37 1 5 220382 440764
 5 72 0 50 1 30 1 5 81245 162490
 6 58 1 58 1 40 1 7 96206 192412
 7 108 0 55 1 29 1 13 146649 293298
 8 54 1 49 1 38 1 7 82602 165204
 9 69 1 46 1 44 1 7 85905 171810
 10 88 1 71 1 61 1 7 253852 507704
 11 83 0 58 1 35 1 5 110438 220876
 12 108 0 77 0 37 1 7 219927 439854
 13 108 1 62 1 57 1 4 251508 503016
 14 73 0 61 1 31 1 9 94875 189750
 15 92 0 46 1 43 1 9 147897 295794
 16 62 1 53 1 51 1 7 146390 292780
 17 79 0 69 0 20 1 6 68009 136018
 18 74 1 39 1 38 1 7 88400 176800
 19 92 0 70 0 28 1 2 158854 317708
 20 78 1 73 1 61 1 8 291904 583808
 56 2508005
 587 233 220 22825715 333513468
 20
 1 90 0 41 1 34 1 7 85861 171722
 2 64 0 32 1 28 1 18 47579 95158
 3 42 1 31 1 31 1 11 28114 56228
 4 94 0 90 0 44 1 4 315121 630242
 5 68 1 63 1 53 1 8 154148 308296
 6 55 0 30 1 21 1 6 26049 52098
 7 72 0 64 0 31 1 7 105540 211080
 8 75 0 56 1 34 1 4 97080 194160
 9 62 0 34 1 31 1 7 50133 100266
 10 79 0 55 1 32 1 8 108462 216924
 11 99 0 74 0 27 1 5 164136 328272
 12 89 1 54 1 48 1 11 183319 366638
 13 93 0 78 0 32 1 8 176152 352304
 14 119 0 80 1 59 1 3 489246 978492
 15 80 1 72 1 42 1 10 187202 374404
 16 111 0 47 1 27 1 9 103144 206288
 17 73 1 72 1 49 1 6 182093 364186
 18 115 0 87 0 32 1 14 280718 561436
 19 100 1 66 1 61 1 8 266127 532254
 20 80 0 61 0 23 1 8 71157 142314
 57 2508105
 587 233 220 26336801 347217159
 20
 1 85 0 73 1 40 1 4 206747 413494
 2 73 1 62 1 54 1 6 199743 399486
 3 90 0 63 1 41 1 7 204379 408758
 4 75 0 61 0 24 1 5 92843 185686
 5 57 1 53 1 44 1 4 97952 195904
 6 93 0 70 1 45 1 7 216946 433892
 7 73 0 36 1 33 1 9 59305 118610
 8 95 1 80 1 75 1 5 418984 837968
 9 93 1 89 1 78 1 5 418805 837610
 10 113 1 87 1 65 1 6 529080 1058160
 11 72 0 46 1 30 1 8 69162 138324
 12 100 1 78 1 70 1 3 350696 701392
 13 53 1 47 1 34 1 6 73842 147684
 14 87 1 54 1 46 1 5 158630 317260
 15 52 1 41 1 37 1 7 54494 108988
 16 79 0 76 0 33 1 8 127327 254654
 17 77 1 77 1 65 1 8 333175 666350
 18 65 0 59 0 27 1 9 83748 167496
 19 54 1 42 1 31 1 7 47376 94752
 20 87 1 45 1 44 1 8 118847 237694
 58 2508205
 587 233 220 18120538 326705917
 20
 1 105 0 81 1 46 1 11 329998 659996
 2 115 1 81 1 61 1 9 504600 1009200
 3 72 0 51 0 23 1 4 70654 141308
 4 65 1 56 1 33 1 4 96136 192272
 5 60 0 44 0 21 1 6 42291 84582
 6 85 1 69 1 65 1 4 320725 641450
 7 90 0 82 0 35 1 4 198046 396092
 8 115 1 94 1 64 1 5 444635 889270
 9 80 0 53 1 33 1 8 94500 189000
 10 95 0 81 0 37 1 6 198184 396368
 11 66 1 46 1 45 1 5 117694 235388
 12 109 0 36 1 25 1 4 80382 160764
 13 89 1 62 1 50 1 9 243996 487992
 14 54 0 32 1 27 1 8 31152 62304
 15 79 0 33 1 32 1 4 73364 146728
 16 80 1 50 1 47 1 5 139590 279180
 17 81 1 57 1 44 1 1 162301 324602
 18 107 0 31 1 21 1 7 57560 115120
 19 91 1 85 1 80 1 5 537564 1075128
 20 93 0 68 0 27 1 7 107371 214742
 59 2508305
 587 233 220 22151629 289081032
 20
 1 76 1 52 1 46 1 9 158155 316310
 2 66 0 59 1 31 1 7 92792 185584
 3 62 1 55 1 44 1 9 130320 260640
 4 95 0 46 1 36 1 9 123187 246374
 5 63 1 59 1 35 1 7 116564 233128
 6 100 0 37 1 32 1 7 86674 173348
 7 91 0 54 1 37 1 4 120507 241014
 8 49 1 44 1 36 1 4 49375 98750
 9 109 0 66 1 49 1 4 255775 511550
 10 69 0 48 1 27 1 5 59271 118542
 11 109 1 85 1 62 1 5 377696 755392
 12 48 1 47 1 42 1 8 79810 159620
 13 77 1 67 1 48 1 6 152920 305840
 14 112 1 79 1 76 1 7 558614 1117228
 15 102 0 40 1 28 1 9 76825 153650
 16 106 1 99 1 65 1 4 463795 927590
 17 86 1 73 1 50 1 5 242364 484728
 18 79 1 76 1 57 1 7 270571 541142
 19 61 1 56 1 39 1 8 115778 231556
 20 100 0 86 0 30 1 5 217334 434668
 60 2508405
 587 233 220 22022938 344153680
 20
 1 78 1 72 1 58 1 5 266216 532432
 2 107 1 57 1 57 1 6 222330 444660
 3 72 1 64 1 37 1 7 138379 276758
 4 93 0 66 0 26 1 6 119995 239990
 5 116 0 67 1 35 1 13 185164 370328
 6 101 0 56 1 39 1 11 151454 302908
 7 108 0 100 0 39 1 6 293600 587200
 8 64 1 55 1 33 1 7 70728 141456
 9 73 1 65 1 53 1 8 209482 418964
 10 106 0 41 1 35 1 6 125583 251166
 11 82 0 78 0 28 1 5 110888 221776
 12 79 1 59 1 58 1 2 194214 388428
 13 92 0 84 0 22 1 5 103879 207758
 14 80 1 65 1 50 1 5 178394 356788
 15 82 0 77 0 24 1 3 100919 201838
 16 74 1 73 1 51 1 6 205908 411816
 17 90 0 43 1 40 1 4 122141 244282
 18 98 1 70 1 51 1 7 262343 524686
 19 69 0 32 1 30 1 7 47830 95660
 20 107 0 69 1 53 1 7 266078 532156
 61 2508505
 587 233 220 23831515 325132261
 20
 1 109 1 68 1 64 1 1 395009 790018
 2 84 1 58 1 55 1 6 171653 343306
 3 96 0 83 0 24 1 2 154700 309400
 4 74 0 67 1 37 1 3 162429 324858
 5 107 1 73 1 70 1 5 434798 869596
 6 80 1 73 1 54 1 6 213478 426956
 7 72 0 41 1 33 1 4 70221 140442
 8 84 1 79 1 74 1 7 349564 699128
 9 40 0 37 1 20 1 3 20506 41012
 10 74 1 73 1 42 1 5 195710 391420
 11 55 1 48 1 33 1 8 70160 140320
 12 109 1 74 1 70 1 5 365926 731852
 13 107 0 44 1 39 1 7 145798 291596
 14 99 0 51 1 47 1 5 172617 345234
 15 80 0 62 1 38 1 6 152515 305030
 16 46 1 43 1 37 1 4 47056 94112
 17 94 0 69 1 36 1 6 179687 359374
 18 98 0 64 1 48 1 5 254767 509534
 19 99 1 91 1 70 1 6 387370 774740
 20 113 0 76 1 52 1 6 345923 691846
 62 2508605
 587 233 220 25615576 442792926
 20
 1 70 1 63 1 50 1 8 146431 292862
 2 100 0 53 1 34 1 8 159665 319330
 3 93 0 78 1 45 1 4 292239 584478
 4 100 0 55 1 48 1 4 188797 377594
 5 98 1 73 1 50 1 8 269711 539422
 6 69 1 45 1 43 1 4 91380 182760
 7 43 1 42 1 36 1 7 44960 89920
 8 104 1 92 1 63 1 5 539255 1078510
 9 93 0 36 1 26 1 6 67459 134918
 10 50 1 45 1 41 1 8 69033 138066
 11 119 0 67 1 50 1 6 254402 508804
 12 82 0 49 1 30 1 3 83107 166214
 13 80 0 55 1 31 1 5 99022 198044
 14 105 0 73 1 37 1 8 229999 459998
 15 76 1 76 1 42 1 5 201388 402776
 16 102 0 96 0 22 1 11 171904 343808
 17 120 0 99 0 36 1 7 366733 733466
 18 89 1 70 1 58 1 5 250527 501054
 19 60 1 54 1 46 1 6 127993 255986
 20 120 0 38 1 35 1 8 108567 217134
 63 2508705
 587 233 220 25689547 306561695
 20
 1 82 1 76 1 59 1 4 316751 633502
 2 60 1 51 1 50 1 3 107529 215058
 3 104 1 66 1 61 1 9 289031 578062
 4 71 0 36 1 28 1 5 60609 121218
 5 89 0 77 0 26 1 1 131541 263082
 6 108 1 84 1 66 1 7 437897 875794
 7 90 0 51 1 45 1 5 173483 346966
 8 48 1 35 1 33 1 4 35305 70610
 9 89 1 57 1 52 1 6 209044 418088
 10 99 1 77 1 58 1 5 289045 578090
 11 92 1 86 1 66 1 5 368745 737490
 12 93 0 80 1 46 1 10 260586 521172
 13 72 1 45 1 39 1 6 100042 200084
 14 73 0 46 1 24 1 5 62576 125152
 15 112 0 71 1 37 1 6 253074 506148
 16 70 1 69 1 69 1 4 225838 451676
 17 112 0 64 0 27 1 2 133752 267504
 18 52 1 42 1 39 1 6 72556 145112
 19 120 0 84 0 23 1 7 168181 336362
 20 94 0 61 1 36 1 7 143264 286528
 64 2508805
 587 233 220 19970848 329722062
 20
 1 114 0 54 0 20 1 6 80842 161684
 2 92 1 87 1 50 1 6 309259 618518
 3 114 0 43 1 26 1 4 97912 195824
 4 93 0 69 1 42 1 5 239479 478958
 5 80 1 79 1 64 1 5 362792 725584
 6 99 0 80 0 29 1 5 149187 298374
 7 60 1 54 1 47 1 3 108342 216684
 8 54 1 53 1 32 1 3 65776 131552
 9 113 1 75 1 68 1 15 430621 861242
 10 67 1 66 1 49 1 4 186502 373004
 11 65 0 30 1 21 1 3 33495 66990
 12 110 0 63 0 29 1 4 158305 316610
 13 75 0 60 0 27 1 7 81400 162800
 14 95 0 71 1 40 1 2 242610 485220
 15 92 1 74 1 67 1 11 341464 682928
 16 55 1 43 1 38 1 6 71592 143184
 17 105 0 32 1 31 1 4 80598 161196
 18 90 1 81 1 46 1 4 259937 519874
 19 90 0 60 1 38 1 8 132248 264496
 20 77 0 42 1 22 1 3 48650 97300
 65 2508905
 587 233 220 23718459 248437600
 20
 1 55 0 50 1 26 1 5 47502 95004
 2 48 1 42 1 37 1 4 53496 106992
 3 47 1 34 1 26 1 12 31975 63950
 4 104 0 74 1 50 1 7 343391 686782
 5 83 0 70 1 40 1 6 144660 289320
 6 53 1 52 1 38 1 12 85069 170138
 7 108 0 69 1 49 1 8 219376 438752
 8 78 1 73 1 72 1 10 318478 636956
 9 77 0 62 0 24 1 10 89110 178220
 10 74 0 34 1 21 1 5 36186 72372
 11 49 1 38 1 37 1 9 41956 83912
 12 79 1 50 1 40 1 10 133746 267492
 13 75 0 44 1 35 1 11 70460 140920
 14 98 1 69 1 57 1 5 317858 635716
 15 72 0 62 1 36 1 12 127480 254960
 16 98 0 93 0 41 1 9 284874 569748
 17 98 0 60 1 35 1 7 132089 264178
 18 62 0 40 1 31 1 11 64518 129036
 19 68 1 59 1 37 1 9 121606 243212
 20 60 1 49 1 45 1 6 97943 195886
 66 2509005
 587 233 220 18746589 355911771
 20
 1 87 0 45 1 32 1 14 110501 221002
 2 84 1 63 1 46 1 4 164492 328984
 3 84 1 67 1 44 1 8 201090 402180
 4 76 0 55 1 30 1 6 76227 152454
 5 87 1 78 1 61 1 3 279268 558536
 6 115 0 77 1 53 1 4 325373 650746
 7 78 1 72 1 51 1 4 248029 496058
 8 93 1 91 1 62 1 5 347477 694954
 9 48 1 41 1 40 1 10 67640 135280
 10 92 1 82 1 53 1 4 296474 592948
 11 102 1 69 1 54 1 7 290438 580876
 12 80 0 52 1 34 1 5 106694 213388
 13 90 1 71 1 60 1 6 262716 525432
 14 66 1 43 1 42 1 3 97130 194260
 15 73 1 58 1 52 1 6 179008 358016
 16 66 0 66 0 26 1 5 100838 201676
 17 91 0 40 1 28 1 4 71146 142292
 18 72 0 34 1 33 1 7 60784 121568
 19 120 1 98 1 74 1 6 678818 1357636
 20 68 1 56 1 43 1 6 102912 205824
 67 2509105
 587 233 220 22310741 396431156
 20
 1 119 0 41 1 38 1 5 152593 305186
 2 90 0 44 1 35 1 5 106328 212656
 3 67 0 55 0 27 1 7 88877 177754
 4 71 1 47 1 36 1 4 90526 181052
 5 90 1 55 1 51 1 6 178678 357356
 6 87 0 68 1 40 1 3 182220 364440
 7 87 0 53 1 36 1 11 100323 200646
 8 113 0 47 1 34 1 6 147538 295076
 9 97 0 56 1 35 1 9 115583 231166
 10 90 0 60 0 25 1 11 109234 218468
 11 88 1 75 1 70 1 6 310529 621058
 12 111 0 64 1 51 1 9 282400 564800
 13 105 0 77 0 31 1 13 222498 444996
 14 91 0 33 1 29 1 6 66266 132532
 15 53 1 34 1 31 1 10 39139 78278
 16 73 0 40 1 34 1 11 75523 151046
 17 84 1 56 1 44 1 12 182848 365696
 18 113 0 81 0 29 1 8 200104 400208
 19 89 1 53 1 51 1 10 188617 377234
 20 62 0 30 1 26 1 10 42769 85538
 68 2509205
 587 233 220 25041902 283699820
 20
 1 60 1 44 1 36 1 4 78027 156054
 2 76 1 42 1 40 1 3 113081 226162
 3 65 1 49 1 48 1 6 131725 263450
 4 109 0 92 1 51 1 5 446339 892678
 5 93 0 42 1 31 1 6 105442 210884
 6 83 1 64 1 59 1 3 260007 520014
 7 96 1 90 1 55 1 4 383761 767522
 8 52 1 42 1 31 1 5 41648 83296
 9 98 1 72 1 61 1 6 286866 573732
 10 118 0 98 1 57 1 7 426601 853202
 11 48 1 31 1 25 1 2 31202 62404
 12 75 1 67 1 50 1 4 212639 425278
 13 120 0 66 0 32 1 8 163022 326044
 14 91 1 76 1 65 1 5 378105 756210
 15 102 0 71 1 49 1 9 302498 604996
 16 93 1 89 1 59 1 6 407893 815786
 17 76 0 48 0 23 1 7 67763 135526
 18 63 0 53 0 23 1 4 58653 117306
 19 83 0 59 0 27 1 6 111295 222590
 20 85 1 69 1 53 1 5 189589 379178
 69 2509305
 587 233 220 26940771 377935871
 20
 1 91 0 50 1 32 1 7 104219 208438
 2 118 0 66 1 40 1 13 200341 400682
 3 75 0 69 0 32 1 11 120105 240210
 4 81 0 73 0 32 1 5 166769 333538
 5 97 0 69 0 33 1 8 171597 343194
 6 97 0 31 1 27 1 9 50457 100914
 7 57 1 54 1 29 1 9 71776 143552
 8 77 1 71 1 62 1 7 292218 584436
 9 116 0 84 0 27 1 7 184241 368482
 10 85 0 30 1 29 1 7 47829 95658
 11 112 0 51 1 41 1 7 144940 289880
 12 87 0 81 0 23 1 5 102287 204574
 13 49 1 44 1 26 1 5 41770 83540
 14 63 1 59 1 38 1 10 117335 234670
 15 82 0 44 1 33 1 8 100628 201256
 16 63 1 61 1 44 1 8 134946 269892
 17 69 1 53 1 52 1 9 155121 310242
 18 104 0 78 0 25 1 7 151538 303076
 19 119 0 65 1 37 1 5 191620 383240
 20 76 1 76 1 68 1 8 264358 528716
 70 2509405
 587 233 220 18573858 276035660
 20
 1 56 0 32 1 28 1 3 39437 78874
 2 92 0 68 1 39 1 6 158105 316210
 3 90 0 86 0 29 1 5 185476 370952
 4 73 1 54 1 52 1 7 173468 346936
 5 114 0 100 0 45 1 4 350676 701352
 6 94 0 51 1 36 1 5 124003 248006
 7 108 0 59 1 38 1 8 194273 388546
 8 89 1 82 1 61 1 7 337832 675664
 9 81 1 71 1 43 1 7 177296 354592
 10 61 1 53 1 37 1 8 95156 190312
 11 85 1 70 1 58 1 7 280354 560708
 12 111 0 98 0 39 1 8 366329 732658
 13 66 1 62 1 59 1 3 170555 341110
 14 117 0 87 1 49 1 6 303031 606062
 15 70 1 62 1 40 1 5 129126 258252
 16 36 1 30 1 30 1 4 21150 42300
 17 80 1 62 1 57 1 5 221312 442624
 18 73 1 72 1 54 1 6 243186 486372
 19 89 0 67 1 41 1 4 186305 372610
 20 82 0 51 1 38 1 3 136186 272372
 71 2509505
 587 233 220 25870512 269204220
 20
 1 99 1 64 1 62 1 9 323849 647698
 2 110 0 43 1 37 1 12 152260 304520
 3 96 1 73 1 50 1 5 293017 586034
 4 114 0 53 1 35 1 11 152684 305368
 5 105 0 27 1 22 1 3 53509 107018
 6 75 1 66 1 51 1 3 161572 323144
 7 72 1 61 1 48 1 3 167815 335630
 8 102 0 46 1 32 1 7 128800 257600
 9 59 1 57 1 45 1 5 117612 235224
 10 111 0 45 1 33 1 4 102255 204510
 11 90 1 74 1 58 1 11 237149 474298
 12 55 1 51 1 34 1 3 62543 125086
 13 98 0 73 0 21 1 7 95810 191620
 14 85 0 61 1 35 1 8 122166 244332
 15 41 1 35 1 31 1 8 28216 56432
 16 89 1 86 1 77 1 4 443990 887980
 17 61 1 55 1 47 1 5 130725 261450
 18 96 0 66 1 45 1 6 207302 414604
 19 98 1 79 1 58 1 6 338612 677224
 20 89 0 61 1 34 1 7 132288 264576
 72 2509605
 587 233 220 21133077 328065947
 20
 1 96 1 95 1 68 1 8 543492 1086984
 2 69 1 61 1 35 1 4 98746 197492
 3 107 1 70 1 55 1 3 289844 579688
 4 92 0 85 0 34 1 4 173733 347466
 5 96 0 60 1 31 1 4 108411 216822
 6 66 1 38 1 38 1 5 67368 134736
 7 63 1 57 1 36 1 6 107208 214416
 8 51 1 31 1 31 1 6 30901 61802
 9 100 0 75 1 44 1 8 208186 416372
 10 78 1 66 1 53 1 6 197300 394600
 11 33 1 32 1 29 1 4 20136 40272
 12 81 1 72 1 45 1 12 178246 356492
 13 88 0 57 1 38 1 9 169512 339024
 14 52 0 34 1 21 1 6 32725 65450
 15 112 0 69 0 31 1 6 199520 399040
 16 63 1 59 1 57 1 9 186545 373090
 17 76 1 65 1 48 1 6 182700 365400
 18 92 0 60 1 46 1 7 214997 429994
 19 118 0 55 1 52 1 7 206457 412914
 20 96 0 93 0 22 1 7 163314 326628
 73 2509705
 587 233 220 19045958 242148830
 20
 1 90 0 73 1 37 1 7 216040 432080
 2 102 0 95 0 33 1 4 212327 424654
 3 117 0 38 1 30 1 7 94859 189718
 4 75 1 73 1 57 1 7 205878 411756
 5 86 0 36 1 34 1 8 74712 149424
 6 101 1 81 1 62 1 4 309861 619722
 7 90 1 66 1 65 1 10 313972 627944
 8 76 1 69 1 51 1 6 197110 394220
 9 65 0 30 1 30 1 5 41322 82644
 10 61 1 46 1 37 1 6 85602 171204
 11 96 0 52 1 45 1 6 200732 401464
 12 112 0 57 0 27 1 7 142666 285332
 13 103 1 93 1 54 1 2 337693 675386
 14 110 1 84 1 68 1 7 456374 912748
 15 92 0 30 1 27 1 10 49418 98836
 16 116 0 48 1 33 1 5 111222 222444
 17 70 1 43 1 40 1 3 98451 196902
 18 87 1 64 1 54 1 5 192869 385738
 19 88 0 82 0 32 1 9 142475 284950
 20 102 0 76 1 45 1 3 305512 611024
 74 2509805
 587 233 220 21783423 277054692
 20
 1 86 1 79 1 69 1 6 347298 694596
 2 53 1 46 1 31 1 3 49438 98876
 3 96 0 51 1 37 1 5 128926 257852
 4 119 0 55 1 54 1 5 266539 533078
 5 77 0 74 0 37 1 7 187282 374564
 6 96 0 73 0 24 1 3 134551 269102
 7 75 1 67 1 54 1 8 221162 442324
 8 88 1 71 1 61 1 7 299229 598458
 9 120 0 93 0 46 1 3 382604 765208
 10 104 1 70 1 69 1 5 403080 806160
 11 72 1 69 1 61 1 5 212878 425756
 12 68 1 51 1 43 1 4 111111 222222
 13 118 0 71 1 53 1 5 345573 691146
 14 78 1 57 1 54 1 8 176565 353130
 15 72 0 67 0 22 1 4 93257 186514
 16 84 0 82 0 34 1 3 148429 296858
 17 74 0 72 0 33 1 8 133718 267436
 18 48 1 37 1 36 1 7 54247 108494
 19 69 1 57 1 36 1 4 97357 194714
 20 109 1 68 1 59 1 8 364562 729124
 75 2509905
 587 233 220 20284008 216546119
 20
 1 101 0 81 0 24 1 8 133185 266370
 2 94 0 72 0 29 1 5 157350 314700
 3 79 1 72 1 47 1 7 185869 371738
 4 90 0 36 1 35 1 5 97600 195200
 5 68 1 51 1 40 1 5 105088 210176
 6 48 1 45 1 35 1 11 45388 90776
 7 108 1 84 1 69 1 9 503033 1006066
 8 91 0 45 1 31 1 7 81570 163140
 9 84 1 80 1 62 1 4 348956 697912
 10 77 1 71 1 41 1 6 163685 327370
 11 91 0 78 1 42 1 5 195676 391352
 12 82 1 80 1 60 1 10 277116 554232
 13 89 0 42 1 26 1 3 70835 141670
 14 45 1 41 1 30 1 3 42496 84992
 15 79 0 51 1 29 1 8 97781 195562
 16 56 0 53 0 20 1 10 48376 96752
 17 117 0 78 0 39 1 7 237350 474700
 18 84 0 78 1 42 1 2 197238 394476
 19 118 0 66 1 46 1 7 251039 502078
 20 116 0 42 1 30 1 7 126872 253744
 76 2510005
 587 233 220 18250509 320315535
 20
 1 77 0 42 1 30 1 6 72265 144530
 2 98 0 45 1 28 1 3 106354 212708
 3 61 1 58 1 32 1 3 68052 136104
 4 92 1 77 1 61 1 4 318245 636490
 5 58 0 44 1 27 1 4 48716 97432
 6 108 0 72 1 50 1 7 297091 594182
 7 93 1 72 1 71 1 8 350100 700200
 8 111 0 49 1 30 1 5 115177 230354
 9 79 1 66 1 49 1 5 223628 447256
 10 85 0 74 1 39 1 3 208703 417406
 11 106 0 34 1 33 1 5 74941 149882
 12 113 1 91 1 76 1 11 621159 1242318
 13 57 1 49 1 43 1 9 105531 211062
 14 103 0 80 0 27 1 4 141469 282938
 15 74 0 66 0 31 1 7 92105 184210
 16 112 0 66 0 29 1 4 137214 274428
 17 110 1 83 1 67 1 4 505551 1011102
 18 119 0 56 1 36 1 1 162388 324776
 19 97 0 87 0 22 1 8 126900 253800
 20 53 0 31 1 25 1 4 29362 58724
 77 2510105
 587 233 220 20081548 201982506
 20
 1 73 0 73 0 36 1 11 168086 336172
 2 87 0 49 1 26 1 9 87305 174610
 3 68 1 53 1 44 1 6 136278 272556
 4 73 0 57 1 33 1 6 101189 202378
 5 65 1 49 1 47 1 7 129350 258700
 6 80 0 65 1 35 1 11 110986 221972
 7 72 0 35 1 26 1 13 49354 98708
 8 75 1 68 1 40 1 8 135220 270440
 9 104 0 53 1 34 1 9 120067 240134
 10 97 0 93 0 45 1 6 298326 596652
 11 79 1 54 1 49 1 7 176247 352494
 12 52 1 32 1 27 1 13 34123 68246
 13 84 1 72 1 59 1 8 237883 475766
 14 74 1 71 1 53 1 9 189530 379060
 15 102 0 70 0 27 1 9 130756 261512
 16 80 1 79 1 52 1 6 267247 534494
 17 102 0 87 0 35 1 8 213482 426964
 18 70 0 31 1 27 1 5 40203 80406
 19 60 1 57 1 51 1 3 120443 240886
 20 84 0 76 0 38 1 4 153939 307878
 78 2510205
 587 233 220 24480137 249501447
 20
 1 105 0 68 1 42 1 6 191456 382912
 2 75 0 37 1 24 1 7 41944 83888
 3 79 0 73 0 26 1 11 131304 262608
 4 95 0 53 1 38 1 8 130099 260198
 5 50 1 41 1 40 1 9 71488 142976
 6 80 1 59 1 52 1 6 158021 316042
 7 90 0 74 0 35 1 5 189304 378608
 8 87 1 60 1 60 1 7 238072 476144
 9 68 1 50 1 39 1 3 111698 223396
 10 78 0 64 0 25 1 7 104466 208932
 11 73 1 65 1 52 1 8 184237 368474
 12 83 0 48 1 38 1 8 118047 236094
 13 87 1 76 1 44 1 6 225206 450412
 14 60 0 38 1 26 1 10 37431 74862
 15 82 1 65 1 64 1 4 258589 517178
 16 52 1 48 1 38 1 6 74098 148196
 17 95 1 91 1 63 1 10 470900 941800
 18 111 0 75 0 25 1 4 167420 334840
 19 117 0 81 0 36 1 8 244110 488220
 20 67 1 45 1 38 1 9 69092 138184
 79 2510305
 587 233 220 18242447 305733342
 20
 1 64 1 48 1 46 1 6 107052 214104
 2 79 0 25 1 22 1 9 37450 74900
 3 89 0 85 0 33 1 12 200662 401324
 4 79 0 66 1 34 1 12 155558 311116
 5 79 0 54 1 31 1 10 89778 179556
 6 115 0 95 0 22 1 7 162433 324866
 7 76 1 54 1 44 1 10 160050 320100
 8 80 0 44 1 29 1 8 71371 142742
 9 66 0 33 1 26 1 6 43314 86628
 10 50 1 32 1 32 1 8 44872 89744
 11 116 0 93 0 21 1 14 161197 322394
 12 113 0 64 1 50 1 6 281708 563416
 13 101 0 80 0 31 1 4 171108 342216
 14 96 0 76 1 46 1 8 221770 443540
 15 61 0 61 0 26 1 5 59567 119134
 16 108 0 26 1 23 1 9 40130 80260
 17 96 0 88 0 31 1 7 191776 383552
 18 80 1 61 1 47 1 9 153850 307700
 19 87 0 74 0 35 1 11 136274 272548
 20 61 1 51 1 50 1 5 124137 248274
 80 2510405
 587 233 220 23295039 351778850
 20
 1 78 1 59 1 54 1 4 173579 347158
 2 120 0 52 0 20 1 10 75212 150424
 3 100 1 67 1 54 1 5 293043 586086
 4 91 0 59 1 37 1 6 131650 263300
 5 112 0 57 1 56 1 7 271276 542552
 6 88 0 46 1 34 1 3 104991 209982
 7 108 0 78 1 53 1 8 310294 620588
 8 100 0 48 1 29 1 12 89187 178374
 9 89 0 88 0 21 1 6 131083 262166
 10 90 0 40 1 21 1 10 62770 125540
 11 89 0 37 1 36 1 4 72227 144454
 12 62 0 53 0 20 1 9 55545 111090
 13 116 0 48 1 40 1 7 170547 341094
 14 64 0 49 1 32 1 5 84808 169616
 15 63 1 56 1 41 1 3 108571 217142
 16 76 1 75 1 70 1 6 321273 642546
 17 100 1 81 1 59 1 4 397816 795632
 18 102 1 95 1 74 1 8 587193 1174386
 19 66 1 56 1 50 1 6 118431 236862
 20 58 0 33 1 22 1 5 33385 66770
 81 2510505
 587 233 220 19747143 233154459
 20
 1 110 0 60 1 55 1 2 315964 631928
 2 80 1 78 1 71 1 6 324382 648764
 3 110 0 75 1 50 1 1 331004 662008
 4 100 0 72 1 40 1 4 191117 382234
 5 103 0 60 1 32 1 5 133558 267116
 6 70 1 60 1 49 1 7 129367 258734
 7 80 1 72 1 62 1 6 256549 513098
 8 120 1 74 1 67 1 8 504932 1009864
 9 75 0 52 1 37 1 5 121118 242236
 10 57 1 54 1 48 1 6 107732 215464
 11 62 1 55 1 53 1 5 152438 304876
 12 83 0 73 0 36 1 6 174059 348118
 13 75 1 64 1 40 1 7 124933 249866
 14 98 0 80 0 31 1 6 194280 388560
 15 112 0 100 1 52 1 3 465086 930172
 16 56 1 49 1 44 1 6 102786 205572
 17 74 0 28 1 26 1 4 33571 67142
 18 68 1 67 1 52 1 5 183817 367634
 19 116 0 96 0 27 1 10 240699 481398
 20 92 0 65 1 45 1 8 214392 428784
 82 2510605
 587 233 220 23636375 332308678
 20
 1 65 1 51 1 50 1 6 127478 254956
 2 113 0 78 0 28 1 9 164631 329262
 3 120 0 35 1 32 1 5 85150 170300
 4 71 0 53 0 20 1 7 63292 126584
 5 94 1 70 1 64 1 4 304222 608444
 6 64 0 33 1 32 1 10 45115 90230
 7 71 0 35 1 21 1 7 31811 63622
 8 85 1 59 1 49 1 4 201181 402362
 9 108 0 62 1 53 1 7 252801 505602
 10 116 0 56 0 25 1 6 101160 202320
 11 75 0 69 1 35 1 8 137169 274338
 12 114 0 85 1 53 1 5 457653 915306
 13 55 0 35 1 20 1 6 26728 53456
 14 89 1 72 1 66 1 5 316776 633552
 15 92 1 62 1 47 1 7 185275 370550
 16 103 0 99 0 42 1 7 350812 701624
 17 66 0 55 1 32 1 8 91288 182576
 18 93 0 62 1 39 1 5 165208 330416
 19 86 1 64 1 50 1 5 189485 378970
 20 75 1 71 1 68 1 10 280222 560444
 83 2510705
 587 233 220 25201654 308526053
 20
 1 83 1 71 1 46 1 13 192690 385380
 2 76 1 63 1 54 1 4 226195 452390
 3 91 0 56 1 40 1 8 157232 314464
 4 61 1 42 1 34 1 7 77512 155024
 5 84 1 67 1 47 1 6 229148 458296
 6 95 1 79 1 57 1 8 336945 673890
 7 90 0 80 0 23 1 4 101440 202880
 8 69 0 43 1 28 1 7 64790 129580
 9 72 1 69 1 48 1 7 192526 385052
 10 83 1 64 1 58 1 4 245011 490022
 11 99 0 94 0 24 1 8 174301 348602
 12 96 1 69 1 53 1 7 241653 483306
 13 71 1 70 1 36 1 7 118738 237476
 14 57 1 52 1 45 1 5 90445 180890
 15 99 0 71 1 43 1 8 228669 457338
 16 72 0 71 0 27 1 9 110698 221396
 17 59 0 37 1 22 1 6 31705 63410
 18 86 1 56 1 44 1 10 181273 362546
 19 80 1 55 1 41 1 6 152388 304776
 20 78 0 58 1 30 1 5 118618 237236
 84 2510805
 587 233 220 25821191 410626675
 20
 1 114 0 77 1 42 1 8 223611 447222
 2 105 1 81 1 74 1 5 522782 1045564
 3 76 1 73 1 50 1 9 228374 456748
 4 104 0 91 0 41 1 10 273276 546552
 5 75 0 70 0 23 1 6 72542 145084
 6 93 0 67 0 20 1 8 80042 160084
 7 89 0 54 0 25 1 6 80215 160430
 8 89 0 46 1 28 1 10 81098 162196
 9 36 1 35 1 24 1 7 20586 41172
 10 72 0 50 1 29 1 8 85959 171918
 11 72 1 41 1 38 1 9 93539 187078
 12 84 0 32 1 24 1 9 56718 113436
 13 85 0 53 1 31 1 5 91203 182406
 14 115 0 94 0 38 1 5 319563 639126
 15 60 1 51 1 38 1 10 69878 139756
 16 74 1 46 1 40 1 8 87961 175922
 17 52 1 50 1 41 1 10 68965 137930
 18 85 1 58 1 50 1 10 189166 378332
 19 116 0 78 0 34 1 5 254212 508424
 20 85 0 53 1 41 1 6 163910 327820
 85 2510905
 587 233 220 26165561 330281344
 20
 1 55 0 37 1 22 1 5 32803 65606
 2 72 0 55 1 31 1 10 76522 153044
 3 61 1 56 1 36 1 4 109946 219892
 4 76 0 72 0 22 1 5 104452 208904
 5 74 1 66 1 61 1 5 241483 482966
 6 43 1 39 1 32 1 8 36902 73804
 7 108 0 98 0 27 1 4 253311 506622
 8 109 1 73 1 65 1 6 319869 639738
 9 97 0 92 0 40 1 7 278358 556716
 10 109 1 80 1 62 1 6 340401 680802
 11 57 1 57 1 45 1 3 101993 203986
 12 114 0 43 1 41 1 6 160534 321068
 13 100 1 69 1 67 1 6 309675 619350
 14 82 0 68 0 24 1 4 98529 197058
 15 97 0 34 1 31 1 3 76359 152718
 16 99 1 95 1 60 1 7 375114 750228
 17 79 1 45 1 45 1 7 119754 239508
 18 44 1 35 1 30 1 2 40348 80696
 19 85 1 65 1 55 1 6 271557 543114
 20 100 1 91 1 76 1 4 612583 1225166
 86 2511005
 587 233 220 23242649 353170031
 20
 1 87 0 33 1 28 1 8 70816 141632
 2 97 1 70 1 57 1 8 274626 549252
 3 71 1 57 1 38 1 9 115510 231020
 4 63 1 53 1 47 1 6 140480 280960
 5 77 0 56 1 37 1 7 115995 231990
 6 102 0 67 1 47 1 5 228256 456512
 7 72 0 31 1 29 1 7 46962 93924
 8 84 0 58 1 38 1 6 114610 229220
 9 84 1 57 1 56 1 6 221361 442722
 10 88 0 76 0 33 1 5 193285 386570
 11 109 1 76 1 73 1 10 448033 896066
 12 57 1 55 1 54 1 2 152203 304406
 13 115 0 26 1 25 1 7 57392 114784
 14 71 1 50 1 41 1 8 130376 260752
 15 102 0 59 0 29 1 8 108669 217338
 16 69 1 67 1 45 1 5 177794 355588
 17 50 1 46 1 38 1 5 53785 107570
 18 78 0 76 0 38 1 10 172496 344992
 19 95 0 55 1 31 1 3 140300 280600
 20 98 0 83 0 38 1 9 225985 451970
 87 2511105
 587 233 220 24382024 399592214
 20
 1 119 0 34 1 28 1 5 86970 173940
 2 84 1 69 1 48 1 6 169816 339632
 3 97 1 82 1 78 1 7 505749 1011498
 4 109 0 43 1 33 1 6 110427 220854
 5 80 1 75 1 47 1 5 203847 407694
 6 74 0 62 0 30 1 11 87215 174430
 7 40 1 35 1 31 1 10 36197 72394
 8 58 0 43 1 26 1 3 52191 104382
 9 111 1 73 1 71 1 4 463162 926324
 10 95 0 66 1 43 1 7 181713 363426
 11 96 0 82 0 28 1 8 141156 282312
 12 84 1 73 1 66 1 5 252624 505248
 13 62 1 42 1 38 1 6 76948 153896
 14 108 1 91 1 58 1 9 503817 1007634
 15 96 0 81 0 25 1 2 122704 245408
 16 42 1 35 1 31 1 4 31407 62814
 17 75 0 54 1 30 1 5 105157 210314
 18 117 0 50 1 33 1 7 168583 337166
 19 115 0 68 1 49 1 6 303969 607938
 20 105 1 66 1 60 1 1 250854 501708
 88 2511205
 587 233 220 25862547 426908051
 20
 1 100 0 60 1 40 1 5 156159 312318
 2 89 0 67 1 34 1 4 137408 274816
 3 92 0 80 0 38 1 7 219246 438492
 4 90 0 81 0 24 1 12 113296 226592
 5 84 0 52 1 38 1 8 100031 200062
 6 77 1 54 1 46 1 6 128765 257530
 7 90 0 49 1 33 1 5 112204 224408
 8 78 0 45 1 27 1 9 68903 137806
 9 76 0 57 0 28 1 11 81352 162704
 10 102 0 38 1 27 1 4 68473 136946
 11 55 1 45 1 39 1 7 58733 117466
 12 115 0 78 0 29 1 4 164746 329492
 13 98 1 58 1 53 1 6 207295 414590
 14 75 1 64 1 44 1 11 145150 290300
 15 61 0 57 0 20 1 5 58361 116722
 16 94 1 92 1 78 1 6 561278 1122556
 17 114 0 58 1 42 1 7 187339 374678
 18 98 0 67 0 27 1 7 118585 237170
 19 85 1 79 1 45 1 12 218825 437650
 20 111 0 49 0 22 1 6 79519 159038
 89 2511305
 587 233 220 22137185 361960567
 20
 1 95 0 92 0 46 1 4 261762 523524
 2 65 1 60 1 40 1 5 126636 253272
 3 103 1 62 1 59 1 3 257121 514242
 4 71 1 65 1 52 1 9 183917 367834
 5 119 0 87 0 28 1 6 224117 448234
 6 109 1 92 1 78 1 6 515501 1031002
 7 58 1 54 1 35 1 6 67855 135710
 8 98 1 73 1 64 1 5 314835 629670
 9 44 1 44 1 40 1 1 58101 116202
 10 70 0 69 1 35 1 7 122665 245330
 11 119 0 61 1 58 1 5 270199 540398
 12 89 1 55 1 45 1 10 160733 321466
 13 75 1 68 1 58 1 5 213705 427410
 14 43 1 37 1 30 1 3 31061 62122
 15 95 0 77 1 41 1 9 247830 495660
 16 65 1 63 1 63 1 4 165081 330162
 17 107 1 70 1 62 1 6 291414 582828
 18 109 0 69 0 21 1 4 110196 220392
 19 54 0 34 1 21 1 4 26134 52268
 20 118 0 45 1 32 1 3 149810 299620
 90 2511405
 587 233 220 23944347 463794973
 20
 1 91 0 52 1 33 1 5 137008 274016
 2 87 1 81 1 63 1 3 363011 726022
 3 113 0 79 1 45 1 6 280141 560282
 4 114 0 52 1 45 1 8 210189 420378
 5 110 1 90 1 66 1 6 414551 829102
 6 81 0 41 1 31 1 4 80885 161770
 7 108 0 67 1 37 1 5 166812 333624
 8 118 0 82 1 57 1 4 381425 762850
 9 96 0 60 0 30 1 4 122512 245024
 10 43 1 42 1 36 1 5 40769 81538
 11 93 1 78 1 77 1 6 464161 928322
 12 85 0 62 0 25 1 6 81245 162490
 13 93 0 83 0 30 1 5 176444 352888
 14 101 1 87 1 77 1 3 479884 959768
 15 112 0 72 1 56 1 7 331836 663672
 16 49 1 39 1 31 1 7 46810 93620
 17 100 0 67 1 38 1 1 193096 386192
 18 76 1 59 1 41 1 4 137836 275672
 19 114 1 64 1 59 1 4 341253 682506
 20 91 0 68 0 34 1 4 160222 320444
 91 2511505
 587 233 220 22173630 246190061
 20
 1 86 1 65 1 57 1 4 239139 478278
 2 61 1 37 1 32 1 3 46931 93862
 3 39 1 33 1 27 1 8 31016 62032
 4 85 0 33 1 26 1 5 46842 93684
 5 101 0 94 0 42 1 3 331418 662836
 6 65 1 53 1 46 1 4 135486 270972
 7 76 1 72 1 39 1 5 139851 279702
 8 47 1 42 1 25 1 3 36211 72422
 9 93 1 76 1 60 1 4 339092 678184
 10 95 1 74 1 51 1 8 226019 452038
 11 97 0 66 0 32 1 4 184315 368630
 12 116 0 78 0 37 1 6 225046 450092
 13 98 0 53 1 47 1 5 212245 424490
 14 68 1 63 1 60 1 9 200564 401128
 15 93 1 91 1 68 1 7 503436 1006872
 16 90 0 88 0 35 1 3 244054 488108
 17 93 1 71 1 66 1 5 344059 688118
 18 100 1 89 1 70 1 6 467076 934152
 19 94 0 84 0 35 1 9 206766 413532
 20 74 0 40 1 30 1 5 63083 126166
 92 2511605
 587 233 220 22256899 435392295
 20
 1 96 1 82 1 63 1 6 298782 597564
 2 74 1 63 1 59 1 7 222907 445814
 3 86 0 60 1 43 1 5 160854 321708
 4 90 1 67 1 57 1 10 272998 545996
 5 97 1 91 1 80 1 6 438263 876526
 6 116 0 61 0 28 1 2 169698 339396
 7 86 0 41 1 35 1 4 92072 184144
 8 67 0 44 1 26 1 7 62299 124598
 9 115 0 79 0 31 1 10 237119 474238
 10 62 1 59 1 46 1 5 119600 239200
 11 49 1 41 1 39 1 3 66157 132314
 12 55 1 48 1 33 1 10 68268 136536
 13 113 1 89 1 63 1 7 417189 834378
 14 49 1 36 1 33 1 3 36719 73438
 15 71 1 63 1 54 1 4 182957 365914
 16 62 0 58 0 21 1 7 67943 135886
 17 85 0 75 0 34 1 4 168037 336074
 18 64 1 61 1 50 1 9 164733 329466
 19 73 1 53 1 48 1 4 139774 279548
 20 57 1 53 1 47 1 5 113039 226078
 93 2511705
 587 233 220 22093370 244499049
 20
 1 78 0 69 1 37 1 4 152299 304598
 2 115 1 90 1 58 1 7 404107 808214
 3 68 0 53 0 20 1 5 57732 115464
 4 119 0 71 1 47 1 6 346975 693950
 5 100 1 82 1 57 1 3 282796 565592
 6 88 1 76 1 52 1 3 222449 444898
 7 95 0 90 0 43 1 6 255139 510278
 8 87 1 72 1 62 1 7 318657 637314
 9 80 1 66 1 47 1 3 161892 323784
 10 120 1 78 1 67 1 4 382820 765640
 11 103 1 65 1 60 1 3 361272 722544
 12 86 1 60 1 50 1 4 215212 430424
 13 80 0 49 1 37 1 5 123182 246364
 14 94 0 83 0 36 1 4 183855 367710
 15 92 1 59 1 51 1 6 205162 410324
 16 118 0 67 1 35 1 5 166291 332582
 17 80 1 78 1 62 1 4 276887 553774
 18 91 0 58 1 33 1 5 106465 212930
 19 114 0 78 1 49 1 4 299795 599590
 20 76 1 54 1 40 1 2 114738 229476
 94 2511805
 587 233 220 25755419 466861598
 20
 1 75 1 73 1 69 1 8 300477 600954
 2 66 1 56 1 40 1 5 119834 239668
 3 64 1 51 1 41 1 8 96817 193634
 4 90 0 52 1 28 1 9 83813 167626
 5 73 0 33 1 28 1 9 58868 117736
 6 91 1 76 1 60 1 7 323397 646794
 7 54 1 45 1 28 1 10 47304 94608
 8 107 1 81 1 56 1 7 406922 813844
 9 63 1 53 1 44 1 10 126658 253316
 10 88 1 75 1 50 1 11 232114 464228
 11 79 0 76 0 20 1 2 79314 158628
 12 116 1 71 1 66 1 7 368576 737152
 13 84 0 52 1 35 1 6 115662 231324
 14 61 0 56 0 22 1 4 48694 97388
 15 54 1 53 1 31 1 4 70176 140352
 16 86 1 85 1 53 1 6 319625 639250
 17 84 0 71 0 29 1 8 126549 253098
 18 80 1 52 1 41 1 7 147365 294730
 19 83 0 33 1 26 1 4 56241 112482
 20 99 0 60 1 38 1 2 165413 330826
 95 2511905
 587 233 220 19097720 330414025
 20
 1 101 0 69 0 20 1 5 91543 183086
 2 108 0 66 1 54 1 8 308696 617392
 3 74 0 62 1 33 1 9 121713 243426
 4 69 0 61 1 33 1 8 105587 211174
 5 71 0 64 0 31 1 7 105515 211030
 6 38 1 32 1 30 1 6 25818 51636
 7 108 0 47 1 37 1 10 147400 294800
 8 100 0 41 1 36 1 7 94319 188638
 9 99 0 79 0 39 1 8 194728 389456
 10 83 0 55 0 22 1 7 77985 155970
 11 99 0 49 1 36 1 6 112104 224208
 12 83 0 56 0 22 1 7 73175 146350
 13 66 1 52 1 44 1 6 117295 234590
 14 120 0 69 0 29 1 5 178011 356022
 15 101 0 90 1 50 1 6 363481 726962
 16 58 1 54 1 39 1 9 79539 159078
 17 88 1 64 1 58 1 4 270841 541682
 18 82 1 52 1 46 1 7 159594 319188
 19 63 1 63 1 53 1 8 128159 256318
 20 82 1 67 1 60 1 13 266877 533754
 96 2512005
 587 233 220 24038392 371018354
 20
 1 64 0 42 1 26 1 9 50139 100278
 2 92 1 58 1 52 1 7 238219 476438
 3 92 0 85 0 21 1 8 131204 262408
 4 90 0 49 1 33 1 8 128110 256220
 5 54 1 48 1 34 1 6 54267 108534
 6 95 0 62 1 45 1 6 229476 458952
 7 72 1 49 1 46 1 8 104993 209986
 8 56 0 42 1 25 1 10 46700 93400
 9 64 0 34 1 26 1 5 35408 70816
 10 113 0 90 1 54 1 6 331255 662510
 11 113 0 52 1 42 1 5 182380 364760
 12 94 0 86 0 38 1 6 204557 409114
 13 81 1 80 1 68 1 5 321652 643304
 14 87 1 79 1 55 1 9 282143 564286
 15 81 1 52 1 45 1 13 126689 253378
 16 113 0 32 1 24 1 10 67453 134906
 17 92 0 57 0 25 1 5 114765 229530
 18 100 0 40 1 33 1 6 82319 164638
 19 113 0 93 0 40 1 6 272647 545294
 20 74 0 65 0 22 1 13 79357 158714
 97 2512105
 587 233 220 24729804 318232709
 20
 1 74 0 60 1 32 1 7 97843 195686
 2 100 0 50 1 43 1 7 157566 315132
 3 95 0 74 1 42 1 6 199523 399046
 4 95 0 70 0 30 1 8 175766 351532
 5 45 1 37 1 24 1 4 30970 61940
 6 67 0 60 0 25 1 9 86717 173434
 7 55 1 51 1 35 1 4 81912 163824
 8 76 1 71 1 61 1 6 238393 476786
 9 119 0 88 1 51 1 8 376387 752774
 10 98 0 81 0 26 1 6 174596 349192
 11 86 1 69 1 61 1 7 323700 647400
 12 117 0 54 1 30 1 3 129248 258496
 13 96 0 40 1 24 1 4 63124 126248
 14 54 1 52 1 41 1 7 100109 200218
 15 89 0 61 1 41 1 8 177719 355438
 16 82 1 81 1 71 1 8 349864 699728
 17 97 1 53 1 49 1 5 154681 309362
 18 74 0 72 0 35 1 5 150966 301932
 19 83 1 77 1 47 1 7 217472 434944
 20 80 1 48 1 45 1 5 111556 223112
 98 2512205
 587 233 220 22351908 284024003
 20
 1 106 0 55 1 38 1 8 182859 365718
 2 69 1 50 1 48 1 11 112068 224136
 3 106 1 63 1 57 1 11 323093 646186
 4 71 1 66 1 51 1 5 162279 324558
 5 62 1 41 1 36 1 9 81711 163422
 6 75 1 49 1 39 1 7 128779 257558
 7 90 1 64 1 53 1 9 265411 530822
 8 96 1 79 1 55 1 10 373430 746860
 9 83 1 75 1 67 1 5 289217 578434
 10 58 1 48 1 30 1 6 67411 134822
 11 81 0 59 0 24 1 8 77200 154400
 12 71 1 56 1 41 1 4 140600 281200
 13 111 0 76 1 40 1 8 214533 429066
 14 113 0 27 1 26 1 4 62239 124478
 15 50 1 41 1 36 1 8 55446 110892
 16 57 1 55 1 50 1 7 95357 190714
 17 42 0 25 1 21 1 7 17898 35796
 18 115 0 44 1 29 1 3 100633 201266
 19 78 1 54 1 52 1 9 169310 338620
 20 87 0 68 0 31 1 5 151292 302584
 99 2512305
 587 233 220 20492181 397951239
 20
 1 51 1 46 1 44 1 9 64427 128854
 2 95 0 92 1 47 1 12 252735 505470
 3 116 0 39 1 23 1 9 71839 143678
 4 51 1 37 1 32 1 5 41780 83560
 5 117 0 44 1 38 1 8 170885 341770
 6 103 1 89 1 73 1 7 592385 1184770
 7 73 1 55 1 54 1 8 189806 379612
 8 116 0 98 0 40 1 5 353598 707196
 9 62 0 48 0 22 1 5 55760 111520
 10 106 0 38 1 30 1 9 107788 215576
 11 100 0 40 1 32 1 8 95254 190508
 12 87 0 53 0 26 1 8 72754 145508
 13 57 1 35 1 35 1 9 57127 114254
 14 80 1 75 1 75 1 5 285999 571998
 15 111 0 88 0 32 1 6 279273 558546
 16 109 0 42 1 29 1 6 107659 215318
 17 49 1 35 1 29 1 7 39225 78450
 18 92 0 65 0 23 1 4 114976 229952
 19 112 0 32 1 30 1 8 79351 158702
 20 94 0 90 0 30 1 7 174801 349602
 100 2512405
 587 233 220 18539319 231849388
 20
 1 78 1 49 1 47 1 6 140403 280806
 2 46 1 45 1 43 1 4 74365 148730
 3 98 0 44 1 36 1 4 98488 196976
 4 100 0 89 0 31 1 8 194502 389004
 5 108 0 76 1 47 1 6 262223 524446
 6 75 0 36 1 28 1 6 64021 128042
 7 108 1 82 1 56 1 5 303950 607900
 8 45 1 41 1 24 1 4 30270 60540
 9 103 0 48 1 38 1 8 149943 299886
 10 74 1 62 1 46 1 7 146809 293618
 11 96 0 56 1 44 1 11 176252 352504
 12 117 0 64 1 42 1 4 220332 440664
 13 73 1 71 1 50 1 9 173240 346480
 14 61 1 48 1 47 1 3 90958 181916
 15 91 0 49 1 27 1 9 103486 206972
 16 78 0 77 0 28 1 7 103371 206742
 17 119 0 78 0 34 1 3 218144 436288
 18 106 1 78 1 63 1 6 374589 749178
 19 82 1 68 1 62 1 6 232978 465956
 20 100 1 73 1 53 1 6 288104 576208
