 100
 1 2502505
 587 233 220 13117752 125124408
 1
 1 108 0 76 0 30 1 122 134145 1297649
 2 2502605
 587 233 220 12107716 104637356
 1
 1 49 0 25 1 21 1 1169 12854 112701
 3 2502705
 587 233 220 17684044 170342771
 1
 1 97 0 81 0 27 1 141 111358 1017129
 4 2502805
 587 233 220 16988655 158006229
 1
 1 113 0 92 0 33 1 87 173559 1186304
 5 2502905
 587 233 220 15582586 97217661
 1
 1 88 0 54 1 39 1 162 93627 596847
 6 2503005
 587 233 220 16107144 151794500
 1
 1 86 1 84 1 45 1 92 152767 958694
 7 2503105
 587 233 220 15277730 113030503
 1
 1 118 0 79 1 51 1 63 195508 1449111
 8 2503205
 587 233 220 15906374 119327991
 1
 1 75 1 58 1 57 1 121 107920 692454
 9 2503305
 587 233 220 14321483 86223764
 1
 1 90 1 70 1 63 1 75 209717 1839794
 10 2503405
 587 233 220 17784506 147427188
 1
 1 68 0 66 0 31 1 216 76207 677460
 11 2503505
 587 233 220 13848209 87870006
 1
 1 74 1 63 1 61 1 105 136638 1314181
 12 2503605
 587 233 220 14807497 119296800
 1
 1 95 1 80 1 57 1 69 187519 1650140
 13 2503705
 587 233 220 16944573 133420057
 1
 1 52 0 36 1 25 1 642 23296 170109
 14 2503805
 587 233 220 17834053 116834795
 1
 1 68 0 48 1 31 1 297 54290 506158
 15 2503905
 587 233 220 14924069 125015111
 1
 1 100 0 44 1 37 1 184 83398 664730
 16 2504005
 587 233 220 13023473 129885393
 1
 1 43 1 40 1 39 1 448 37881 293828
 17 2504105
 587 233 220 13190471 128527843
 1
 1 72 0 49 1 35 1 243 60330 585768
 18 2504205
 587 233 220 13292600 106772588
 1
 1 104 0 55 1 30 1 175 79076 487618
 19 2504305
 587 233 220 16274771 129668703
 1
 1 60 0 45 1 26 1 428 31959 295136
 20 2504405
 587 233 220 15471449 128369265
 1
 1 97 1 77 1 66 1 61 217369 1749942
 21 2504505
 587 233 220 14166213 118508022
 1
 1 109 1 93 1 72 1 41 398923 2863257
 22 2504605
 587 233 220 13450436 132567290
 1
 1 89 1 78 1 50 1 86 187153 1634289
 23 2504705
 587 233 220 18018415 146067970
 1
 1 84 0 81 0 23 1 192 70632 591313
 24 2504805
 587 233 220 14340517 97771843
 1
 1 113 0 80 0 29 1 114 142593 1010627
 25 2504905
 587 233 220 17143486 160277924
 1
 1 75 0 54 1 35 1 212 57429 417292
 26 2505005
 587 233 220 17982995 149400506
 1
 1 86 0 71 1 41 1 120 140645 1162181
 27 2505105
 587 233 220 12913758 100538231
 1
 1 118 0 66 1 47 1 82 168922 1120289
 28 2505205
 587 233 220 16439492 111545009
 1
 1 62 1 59 1 52 1 158 89597 649997
 29 2505305
 587 233 220 18006179 128456355
 1
 1 91 1 58 1 57 1 100 142381 1050969
 30 2505405
 587 233 220 13642200 88441509
 1
 1 64 0 53 1 32 1 277 53292 459691
 31 2505505
 587 233 220 16393394 159673996
 1
 1 70 1 63 1 49 1 139 111311 1015784
 32 2505605
 587 233 220 16673041 148402616
 1
 1 95 0 76 1 44 1 94 179049 1172565
 33 2505705
 587 233 220 12252476 111677367
 1
 1 40 1 36 1 21 1 995 17527 153234
 34 2505805
 587 233 220 14337703 102891858
 1
 1 68 0 35 1 27 1 468 31555 222947
 35 2505905
 587 233 220 15191694 148915793
 1
 1 100 0 33 1 31 1 294 49790 401749
 36 2506005
 587 233 220 13394588 119676706
 1
 1 41 1 39 1 26 1 723 19281 144235
 37 2506105
 587 233 220 17881198 174725623
 1
 1 98 0 73 1 44 1 95 151664 1513161
 38 2506205
 587 233 220 17369848 132194793
 1
 1 104 0 94 1 50 1 61 255081 2277773
 39 2506305
 587 233 220 14273711 87043424
 1
 1 89 1 56 1 45 1 134 102501 877363
 40 2506405
 587 233 220 12619144 116282322
 1
 1 85 1 77 1 62 1 74 223037 1453518
 41 2506505
 587 233 220 17643153 157346535
 1
 1 109 1 80 1 68 1 50 239073 1710130
 42 2506605
 587 233 220 17861393 123774367
 1
 1 76 1 74 1 50 1 107 143936 906773
 43 2506705
 587 233 220 15048674 105185833
 1
 1 82 1 80 1 71 1 64 261580 2340428
 44 2506805
 587 233 220 16350219 153843925
 1
 1 114 0 67 0 25 1 157 111670 896442
 45 2506905
 587 233 220 12915275 81180878
 1
 1 63 0 55 1 31 1 280 49727 452729
 46 2507005
 587 233 220 17710034 116726507
 1
 1 86 0 58 1 36 1 167 86634 734945
 47 2507105
 587 233 220 17266993 119903810
 1
 1 118 0 54 1 42 1 112 140673 1026003
 48 2507205
 587 233 220 15476178 139283131
 1
 1 59 1 49 1 48 1 216 81873 622222
 49 2507305
 587 233 220 13254605 127818813
 1
 1 91 0 54 1 45 1 136 124831 1167384
 50 2507405
 587 233 220 14547560 93721299
 1
 1 60 1 40 1 32 1 391 30748 198727
 51 2507505
 587 233 220 13752456 86919067
 1
 1 66 1 64 1 36 1 197 87339 859009
 52 2507605
 587 233 220 14957265 139806224
 1
 1 96 0 72 0 31 1 140 115457 777637
 53 2507705
 587 233 220 16027276 142055230
 1
 1 78 0 37 1 27 1 386 34590 315977
 54 2507805
 587 233 220 17372626 146978574
 1
 1 99 0 68 0 23 1 194 72266 711271
 55 2507905
 587 233 220 14227253 85612149
 1
 1 100 0 94 0 28 1 114 146251 1367938
 56 2508005
 587 233 220 16556970 130271128
 1
 1 90 0 41 1 34 1 239 73765 661404
 57 2508105
 587 233 220 12066991 93115257
 1
 1 85 0 73 1 40 1 121 115370 1023941
 58 2508205
 587 233 220 15455089 130695975
 1
 1 105 0 81 1 46 1 76 193993 1683585
 59 2508305
 587 233 220 14671698 100651443
 1
 1 76 1 52 1 46 1 165 103724 648090
 60 2508405
 587 233 220 17626286 148173802
 1
 1 78 1 72 1 58 1 92 190145 1292474
 61 2508505
 587 233 220 17563921 164347205
 1
 1 109 1 68 1 64 1 63 223370 2080715
 62 2508605
 587 233 220 15601046 113123540
 1
 1 70 1 63 1 50 1 136 104141 885441
 63 2508705
 587 233 220 15825111 148899814
 1
 1 82 1 76 1 59 1 81 155468 941517
 64 2508805
 587 233 220 12374921 82774448
 1
 1 114 0 54 0 20 1 244 73076 493896
 65 2508905
 587 233 220 16428199 160313750
 1
 1 55 0 50 1 26 1 420 36966 302115
 66 2509005
 587 233 220 16422274 140188385
 1
 1 87 0 45 1 32 1 240 65321 600192
 67 2509105
 587 233 220 13891886 120258634
 1
 1 119 0 41 1 38 1 162 110535 1022652
 68 2509205
 587 233 220 15171119 91204759
 1
 1 60 1 44 1 36 1 316 38383 382474
 69 2509305
 587 233 220 13870072 129615705
 1
 1 91 0 50 1 32 1 206 85358 519561
 70 2509405
 587 233 220 17821395 158714083
 1
 1 56 0 32 1 28 1 599 22397 151534
 71 2509505
 587 233 220 13519880 133148517
 1
 1 99 1 64 1 62 1 76 183748 1149339
 72 2509605
 587 233 220 12714330 83877367
 1
 1 96 1 95 1 68 1 48 294301 2836017
 73 2509705
 587 233 220 12895039 109792230
 1
 1 90 0 73 1 37 1 123 132637 1129817
 74 2509805
 587 233 220 16188401 128589799
 1
 1 86 1 79 1 69 1 64 222873 2121467
 75 2509905
 587 233 220 15427388 101811191
 1
 1 101 0 81 0 24 1 153 107049 959309
 76 2510005
 587 233 220 15980507 143261435
 1
 1 77 0 42 1 30 1 310 49967 342696
 77 2510105
 587 233 220 14319899 94473400
 1
 1 73 0 73 0 36 1 156 87326 588559
 78 2510205
 587 233 220 16605218 152339986
 1
 1 105 0 68 1 42 1 100 151657 1409209
 79 2510305
 587 233 220 12972635 93134400
 1
 1 64 1 48 1 46 1 212 77719 625451
 80 2510405
 587 233 220 15226035 121454704
 1
 1 78 1 59 1 54 1 121 141496 1306358
 81 2510505
 587 233 220 15964938 101342646
 1
 1 110 0 60 1 55 1 82 181152 1268452
 82 2510605
 587 233 220 12148130 98021552
 1
 1 65 1 51 1 50 1 181 78493 749454
 83 2510705
 587 233 220 13891932 90028715
 1
 1 83 1 71 1 46 1 110 116417 738722
 84 2510805
 587 233 220 15209298 95381590
 1
 1 114 0 77 1 42 1 81 219087 1575918
 85 2510905
 587 233 220 13393170 107717305
 1
 1 55 0 37 1 22 1 672 18413 122156
 86 2511005
 587 233 220 13404735 122000354
 1
 1 87 0 33 1 28 1 374 47877 309092
 87 2511105
 587 233 220 16336166 98297148
 1
 1 119 0 34 1 28 1 265 64781 490563
 88 2511205
 587 233 220 12984170 92583490
 1
 1 100 0 60 1 40 1 125 106917 670276
 89 2511305
 587 233 220 14331156 142179698
 1
 1 95 0 92 0 46 1 74 164055 1354695
 90 2511405
 587 233 220 15204368 101268691
 1
 1 91 0 52 1 33 1 192 75048 675123
 91 2511505
 587 233 220 15497394 93186085
 1
 1 86 1 65 1 57 1 94 149590 1039780
 92 2511605
 587 233 220 17490692 133673598
 1
 1 96 1 82 1 63 1 60 239324 1764014
 93 2511705
 587 233 220 14460147 121472620
 1
 1 78 0 69 1 37 1 151 115506 815284
 94 2511805
 587 233 220 13786341 109127529
 1
 1 75 1 73 1 69 1 79 198866 1832041
 95 2511905
 587 233 220 12735532 78227802
 1
 1 101 0 69 0 20 1 215 82291 603670
 96 2512005
 587 233 220 14184470 86329125
 1
 1 64 0 42 1 26 1 430 29686 213976
 97 2512105
 587 233 220 14217649 99673507
 1
 1 74 0 60 1 32 1 211 74268 663632
 98 2512205
 587 233 220 17838935 109465407
 1
 1 106 0 55 1 38 1 135 117796 954751
 99 2512305
 587 233 220 12345264 105554496
 1
 1 51 1 46 1 44 1 291 50517 491672
 100 2512405
 587 233 220 12502384 100459588
 1
 1 78 1 49 1 47 1 167 74408 495963
