 100
 1 2502505
 587 233 220 15734056 114372684
 3
 1 108 0 76 0 30 1 40 145953 1147718
 2 110 0 43 1 25 1 33 51237 451198
 3 92 1 81 1 55 1 39 240324 1614022
 2 2502605
 587 233 220 13925846 131366296
 3
 1 49 0 25 1 21 1 41 12026 107121
 2 60 1 51 1 41 1 53 57043 451834
 3 103 1 76 1 64 1 44 248723 2085586
 3 2502705
 587 233 220 12535124 122779621
 3
 1 97 0 81 0 27 1 41 118938 722065
 2 102 0 78 0 39 1 42 156034 1115226
 3 113 0 46 1 36 1 44 89595 679150
 4 2502805
 587 233 220 14331490 139441112
 3
 1 113 0 92 0 33 1 67 178542 1375403
 2 52 1 37 1 28 1 60 28163 228250
 3 57 1 33 1 29 1 70 24416 243990
 5 2502905
 587 233 220 17035351 151464260
 3
 1 88 0 54 1 39 1 51 101969 667002
 2 94 0 54 1 36 1 38 87623 819703
 3 87 0 77 1 43 1 47 164911 1286161
 6 2503005
 587 233 220 12739788 80066235
 3
 1 86 1 84 1 45 1 56 185961 1672643
 2 81 0 45 1 34 1 56 51021 447877
 3 70 1 54 1 37 1 35 57271 388600
 7 2503105
 587 233 220 13583810 114245021
 3
 1 118 0 79 1 51 1 37 227490 1968698
 2 86 0 32 1 31 1 44 43531 322769
 3 64 1 58 1 52 1 45 106641 1054471
 8 2503205
 587 233 220 16814592 122410043
 3
 1 75 1 58 1 57 1 58 125237 864746
 2 57 1 37 1 30 1 66 29625 274193
 3 79 0 74 0 35 1 56 117027 979206
 9 2503305
 587 233 220 16407200 145988814
 3
 1 90 1 70 1 63 1 29 234977 2091701
 2 84 0 78 0 28 1 32 105140 751114
 3 94 0 85 0 39 1 40 128004 1232222
 10 2503405
 587 233 220 16985514 111149262
 3
 1 68 0 66 0 31 1 44 74294 683717
 2 120 0 34 1 26 1 41 58783 372762
 3 95 1 76 1 60 1 45 224612 2114244
 11 2503505
 587 233 220 14348959 135159893
 3
 1 74 1 63 1 61 1 33 156982 1074286
 2 71 0 60 0 25 1 36 51567 401807
 3 106 1 80 1 59 1 33 223330 2206569
 12 2503605
 587 233 220 13785393 99738018
 3
 1 95 1 80 1 57 1 38 248223 1814019
 2 112 0 87 0 23 1 29 113996 935887
 3 116 0 41 1 40 1 37 105221 739969
 13 2503705
 587 233 220 12477549 82996635
 3
 1 52 0 36 1 25 1 112 21745 186702
 2 63 0 37 1 21 1 76 28469 225471
 3 100 0 61 1 36 1 96 98600 980652
 14 2503805
 587 233 220 17069016 110430835
 3
 1 68 0 48 1 31 1 45 59421 448563
 2 104 1 80 1 63 1 41 210084 1565942
 3 82 0 46 0 21 1 46 45540 320428
 15 2503905
 587 233 220 14320658 138418121
 3
 1 100 0 44 1 37 1 32 76424 483040
 2 90 1 78 1 55 1 49 223790 2055951
 3 65 1 57 1 42 1 38 83990 747345
 16 2504005
 587 233 220 15283980 111941915
 3
 1 43 1 40 1 39 1 49 37041 246261
 2 97 0 76 1 40 1 51 139664 1340966
 3 67 1 63 1 47 1 59 105799 821119
 17 2504105
 587 233 220 12646379 104715583
 3
 1 72 0 49 1 35 1 72 61950 580057
 2 75 1 66 1 47 1 76 94036 748799
 3 78 0 30 1 22 1 65 21433 169459
 18 2504205
 587 233 220 17561709 163037505
 3
 1 104 0 55 1 30 1 25 102272 615908
 2 92 1 89 1 73 1 24 323249 2714598
 3 88 0 88 0 43 1 33 185653 1114946
 19 2504305
 587 233 220 15892271 100199491
 3
 1 60 0 45 1 26 1 40 33393 309448
 2 71 1 43 1 39 1 40 64278 435300
 3 99 1 71 1 64 1 50 244105 2011639
 20 2504405
 587 233 220 15070125 117959899
 3
 1 97 1 77 1 66 1 28 241418 1689428
 2 81 1 69 1 69 1 32 188606 1865955
 3 109 0 53 0 24 1 28 74938 665797
 21 2504505
 587 233 220 12600506 118166911
 3
 1 109 1 93 1 72 1 27 310327 2526789
 2 95 0 67 0 32 1 26 99733 723325
 3 119 0 45 1 36 1 26 108086 992119
 22 2504605
 587 233 220 15118644 117199834
 3
 1 89 1 78 1 50 1 29 151404 1236578
 2 73 1 65 1 46 1 51 108348 694435
 3 94 0 66 1 39 1 36 128472 1203069
 23 2504705
 587 233 220 14211224 111942153
 3
 1 84 0 81 0 23 1 50 65103 621021
 2 115 1 72 1 64 1 34 220296 1896980
 3 77 0 49 1 25 1 44 55885 521940
 24 2504805
 587 233 220 16026159 141986308
 3
 1 113 0 80 0 29 1 35 140772 1296856
 2 98 1 65 1 62 1 34 170045 1128593
 3 60 1 59 1 46 1 45 73774 444660
 25 2504905
 587 233 220 12873584 80073869
 3
 1 75 0 54 1 35 1 47 77643 652568
 2 107 0 60 1 49 1 45 163533 1237479
 3 70 1 67 1 42 1 47 81792 768977
 26 2505005
 587 233 220 12365030 97605091
 3
 1 86 0 71 1 41 1 46 135445 1243409
 2 75 1 58 1 58 1 41 120907 868070
 3 100 0 81 0 27 1 37 103820 993566
 27 2505105
 587 233 220 16121410 138431096
 3
 1 118 0 66 1 47 1 39 187872 1878308
 2 99 0 56 0 25 1 34 74553 564496
 3 91 1 83 1 48 1 30 196302 1561701
 28 2505205
 587 233 220 14386003 137487102
 3
 1 62 1 59 1 52 1 32 85204 588295
 2 54 1 52 1 50 1 39 71628 610787
 3 102 1 69 1 65 1 40 246560 1771066
 29 2505305
 587 233 220 17764990 118858322
 3
 1 91 1 58 1 57 1 40 172869 1673303
 2 92 1 78 1 53 1 33 164347 1128418
 3 112 0 48 1 28 1 36 73704 476100
 30 2505405
 587 233 220 14343096 122223643
 3
 1 64 0 53 1 32 1 154 60011 379425
 2 51 1 42 1 28 1 117 34545 312955
 3 49 1 32 1 30 1 134 21759 190972
 31 2505505
 587 233 220 16762374 147407282
 3
 1 70 1 63 1 49 1 45 117242 802922
 2 84 1 54 1 49 1 42 90696 623607
 3 89 0 70 1 42 1 42 106781 1006612
 32 2505605
 587 233 220 15937217 139653867
 3
 1 95 0 76 1 44 1 57 182890 1250217
 2 81 0 47 1 34 1 58 60532 501437
 3 71 0 52 1 30 1 40 61295 454553
 33 2505705
 587 233 220 16422962 155396106
 3
 1 40 1 36 1 21 1 84 14272 88905
 2 76 0 45 1 31 1 103 45877 345589
 3 63 1 54 1 51 1 95 74613 567808
 34 2505805
 587 233 220 16744637 163665413
 3
 1 68 0 35 1 27 1 47 36214 249758
 2 118 0 57 1 43 1 54 118399 864609
 3 73 0 72 0 36 1 59 89352 544530
 35 2505905
 587 233 220 15284060 102979967
 3
 1 100 0 33 1 31 1 46 54635 372105
 2 84 0 68 1 42 1 58 112248 822850
 3 95 0 84 0 31 1 46 102418 951031
 36 2506005
 587 233 220 17783313 169965764
 3
 1 41 1 39 1 26 1 57 24038 149995
 2 110 0 40 1 34 1 70 65132 630670
 3 94 1 77 1 52 1 45 221271 1676455
 37 2506105
 587 233 220 13937114 88300969
 3
 1 98 0 73 1 44 1 25 136372 1029169
 2 60 1 60 1 38 1 37 60810 460386
 3 105 1 73 1 60 1 37 225285 1812672
 38 2506205
 587 233 220 12813433 83584033
 3
 1 104 0 94 1 50 1 34 257388 2305881
 2 102 0 87 0 36 1 25 169436 1053641
 3 115 0 42 1 33 1 34 69201 477199
 39 2506305
 587 233 220 12831864 116078319
 3
 1 89 1 56 1 45 1 97 105359 1027403
 2 53 1 37 1 34 1 69 39744 329533
 3 54 0 35 1 25 1 77 25948 256488
 40 2506405
 587 233 220 17475675 132304966
 3
 1 85 1 77 1 62 1 28 235559 2017030
 2 94 0 63 1 32 1 39 85375 574837
 3 83 1 75 1 45 1 40 138589 924368
 41 2506505
 587 233 220 17847540 169280462
 3
 1 109 1 80 1 68 1 35 275783 2186005
 2 90 0 45 1 31 1 37 60206 489072
 3 66 1 56 1 34 1 37 68110 412999
 42 2506605
 587 233 220 14770573 108881582
 3
 1 76 1 74 1 50 1 50 151176 1303110
 2 86 0 40 1 29 1 61 58121 560542
 3 66 1 55 1 48 1 57 89109 687853
 43 2506705
 587 233 220 15805212 116694131
 3
 1 82 1 80 1 71 1 35 264023 2498052
 2 66 0 37 1 27 1 49 32332 196483
 3 77 0 76 0 31 1 57 106014 765513
 44 2506805
 587 233 220 17841637 127879234
 3
 1 114 0 67 0 25 1 61 82824 530429
 2 92 0 79 0 25 1 44 83786 642402
 3 89 0 87 0 36 1 37 152752 994680
 45 2506905
 587 233 220 16170583 123529463
 3
 1 63 0 55 1 31 1 51 47333 366184
 2 120 0 43 1 23 1 39 52486 492374
 3 97 1 72 1 57 1 50 197705 1937097
 46 2507005
 587 233 220 17276868 131023604
 3
 1 86 0 58 1 36 1 37 89336 585344
 2 71 0 69 0 22 1 37 53511 360980
 3 108 0 78 1 54 1 42 253515 1700618
 47 2507105
 587 233 220 13466887 112610335
 3
 1 118 0 54 1 42 1 51 148006 894862
 2 112 0 95 0 20 1 41 114010 748427
 3 118 0 38 1 37 1 45 78529 677869
 48 2507205
 587 233 220 14366640 107306580
 3
 1 59 1 49 1 48 1 43 72037 465898
 2 79 1 63 1 46 1 54 93502 929141
 3 95 0 58 1 38 1 56 99711 821513
 49 2507305
 587 233 220 15588561 150741828
 3
 1 91 0 54 1 45 1 32 120176 1127286
 2 105 1 77 1 72 1 24 267357 2080698
 3 79 1 78 1 48 1 30 143525 1303520
 50 2507405
 587 233 220 17866081 156296515
 3
 1 60 1 40 1 32 1 64 38043 279957
 2 98 1 75 1 55 1 40 240992 2112425
 3 60 1 59 1 39 1 64 62842 530839
 51 2507505
 587 233 220 16341140 138277594
 3
 1 66 1 64 1 36 1 47 80764 606692
 2 97 1 73 1 49 1 49 176732 1453291
 3 69 1 60 1 43 1 33 80767 725325
 52 2507605
 587 233 220 17386809 109708936
 3
 1 96 0 72 0 31 1 61 90879 722694
 2 75 1 72 1 47 1 56 128034 1239884
 3 80 0 25 1 20 1 70 17644 136659
 53 2507705
 587 233 220 16982696 164083485
 3
 1 78 0 37 1 27 1 63 44925 309737
 2 89 0 70 0 25 1 52 92853 593557
 3 90 0 84 0 41 1 55 162552 1448113
 54 2507805
 587 233 220 17834832 158039382
 3
 1 99 0 68 0 23 1 54 87865 773476
 2 68 1 52 1 40 1 53 83053 605137
 3 101 1 66 1 61 1 35 199908 1846036
 55 2507905
 587 233 220 16744570 107623965
 3
 1 100 0 94 0 28 1 40 148269 1432008
 2 81 1 78 1 66 1 36 243222 2186726
 3 111 0 49 0 21 1 38 58889 588864
 56 2508005
 587 233 220 18001853 152878119
 3
 1 90 0 41 1 34 1 133 50374 327281
 2 64 0 32 1 28 1 131 33033 245255
 3 42 1 31 1 31 1 144 17033 106069
 57 2508105
 587 233 220 13757533 98038576
 3
 1 85 0 73 1 40 1 39 123182 928327
 2 73 1 62 1 54 1 42 116451 1075531
 3 90 0 63 1 41 1 43 110490 1044085
 58 2508205
 587 233 220 15494259 124101812
 3
 1 105 0 81 1 46 1 38 217010 1663357
 2 115 1 81 1 61 1 22 249737 2156965
 3 72 0 51 0 23 1 32 34119 334577
 59 2508305
 587 233 220 14372314 113121530
 3
 1 76 1 52 1 46 1 74 91373 903308
 2 66 0 59 1 31 1 52 55118 413670
 3 62 1 55 1 44 1 69 65650 568143
 60 2508405
 587 233 220 14528495 144391459
 3
 1 78 1 72 1 58 1 36 174470 1430558
 2 107 1 57 1 57 1 37 197602 1801780
 3 72 1 64 1 37 1 32 99212 984297
 61 2508505
 587 233 220 15628013 114700114
 3
 1 109 1 68 1 64 1 28 193716 1604653
 2 84 1 58 1 55 1 31 157035 1048570
 3 96 0 83 0 24 1 42 78369 549945
 62 2508605
 587 233 220 15035114 124128478
 3
 1 70 1 63 1 50 1 33 108893 821705
 2 100 0 53 1 34 1 39 92412 654200
 3 93 0 78 1 45 1 48 162789 1079882
 63 2508705
 587 233 220 12260257 78084187
 3
 1 82 1 76 1 59 1 32 168721 1056832
 2 60 1 51 1 50 1 29 78962 754598
 3 104 1 66 1 61 1 33 183382 1638332
 64 2508805
 587 233 220 12205680 101113326
 3
 1 114 0 54 0 20 1 42 52691 402116
 2 92 1 87 1 50 1 46 210454 2078066
 3 114 0 43 1 26 1 51 71397 623863
 65 2508905
 587 233 220 17933947 163652406
 3
 1 55 0 50 1 26 1 160 35278 272873
 2 48 1 42 1 37 1 167 37082 351898
 3 47 1 34 1 26 1 149 24592 173156
 66 2509005
 587 233 220 13231539 83777314
 3
 1 87 0 45 1 32 1 47 61866 400651
 2 84 1 63 1 46 1 52 113184 1023800
 3 84 1 67 1 44 1 46 128407 819621
 67 2509105
 587 233 220 12501899 118441537
 3
 1 119 0 41 1 38 1 57 107802 841278
 2 90 0 44 1 35 1 79 68828 625222
 3 67 0 55 0 27 1 85 43173 346008
 68 2509205
 587 233 220 12565010 93487940
 3
 1 60 1 44 1 36 1 74 49566 329881
 2 76 1 42 1 40 1 81 75457 720847
 3 65 1 49 1 48 1 83 66552 651575
 69 2509305
 587 233 220 17418439 138073378
 3
 1 91 0 50 1 32 1 52 62814 468661
 2 118 0 66 1 40 1 48 166900 1191534
 3 75 0 69 0 32 1 44 70899 614075
 70 2509405
 587 233 220 17768755 107651815
 3
 1 56 0 32 1 28 1 46 25120 210361
 2 92 0 68 1 39 1 69 111257 1025665
 3 90 0 86 0 29 1 48 119076 895538
 71 2509505
 587 233 220 16950115 119684975
 3
 1 99 1 64 1 62 1 38 175278 1468585
 2 110 0 43 1 37 1 30 79208 618411
 3 96 1 73 1 50 1 28 196628 1852656
 72 2509605
 587 233 220 14965256 120569266
 3
 1 96 1 95 1 68 1 28 266792 2109635
 2 69 1 61 1 35 1 24 78777 546130
 3 107 1 70 1 55 1 22 189612 1378678
 73 2509705
 587 233 220 15804619 123585558
 3
 1 90 0 73 1 37 1 44 142843 1001257
 2 102 0 95 0 33 1 44 184626 1237271
 3 117 0 38 1 30 1 39 68440 472057
 74 2509805
 587 233 220 16111913 107836679
 3
 1 86 1 79 1 69 1 38 203170 1776687
 2 53 1 46 1 31 1 47 38897 282704
 3 96 0 51 1 37 1 47 94841 800521
 75 2509905
 587 233 220 16786978 147135017
 3
 1 101 0 81 0 24 1 50 88835 666730
 2 94 0 72 0 29 1 43 116070 994901
 3 79 1 72 1 47 1 44 145447 1253840
 76 2510005
 587 233 220 13723139 89651650
 3
 1 77 0 42 1 30 1 89 46275 367123
 2 98 0 45 1 28 1 95 68979 444975
 3 61 1 58 1 32 1 85 51765 458864
 77 2510105
 587 233 220 16694314 122784506
 3
 1 73 0 73 0 36 1 74 92971 842905
 2 87 0 49 1 26 1 67 63223 391592
 3 68 1 53 1 44 1 53 77775 709746
 78 2510205
 587 233 220 13754069 130594543
 3
 1 105 0 68 1 42 1 61 156329 940656
 2 75 0 37 1 24 1 53 30110 263053
 3 79 0 73 0 26 1 55 61821 497273
 79 2510305
 587 233 220 15791910 134373312
 3
 1 64 1 48 1 46 1 79 80355 520335
 2 79 0 25 1 22 1 55 21691 216386
 3 89 0 85 0 33 1 66 148790 1422626
 80 2510405
 587 233 220 12210777 78284392
 3
 1 78 1 59 1 54 1 40 143702 1307670
 2 120 0 52 0 20 1 57 57168 510352
 3 100 1 67 1 54 1 36 215979 1714898
 81 2510505
 587 233 220 17600973 113135329
 3
 1 110 0 60 1 55 1 23 188584 1236257
 2 80 1 78 1 71 1 28 255670 1909800
 3 110 0 75 1 50 1 22 227922 1430200
 82 2510605
 587 233 220 17555298 122006907
 3
 1 65 1 51 1 50 1 51 67588 481363
 2 113 0 78 0 28 1 56 108180 769612
 3 120 0 35 1 32 1 57 58942 484402
 83 2510705
 587 233 220 15358204 137678983
 3
 1 83 1 71 1 46 1 43 153870 1385210
 2 76 1 63 1 54 1 46 129431 920154
 3 91 0 56 1 40 1 31 118662 885322
 84 2510805
 587 233 220 16109779 144842202
 3
 1 114 0 77 1 42 1 31 210159 1543225
 2 105 1 81 1 74 1 23 358750 3171807
 3 76 1 73 1 50 1 15 126908 1130029
 85 2510905
 587 233 220 15561590 134126734
 3
 1 55 0 37 1 22 1 117 18149 172820
 2 72 0 55 1 31 1 103 61657 609843
 3 61 1 56 1 36 1 99 51439 351751
 86 2511005
 587 233 220 13168534 88713573
 3
 1 87 0 33 1 28 1 60 45955 301031
 2 97 1 70 1 57 1 44 161717 1407842
 3 71 1 57 1 38 1 52 88710 631029
 87 2511105
 587 233 220 13110725 96111726
 3
 1 119 0 34 1 28 1 39 61523 505239
 2 84 1 69 1 48 1 32 166193 1095383
 3 97 1 82 1 78 1 27 275332 2302699
 88 2511205
 587 233 220 13693640 90565388
 3
 1 100 0 60 1 40 1 45 102217 908632
 2 89 0 67 1 34 1 44 94249 906492
 3 92 0 80 0 38 1 37 157532 1518472
 89 2511305
 587 233 220 16295480 139510601
 3
 1 95 0 92 0 46 1 32 233927 1508531
 2 65 1 60 1 40 1 32 78693 472753
 3 103 1 62 1 59 1 32 216575 1395174
 90 2511405
 587 233 220 17291983 117831407
 3
 1 91 0 52 1 33 1 30 81708 742277
 2 87 1 81 1 63 1 26 182873 1396090
 3 113 0 79 1 45 1 34 217608 1897613
 91 2511505
 587 233 220 16886262 116976209
 3
 1 86 1 65 1 57 1 66 174183 1636617
 2 61 1 37 1 32 1 80 42083 398337
 3 39 1 33 1 27 1 92 19068 136084
 92 2511605
 587 233 220 14560906 144176440
 3
 1 96 1 82 1 63 1 32 265538 2079538
 2 74 1 63 1 59 1 33 116626 703869
 3 86 0 60 1 43 1 23 97279 619785
 93 2511705
 587 233 220 13818593 103708426
 3
 1 78 0 69 1 37 1 26 106502 828362
 2 115 1 90 1 58 1 37 346870 2638225
 3 68 0 53 0 20 1 37 39418 329756
 94 2511805
 587 233 220 14361241 140198181
 3
 1 75 1 73 1 69 1 46 174034 1229765
 2 66 1 56 1 40 1 55 72205 657259
 3 64 1 51 1 41 1 32 76667 477059
 95 2511905
 587 233 220 15156878 135673167
 3
 1 101 0 69 0 20 1 50 76308 567463
 2 108 0 66 1 54 1 40 229183 1788043
 3 74 0 62 1 33 1 49 73260 727721
 96 2512005
 587 233 220 15111423 111581804
 3
 1 64 0 42 1 26 1 62 31919 234260
 2 92 1 58 1 52 1 53 129192 1223467
 3 92 0 85 0 21 1 67 97155 855851
 97 2512105
 587 233 220 14821567 97167606
 3
 1 74 0 60 1 32 1 48 73410 723123
 2 100 0 50 1 43 1 50 103742 830299
 3 95 0 74 1 42 1 42 156473 1108730
 98 2512205
 587 233 220 13463358 105776409
 3
 1 106 0 55 1 38 1 46 108185 684166
 2 69 1 50 1 48 1 42 97683 634709
 3 106 1 63 1 57 1 34 175958 1388321
 99 2512305
 587 233 220 17884765 133170161
 3
 1 51 1 46 1 44 1 64 59995 488526
 2 95 0 92 1 47 1 46 207982 1269984
 3 116 0 39 1 23 1 44 50047 350164
 100 2512405
 587 233 220 15700680 105872989
 3
 1 78 1 49 1 47 1 70 105727 779280
 2 46 1 45 1 43 1 75 46973 388141
 3 98 0 44 1 36 1 69 79369 678367
