100
 1 2502505
 587 233 220 14880985 94679979
 5
 1 108 0 76 0 30 1 24 98605 928851
 2 110 0 43 1 25 1 7 62033 488823
 3 92 1 81 1 55 1 22 176109 1080679
 4 81 0 33 1 28 1 13 35569 299378
 5 120 1 99 1 73 1 15 402586 3446689
 2 2502605
 587 233 220 12251344 75121757
 5
 1 49 0 25 1 21 1 22 13587 104050
 2 60 1 51 1 41 1 22 74318 447978
 3 103 1 76 1 64 1 28 270990 1682817
 4 95 1 70 1 62 1 25 199674 1662527
 5 111 0 49 1 26 1 17 69894 655377
 3 2502705
 587 233 220 14620115 98188513
 5
 1 97 0 81 0 27 1 27 108830 818365
 2 102 0 78 0 39 1 31 186146 1636959
 3 113 0 46 1 36 1 35 85107 605222
 4 66 1 50 1 42 1 37 71391 523544
 5 101 0 30 1 26 1 36 36897 294208
 4 2502805
 587 233 220 15136228 104459107
 5
 1 113 0 92 0 33 1 37 178859 1742250
 2 52 1 37 1 28 1 44 31670 266264
 3 57 1 33 1 29 1 38 23813 175226
 4 99 0 37 1 30 1 39 64463 503655
 5 92 0 64 1 33 1 43 95270 874335
 5 2502905
 587 233 220 12891928 94783919
 5
 1 88 0 54 1 39 1 25 98439 696279
 2 94 0 54 1 36 1 27 100204 908957
 3 87 0 77 1 43 1 21 156825 1225327
 4 100 1 80 1 72 1 20 323236 2255740
 5 83 0 40 1 36 1 24 52652 435668
 6 2503005
 587 233 220 12595427 111371080
 5
 1 86 1 84 1 45 1 37 146270 977594
 2 81 0 45 1 34 1 30 65876 423230
 3 70 1 54 1 37 1 31 63247 562736
 4 71 1 61 1 52 1 18 105324 980421
 5 78 1 73 1 40 1 26 133570 1114233
 7 2503105
 587 233 220 17081995 141247964
 5
 1 118 0 79 1 51 1 28 270412 2445368
 2 86 0 32 1 31 1 31 39905 285246
 3 64 1 58 1 52 1 28 77395 581833
 4 42 1 42 1 32 1 39 24664 153839
 5 64 1 55 1 43 1 40 65218 466718
 8 2503205
 587 233 220 15462937 106290336
 5
 1 75 1 58 1 57 1 20 141208 1012117
 2 57 1 37 1 30 1 24 36228 280826
 3 79 0 74 0 35 1 30 119438 893040
 4 104 1 99 1 74 1 20 415354 3186638
 5 55 1 46 1 31 1 28 41744 381531
 9 2503305
 587 233 220 16880701 155958027
 5
 1 90 1 70 1 63 1 16 232135 1719380
 2 84 0 78 0 28 1 28 85039 664890
 3 94 0 85 0 39 1 20 133435 1238047
 4 80 1 76 1 54 1 23 194691 1908533
 5 69 1 50 1 45 1 31 70455 673846
 10 2503405
 587 233 220 12967883 127166756
 5
 1 68 0 66 0 31 1 32 75979 720657
 2 120 0 34 1 26 1 32 57754 524977
 3 95 1 76 1 60 1 35 236337 2333815
 4 61 1 47 1 34 1 30 50340 367875
 5 53 1 45 1 36 1 45 48157 361733
 11 2503505
 587 233 220 13070296 81031858
 5
 1 74 1 63 1 61 1 22 124415 1197630
 2 71 0 60 0 25 1 12 50853 337135
 3 106 1 80 1 59 1 25 272270 1989297
 4 109 0 76 1 42 1 24 187852 1471265
 5 118 0 56 0 22 1 11 82407 657015
 12 2503605
 587 233 220 16064256 158159348
 5
 1 95 1 80 1 57 1 24 225926 2074978
 2 112 0 87 0 23 1 17 90179 749160
 3 116 0 41 1 40 1 12 96938 822572
 4 98 1 80 1 56 1 16 210633 2065106
 5 108 1 60 1 59 1 17 227328 1375074
 13 2503705
 587 233 220 12058420 91519966
 5
 1 52 0 36 1 25 1 53 22380 181403
 2 63 0 37 1 21 1 50 22520 215183
 3 100 0 61 1 36 1 35 120028 909282
 4 79 0 52 1 36 1 37 87970 757421
 5 99 0 63 1 36 1 53 95181 758195
 14 2503805
 587 233 220 17646918 129018471
 5
 1 68 0 48 1 31 1 22 55564 344148
 2 104 1 80 1 63 1 16 219417 2122667
 3 82 0 46 0 21 1 20 35690 313612
 4 114 1 78 1 60 1 16 269701 2587495
 5 90 1 74 1 66 1 21 185401 1285459
 15 2503905
 587 233 220 16886261 131908946
 5
 1 100 0 44 1 37 1 21 81383 593752
 2 90 1 78 1 55 1 24 225135 1722716
 3 65 1 57 1 42 1 27 88904 610423
 4 85 0 58 1 41 1 29 113067 1002872
 5 81 1 69 1 50 1 26 162037 1561840
 16 2504005
 587 233 220 15148402 115895060
 5
 1 43 1 40 1 39 1 30 35044 276149
 2 97 0 76 1 40 1 30 126613 767160
 3 67 1 63 1 47 1 28 113570 1132026
 4 98 0 57 1 38 1 40 121757 1148980
 5 73 0 71 0 27 1 35 79799 745533
 17 2504105
 587 233 220 16835202 146608187
 5
 1 72 0 49 1 35 1 22 53699 407390
 2 75 1 66 1 47 1 23 105635 839679
 3 78 0 30 1 22 1 27 24083 184384
 4 119 1 79 1 79 1 19 414057 3465722
 5 76 1 65 1 62 1 21 162020 1327912
 18 2504205
 587 233 220 12491569 110150902
 5
 1 104 0 55 1 30 1 21 98245 656598
 2 92 1 89 1 73 1 17 276365 1914624
 3 88 0 88 0 43 1 13 149711 1180676
 4 90 1 60 1 60 1 25 152814 1331202
 5 79 1 53 1 41 1 22 69156 558585
 19 2504305
 587 233 220 16819288 101510583
 5
 1 60 0 45 1 26 1 27 29993 243592
 2 71 1 43 1 39 1 25 54737 545441
 3 99 1 71 1 64 1 29 227660 2255380
 4 61 1 41 1 40 1 30 44547 281150
 5 83 1 79 1 43 1 32 138727 1090510
 20 2504405
 587 233 220 13290422 80498484
 5
 1 97 1 77 1 66 1 24 254024 1952291
 2 81 1 69 1 69 1 23 195451 1221101
 3 109 0 53 0 24 1 24 79048 602346
 4 98 0 33 1 20 1 20 27396 182487
 5 86 0 56 1 34 1 29 68096 575928
 21 2504505
 587 233 220 17847643 150690468
 5
 1 109 1 93 1 72 1 15 307739 2186608
 2 95 0 67 0 32 1 17 114432 800989
 3 119 0 45 1 36 1 23 114189 876038
 4 95 1 78 1 62 1 12 199517 1818521
 5 116 0 89 0 32 1 17 173281 1080804
 22 2504605
 587 233 220 14427471 117869063
 5
 1 89 1 78 1 50 1 22 164457 1620756
 2 73 1 65 1 46 1 14 109529 1023883
 3 94 0 66 1 39 1 32 136804 1144686
 4 66 1 59 1 42 1 21 87972 703513
 5 106 1 93 1 70 1 11 313264 3109187
 23 2504705
 587 233 220 17976117 123188708
 5
 1 84 0 81 0 23 1 30 70513 571526
 2 115 1 72 1 64 1 19 282263 2460834
 3 77 0 49 1 25 1 18 43941 382912
 4 40 1 37 1 22 1 24 18350 168232
 5 97 0 96 0 46 1 29 181342 1150166
 24 2504805
 587 233 220 12333706 115147152
 5
 1 113 0 80 0 29 1 17 124930 1233245
 2 98 1 65 1 62 1 18 184552 1613350
 3 60 1 59 1 46 1 19 74101 565012
 4 100 1 97 1 64 1 17 327559 2311397
 5 99 0 88 0 23 1 22 117215 1092713
 25 2504905
 587 233 220 12985057 86305887
 5
 1 75 0 54 1 35 1 40 75955 727424
 2 107 0 60 1 49 1 24 171382 1594894
 3 70 1 67 1 42 1 31 91406 606212
 4 78 1 71 1 44 1 29 125456 1148604
 5 78 0 61 0 27 1 28 74381 601103
 26 2505005
 587 233 220 15965032 131526596
 5
 1 86 0 71 1 41 1 41 132785 922856
 2 75 1 58 1 58 1 35 126306 1064205
 3 100 0 81 0 27 1 29 97593 744775
 4 59 0 42 1 24 1 29 30773 204047
 5 69 0 37 1 30 1 35 43502 423824
 27 2505105
 587 233 220 14067417 91699896
 5
 1 118 0 66 1 47 1 26 217695 2148069
 2 99 0 56 0 25 1 22 75257 625644
 3 91 1 83 1 48 1 22 183048 1363538
 4 104 0 66 1 40 1 23 126724 783309
 5 75 0 60 1 33 1 21 77868 712233
 28 2505205
 587 233 220 13643269 98218657
 5
 1 62 1 59 1 52 1 22 82481 534622
 2 54 1 52 1 50 1 19 60229 395359
 3 102 1 69 1 65 1 25 232188 1971014
 4 97 0 76 1 46 1 26 158224 1512571
 5 52 1 50 1 37 1 30 42056 340901
 29 2505305
 587 233 220 13249266 119344350
 5
 1 91 1 58 1 57 1 32 130448 975535
 2 92 1 78 1 53 1 29 184106 1591576
 3 112 0 48 1 28 1 32 72446 605571
 4 78 0 47 1 26 1 34 45017 339268
 5 41 1 40 1 28 1 29 27461 241054
 30 2505405
 587 233 220 13180717 122002962
 5
 1 64 0 53 1 32 1 40 44584 430782
 2 51 1 42 1 28 1 46 31720 278991
 3 49 1 32 1 30 1 31 23822 191870
 4 109 1 68 1 59 1 41 251426 1948399
 5 66 0 43 1 32 1 38 49453 486601
 31 2505505
 587 233 220 12581799 83267335
 5
 1 70 1 63 1 49 1 31 103469 807522
 2 84 1 54 1 49 1 27 89449 835874
 3 89 0 70 1 42 1 24 111227 939382
 4 80 0 48 1 39 1 32 61150 544639
 5 114 0 47 1 42 1 28 121460 834315
 32 2505605
 587 233 220 12325224 100748162
 5
 1 95 0 76 1 44 1 31 155121 1054118
 2 81 0 47 1 34 1 30 71722 510635
 3 71 0 52 1 30 1 29 55379 544247
 4 96 0 52 1 28 1 31 63898 608567
 5 104 0 80 1 50 1 21 210544 1473731
 33 2505705
 587 233 220 14405352 112565467
 5
 1 40 1 36 1 21 1 20 16899 126714
 2 76 0 45 1 31 1 25 44601 439016
 3 63 1 54 1 51 1 21 84475 643988
 4 114 1 77 1 69 1 26 342984 2467992
 5 95 1 57 1 53 1 24 129793 942780
 34 2505805
 587 233 220 17190954 163711028
 5
 1 68 0 35 1 27 1 28 37715 251953
 2 118 0 57 1 43 1 31 145150 1312231
 3 73 0 72 0 36 1 28 102482 748635
 4 85 1 58 1 50 1 34 107040 789957
 5 86 0 56 1 33 1 35 76470 735681
 35 2505905
 587 233 220 12457923 85182869
 5
 1 100 0 33 1 31 1 24 42181 412765
 2 84 0 68 1 42 1 28 127814 944214
 3 95 0 84 0 31 1 40 117532 917197
 4 57 1 39 1 30 1 27 38029 344607
 5 76 1 71 1 60 1 28 132954 870089
 36 2506005
 587 233 220 15302954 130706728
 5
 1 41 1 39 1 26 1 24 19054 150490
 2 110 0 40 1 34 1 13 68529 435057
 3 94 1 77 1 52 1 33 180826 1598446
 4 119 1 96 1 71 1 13 374209 3608562
 5 67 1 63 1 47 1 21 89985 630241
 37 2506105
 587 233 220 15981196 117334341
 5
 1 98 0 73 1 44 1 20 127360 817613
 2 60 1 60 1 38 1 16 74602 553513
 3 105 1 73 1 60 1 23 215360 1981866
 4 90 1 77 1 52 1 24 198093 1472496
 5 66 0 58 0 24 1 22 49139 434147
 38 2506205
 587 233 220 15205787 147320461
 5
 1 104 0 94 1 50 1 26 246958 1674532
 2 102 0 87 0 36 1 17 129347 1175765
 3 115 0 42 1 33 1 21 82776 701796
 4 61 1 58 1 32 1 25 65033 396867
 5 70 1 62 1 48 1 27 100485 992238
 39 2506305
 587 233 220 17617308 151316634
 5
 1 89 1 56 1 45 1 61 99644 613601
 2 53 1 37 1 34 1 61 36984 248121
 3 54 0 35 1 25 1 41 24174 152266
 4 73 0 39 1 33 1 54 39498 284932
 5 73 1 39 1 38 1 49 61096 601386
 40 2506405
 587 233 220 13663699 135568589
 5
 1 85 1 77 1 62 1 13 197305 1889289
 2 94 0 63 1 32 1 19 81692 680466
 3 83 1 75 1 45 1 21 161845 1539240
 4 95 1 95 1 54 1 24 271535 2600145
 5 76 0 76 0 30 1 19 100845 1002205
 41 2506505
 587 233 220 12697171 90287430
 5
 1 109 1 80 1 68 1 20 275171 2187989
 2 90 0 45 1 31 1 17 70739 681010
 3 66 1 56 1 34 1 20 62432 439636
 4 76 0 66 1 34 1 21 81835 751264
 5 111 0 80 1 53 1 20 198592 1932394
 42 2506605
 587 233 220 17526188 117673147
 5
 1 76 1 74 1 50 1 29 129125 841793
 2 86 0 40 1 29 1 30 49752 379380
 3 66 1 55 1 48 1 30 75886 472585
 4 75 0 57 1 37 1 37 84226 634794
 5 102 0 83 0 29 1 32 111678 812680
 43 2506705
 587 233 220 13887152 98075227
 5
 1 82 1 80 1 71 1 16 193617 1460361
 2 66 0 37 1 27 1 16 33148 309346
 3 77 0 76 0 31 1 19 77343 681986
 4 100 0 56 1 38 1 29 111058 847597
 5 93 1 86 1 67 1 22 303131 2242430
 44 2506805
 587 233 220 17668106 174065701
 5
 1 114 0 67 0 25 1 31 97827 677630
 2 92 0 79 0 25 1 33 93308 885818
 3 89 0 87 0 36 1 26 132444 1212629
 4 95 0 71 1 36 1 23 127275 874301
 5 90 0 83 1 43 1 16 189294 1541909
 45 2506905
 587 233 220 15370137 107579924
 5
 1 63 0 55 1 31 1 26 47316 464527
 2 120 0 43 1 23 1 46 64343 489470
 3 97 1 72 1 57 1 25 215099 2127734
 4 77 1 76 1 42 1 26 140770 1388153
 5 93 0 74 0 20 1 38 68046 518744
 46 2507005
 587 233 220 13147573 101232974
 5
 1 86 0 58 1 36 1 18 83304 728477
 2 71 0 69 0 22 1 20 58466 356713
 3 108 0 78 1 54 1 22 214036 1605969
 4 104 1 58 1 57 1 19 165863 1441767
 5 96 1 65 1 58 1 22 177509 1746842
 47 2507105
 587 233 220 15821938 156514391
 5
 1 118 0 54 1 42 1 27 141660 1165020
 2 112 0 95 0 20 1 35 120703 961497
 3 118 0 38 1 37 1 39 67295 499154
 4 76 0 38 1 38 1 29 53312 514132
 5 100 0 56 1 34 1 30 99903 862363
 48 2507205
 587 233 220 13113064 93244254
 5
 1 59 1 49 1 48 1 18 82075 772863
 2 79 1 63 1 46 1 28 107187 1043749
 3 95 0 58 1 38 1 29 112079 799917
 4 95 0 79 1 47 1 35 186269 1501567
 5 72 0 46 1 27 1 29 38943 255596
 49 2507305
 587 233 220 13444466 116387193
 5
 1 91 0 54 1 45 1 18 124282 1080627
 2 105 1 77 1 72 1 18 345738 2519449
 3 79 1 78 1 48 1 18 143888 1191997
 4 109 1 76 1 59 1 18 230981 1717238
 5 48 1 37 1 30 1 22 22034 212051
 50 2507405
 587 233 220 17827694 145121223
 5
 1 60 1 40 1 32 1 32 38432 298578
 2 98 1 75 1 55 1 38 226285 1412146
 3 60 1 59 1 39 1 15 61511 532395
 4 81 0 56 1 40 1 38 99987 892187
 5 119 0 34 1 25 1 32 59599 578813
 51 2507505
 587 233 220 14880981 136061174
 5
 1 66 1 64 1 36 1 30 84951 670619
 2 97 1 73 1 49 1 34 170224 1287406
 3 69 1 60 1 43 1 37 91228 690717
 4 52 0 37 1 20 1 28 20004 180605
 5 109 0 63 1 37 1 23 117983 757453
 52 2507605
 587 233 220 15791869 138213996
 5
 1 96 0 72 0 31 1 17 105815 960674
 2 75 1 72 1 47 1 24 145626 1449676
 3 80 0 25 1 20 1 17 20279 146734
 4 114 1 94 1 61 1 26 384760 3340421
 5 100 0 40 1 39 1 17 87447 762558
 53 2507705
 587 233 220 16899791 168905052
 5
 1 78 0 37 1 27 1 38 36127 259847
 2 89 0 70 0 25 1 24 88084 687758
 3 90 0 84 0 41 1 24 160968 1126467
 4 85 0 75 1 42 1 25 156360 1490928
 5 91 0 77 1 44 1 30 140430 1259286
 54 2507805
 587 233 220 16598863 149686932
 5
 1 99 0 68 0 23 1 34 88897 831800
 2 68 1 52 1 40 1 26 62833 521647
 3 101 1 66 1 61 1 37 237865 1611793
 4 57 0 56 0 22 1 22 28926 209958
 5 81 1 54 1 47 1 22 89101 747098
 55 2507905
 587 233 220 14823232 141156899
 5
 1 100 0 94 0 28 1 25 154556 1108175
 2 81 1 78 1 66 1 27 175351 1282246
 3 111 0 49 0 21 1 20 59375 580128
 4 119 0 63 1 37 1 29 134637 1229392
 5 72 0 50 1 30 1 16 45463 287238
 56 2508005
 587 233 220 17864428 134545193
 5
 1 90 0 41 1 34 1 46 61819 462756
 2 64 0 32 1 28 1 26 25317 251159
 3 42 1 31 1 31 1 36 20761 129176
 4 94 0 90 0 44 1 33 205228 1323457
 5 68 1 63 1 53 1 40 133411 1222319
 57 2508105
 587 233 220 14861128 130533918
 5
 1 85 0 73 1 40 1 24 113806 1129868
 2 73 1 62 1 54 1 37 138775 1386174
 3 90 0 63 1 41 1 27 112563 1039469
 4 75 0 61 0 24 1 34 55343 425754
 5 57 1 53 1 44 1 37 79458 592271
 58 2508205
 587 233 220 17588801 146841037
 5
 1 105 0 81 1 46 1 26 162332 1499796
 2 115 1 81 1 61 1 25 320125 2253068
 3 72 0 51 0 23 1 20 39526 324797
 4 65 1 56 1 33 1 21 57157 442500
 5 60 0 44 0 21 1 22 30609 187330
 59 2508305
 587 233 220 14367251 125029017
 5
 1 76 1 52 1 46 1 45 93700 585679
 2 66 0 59 1 31 1 39 68743 659953
 3 62 1 55 1 44 1 34 73650 662210
 4 95 0 46 1 36 1 43 78031 576383
 5 63 1 59 1 35 1 40 75839 508429
 60 2508405
 587 233 220 17259232 172356030
 5
 1 78 1 72 1 58 1 23 159933 1388295
 2 107 1 57 1 57 1 30 162496 1318493
 3 72 1 64 1 37 1 20 96594 772721
 4 93 0 66 0 26 1 20 68112 650601
 5 116 0 67 1 35 1 20 139702 851021
 61 2508505
 587 233 220 14142090 139294345
 5
 1 109 1 68 1 64 1 12 201683 1908831
 2 84 1 58 1 55 1 19 139963 1335372
 3 96 0 83 0 24 1 11 109207 841482
 4 74 0 67 1 37 1 15 103387 810330
 5 107 1 73 1 70 1 26 274420 2536026
 62 2508605
 587 233 220 14174640 93781722
 5
 1 70 1 63 1 50 1 21 97198 903569
 2 100 0 53 1 34 1 17 93900 774904
 3 93 0 78 1 45 1 19 193473 1272578
 4 100 0 55 1 48 1 26 145667 1226823
 5 98 1 73 1 50 1 26 208346 1464827
 63 2508705
 587 233 220 17194905 151832936
 5
 1 82 1 76 1 59 1 24 187293 1467280
 2 60 1 51 1 50 1 17 61809 381025
 3 104 1 66 1 61 1 28 216686 1626613
 4 71 0 36 1 28 1 24 30131 290727
 5 89 0 77 0 26 1 27 82509 542384
 64 2508805
 587 233 220 12407344 80293395
 5
 1 114 0 54 0 20 1 25 60270 538685
 2 92 1 87 1 50 1 18 195235 1720463
 3 114 0 43 1 26 1 32 54077 407552
 4 93 0 69 1 42 1 26 125528 1047913
 5 80 1 79 1 64 1 21 171298 1537116
 65 2508905
 587 233 220 17991325 114277737
 5
 1 55 0 50 1 26 1 30 37307 365267
 2 48 1 42 1 37 1 41 32876 304967
 3 47 1 34 1 26 1 44 22078 175001
 4 104 0 74 1 50 1 39 161715 1414849
 5 83 0 70 1 40 1 33 96024 702859
 66 2509005
 587 233 220 13013298 116339948
 5
 1 87 0 45 1 32 1 28 71985 517800
 2 84 1 63 1 46 1 25 108209 659996
 3 84 1 67 1 44 1 28 100967 972695
 4 76 0 55 1 30 1 29 75081 730087
 5 87 1 78 1 61 1 23 169267 1207292
 67 2509105
 587 233 220 13022375 90810341
 5
 1 119 0 41 1 38 1 32 90995 547326
 2 90 0 44 1 35 1 28 79728 573075
 3 67 0 55 0 27 1 40 42953 299048
 4 71 1 47 1 36 1 38 51383 363204
 5 90 1 55 1 51 1 46 139384 967310
 68 2509205
 587 233 220 13736749 119240708
 5
 1 60 1 44 1 36 1 21 55080 437247
 2 76 1 42 1 40 1 25 67446 507346
 3 65 1 49 1 48 1 23 68571 559339
 4 109 0 92 1 51 1 35 269736 2063694
 5 93 0 42 1 31 1 26 50402 381661
 69 2509305
 587 233 220 17231675 120813321
 5
 1 91 0 50 1 32 1 33 72541 534819
 2 118 0 66 1 40 1 30 134578 1194923
 3 75 0 69 0 32 1 30 75912 684316
 4 81 0 73 0 32 1 24 98708 833594
 5 97 0 69 0 33 1 29 92225 650959
 70 2509405
 587 233 220 14449092 122695727
 5
 1 56 0 32 1 28 1 21 21819 191073
 2 92 0 68 1 39 1 25 140882 1158448
 3 90 0 86 0 29 1 33 131867 980039
 4 73 1 54 1 52 1 23 86414 528992
 5 114 0 100 0 45 1 21 246365 2360666
 71 2509505
 587 233 220 13273510 97473404
 5
 1 99 1 64 1 62 1 29 191456 1874621
 2 110 0 43 1 37 1 21 72463 444393
 3 96 1 73 1 50 1 24 193152 1575843
 4 114 0 53 1 35 1 23 89385 849206
 5 105 0 27 1 22 1 25 31232 204733
 72 2509605
 587 233 220 17024998 152405488
 5
 1 96 1 95 1 68 1 20 278248 2487289
 2 69 1 61 1 35 1 15 75067 715932
 3 107 1 70 1 55 1 19 238136 2180681
 4 92 0 85 0 34 1 18 117095 970886
 5 96 0 60 1 31 1 16 86077 602761
 73 2509705
 587 233 220 17961223 164532160
 5
 1 90 0 73 1 37 1 27 119120 940707
 2 102 0 95 0 33 1 26 141025 951257
 3 117 0 38 1 30 1 29 75632 717599
 4 75 1 73 1 57 1 29 138424 915367
 5 86 0 36 1 34 1 21 46287 423143
 74 2509805
 587 233 220 14473373 108634292
 5
 1 86 1 79 1 69 1 19 200342 1927040
 2 53 1 46 1 31 1 26 30509 285956
 3 96 0 51 1 37 1 25 99037 835955
 4 119 0 55 1 54 1 23 165338 1214971
 5 77 0 74 0 37 1 31 99211 825680
 75 2509905
 587 233 220 16301599 149395684
 5
 1 101 0 81 0 24 1 35 82654 822709
 2 94 0 72 0 29 1 37 109101 872572
 3 79 1 72 1 47 1 31 158649 1056706
 4 90 0 36 1 35 1 31 55861 496796
 5 68 1 51 1 40 1 29 59459 394519
 76 2510005
 587 233 220 14232785 114061671
 5
 1 77 0 42 1 30 1 34 39703 294820
 2 98 0 45 1 28 1 42 64681 502404
 3 61 1 58 1 32 1 40 58255 463580
 4 92 1 77 1 61 1 33 208421 1973760
 5 58 0 44 1 27 1 39 29048 177666
 77 2510105
 587 233 220 16249132 122099635
 5
 1 73 0 73 0 36 1 41 88089 729091
 2 87 0 49 1 26 1 50 50156 308282
 3 68 1 53 1 44 1 45 85154 760466
 4 73 0 57 1 33 1 37 75564 602528
 5 65 1 49 1 47 1 29 81126 600212
 78 2510205
 587 233 220 13095963 99198775
 5
 1 105 0 68 1 42 1 39 131745 915573
 2 75 0 37 1 24 1 41 27893 220238
 3 79 0 73 0 26 1 33 80085 724009
 4 95 0 53 1 38 1 39 104010 648870
 5 50 1 41 1 40 1 39 42226 311478
 79 2510305
 587 233 220 17691917 149101627
 5
 1 64 1 48 1 46 1 50 59514 498293
 2 79 0 25 1 22 1 43 23776 217595
 3 89 0 85 0 33 1 39 122102 962741
 4 79 0 66 1 34 1 35 78435 684787
 5 79 0 54 1 31 1 39 64477 633994
 80 2510405
 587 233 220 15352527 111370473
 5
 1 78 1 59 1 54 1 21 140449 1254297
 2 120 0 52 0 20 1 25 64120 486045
 3 100 1 67 1 54 1 25 148798 1352693
 4 91 0 59 1 37 1 22 99665 767016
 5 112 0 57 1 56 1 23 202817 1400833
 81 2510505
 587 233 220 14629069 104277997
 5
 1 110 0 60 1 55 1 11 148900 1236167
 2 80 1 78 1 71 1 21 243699 2362770
 3 110 0 75 1 50 1 22 211598 1356372
 4 100 0 72 1 40 1 12 153415 1187054
 5 103 0 60 1 32 1 20 106650 869666
 82 2510605
 587 233 220 12334990 89389564
 5
 1 65 1 51 1 50 1 31 90500 835171
 2 113 0 78 0 28 1 24 118935 715511
 3 120 0 35 1 32 1 29 55708 427870
 4 71 0 53 0 20 1 36 36822 352343
 5 94 1 70 1 64 1 29 170720 1433222
 83 2510705
 587 233 220 13113123 106695496
 5
 1 83 1 71 1 46 1 30 155576 1050615
 2 76 1 63 1 54 1 27 154963 1458001
 3 91 0 56 1 40 1 28 100317 654613
 4 61 1 42 1 34 1 25 50144 433908
 5 84 1 67 1 47 1 26 110055 1071866
 84 2510805
 587 233 220 13093077 116556489
 5
 1 114 0 77 1 42 1 25 149833 1198020
 2 105 1 81 1 74 1 17 292070 2435029
 3 76 1 73 1 50 1 16 111649 767542
 4 104 0 91 0 41 1 9 217551 1445834
 5 75 0 70 0 23 1 18 57162 365677
 85 2510905
 587 233 220 12500558 108880322
 5
 1 55 0 37 1 22 1 42 24078 183282
 2 72 0 55 1 31 1 45 54236 491538
 3 61 1 56 1 36 1 37 72616 714764
 4 76 0 72 0 22 1 41 53877 350380
 5 74 1 66 1 61 1 44 175612 1701155
 86 2511005
 587 233 220 12763506 98587213
 5
 1 87 0 33 1 28 1 35 43243 331931
 2 97 1 70 1 57 1 33 188572 1276729
 3 71 1 57 1 38 1 28 83920 616132
 4 63 1 53 1 47 1 37 84954 700852
 5 77 0 56 1 37 1 27 69930 457583
 87 2511105
 587 233 220 13590523 85805892
 5
 1 119 0 34 1 28 1 25 58739 464109
 2 84 1 69 1 48 1 21 165665 1358366
 3 97 1 82 1 78 1 22 344511 3266819
 4 109 0 43 1 33 1 16 84273 506530
 5 80 1 75 1 47 1 18 152834 918407
 88 2511205
 587 233 220 16564723 135225148
 5
 1 100 0 60 1 40 1 29 108493 885239
 2 89 0 67 1 34 1 31 85699 551122
 3 92 0 80 0 38 1 28 116920 1028159
 4 90 0 81 0 24 1 27 94411 858846
 5 84 0 52 1 38 1 25 74665 633652
 89 2511305
 587 233 220 12710858 122185778
 5
 1 95 0 92 0 46 1 19 227871 1632465
 2 65 1 60 1 40 1 19 66812 571220
 3 103 1 62 1 59 1 25 169444 1673668
 4 71 1 65 1 52 1 14 139619 1051566
 5 119 0 87 0 28 1 23 147167 1236221
 90 2511405
 587 233 220 12424189 115459207
 5
 1 91 0 52 1 33 1 17 70843 652962
 2 87 1 81 1 63 1 14 265367 2138387
 3 113 0 79 1 45 1 15 206380 1712211
 4 114 0 52 1 45 1 22 133771 1107840
 5 110 1 90 1 66 1 14 380251 2777054
 91 2511505
 587 233 220 12125338 112758622
 5
 1 86 1 65 1 57 1 25 129928 1066584
 2 61 1 37 1 32 1 31 42954 373292
 3 39 1 33 1 27 1 32 15534 110523
 4 85 0 33 1 26 1 38 37633 233297
 5 101 0 94 0 42 1 40 213749 1594216
 92 2511605
 587 233 220 14495180 129828932
 5
 1 96 1 82 1 63 1 17 217768 2108880
 2 74 1 63 1 59 1 21 133820 916450
 3 86 0 60 1 43 1 22 132250 987944
 4 90 1 67 1 57 1 11 182102 1480881
 5 97 1 91 1 80 1 10 422881 2706726
 93 2511705
 587 233 220 15994142 148102579
 5
 1 78 0 69 1 37 1 12 96565 654232
 2 115 1 90 1 58 1 13 296848 2647261
 3 68 0 53 0 20 1 16 39771 390171
 4 119 0 71 1 47 1 26 212083 2024776
 5 100 1 82 1 57 1 18 259349 2296853
 94 2511805
 587 233 220 17707251 150023691
 5
 1 75 1 73 1 69 1 36 196879 1244949
 2 66 1 56 1 40 1 39 87299 859430
 3 64 1 51 1 41 1 38 72345 464777
 4 90 0 52 1 28 1 30 71835 656306
 5 73 0 33 1 28 1 25 31551 274511
 95 2511905
 587 233 220 16611548 127303513
 5
 1 101 0 69 0 20 1 27 77241 735301
 2 108 0 66 1 54 1 36 224342 1495210
 3 74 0 62 1 33 1 26 66193 613193
 4 69 0 61 1 33 1 28 59256 521950
 5 71 0 64 0 31 1 32 57271 512142
 96 2512005
 587 233 220 13902396 105935402
 5
 1 64 0 42 1 26 1 41 39186 375935
 2 92 1 58 1 52 1 41 157892 980682
 3 92 0 85 0 21 1 35 66769 527723
 4 90 0 49 1 33 1 45 82114 617971
 5 54 1 48 1 34 1 40 39606 354646
 97 2512105
 587 233 220 17421244 141844814
 5
 1 74 0 60 1 32 1 32 67069 538468
 2 100 0 50 1 43 1 33 108518 1083459
 3 95 0 74 1 42 1 37 176626 1421846
 4 95 0 70 0 30 1 31 99495 688343
 5 45 1 37 1 24 1 32 16364 141286
 98 2512205
 587 233 220 14137008 89550162
 5
 1 106 0 55 1 38 1 33 129541 1116921
 2 69 1 50 1 48 1 32 80782 648154
 3 106 1 63 1 57 1 20 167706 1086754
 4 71 1 66 1 51 1 33 141940 879310
 5 62 1 41 1 36 1 20 43373 410955
 99 2512305
 587 233 220 17986350 148731523
 5
 1 51 1 46 1 44 1 47 57113 562672
 2 95 0 92 1 47 1 32 179491 1759027
 3 116 0 39 1 23 1 30 44296 372992
 4 51 1 37 1 32 1 28 26919 221593
 5 117 0 44 1 38 1 37 101274 706984
 100 2512405
 587 233 220 13386418 102611640
 5
 1 78 1 49 1 47 1 24 104232 862487
 2 46 1 45 1 43 1 25 46554 390304
 3 98 0 44 1 36 1 33 87670 607578
 4 100 0 89 0 31 1 34 142431 1072114
 5 108 0 76 1 47 1 23 198318 1220234
