100
 1 2502505
 587 233 220 14276734 127079523
 8
 1 108 0 76 0 30 1 24 124078 1046024
 2 110 0 43 1 25 1 9 70878 614654
 3 92 1 81 1 55 1 8 236704 2352096
 4 81 0 33 1 28 1 11 33321 290762
 5 120 1 99 1 73 1 11 377966 3310147
 6 111 0 70 1 48 1 10 212841 1789049
 7 98 0 72 1 46 1 12 137016 1076555
 8 95 0 66 0 31 1 9 85090 645890
 2 2502605
 587 233 220 13983739 132923878
 8
 1 49 0 25 1 21 1 16 15062 142300
 2 60 1 51 1 41 1 8 67058 518957
 3 103 1 76 1 64 1 16 260472 2388859
 4 95 1 70 1 62 1 18 218942 1477111
 5 111 0 49 1 26 1 18 63096 526498
 6 85 1 84 1 72 1 16 219450 1713477
 7 48 1 36 1 31 1 17 30664 273025
 8 86 0 76 0 38 1 6 105374 748346
 3 2502705
 587 233 220 14456991 98285283
 8
 1 97 0 81 0 27 1 10 97776 759153
 2 102 0 78 0 39 1 20 151410 990870
 3 113 0 46 1 36 1 18 94145 627213
 4 66 1 50 1 42 1 21 72528 658046
 5 101 0 30 1 26 1 16 43839 315851
 6 100 0 56 1 35 1 17 89425 791379
 7 91 0 50 1 40 1 22 103874 866900
 8 106 1 61 1 56 1 19 184499 1123721
 4 2502805
 587 233 220 12245119 114829112
 8
 1 113 0 92 0 33 1 23 191347 1740494
 2 52 1 37 1 28 1 22 30746 212381
 3 57 1 33 1 29 1 26 24705 235915
 4 99 0 37 1 30 1 17 49986 444524
 5 92 0 64 1 33 1 23 106394 658343
 6 119 0 59 1 39 1 26 114819 822434
 7 54 1 52 1 49 1 18 79348 711922
 8 75 0 45 1 35 1 30 62197 483688
 5 2502905
 587 233 220 16861790 157847197
 8
 1 88 0 54 1 39 1 16 110212 916258
 2 94 0 54 1 36 1 14 87393 553881
 3 87 0 77 1 43 1 20 159273 1099537
 4 100 1 80 1 72 1 16 237325 1602401
 5 83 0 40 1 36 1 6 71693 568794
 6 91 0 54 0 22 1 15 53190 438466
 7 109 0 58 1 54 1 17 200733 1812166
 8 94 0 55 1 30 1 9 67646 519522
 6 2503005
 587 233 220 17596280 117912779
 8
 1 86 1 84 1 45 1 23 172132 1106491
 2 81 0 45 1 34 1 24 60390 365849
 3 70 1 54 1 37 1 24 57533 380888
 4 71 1 61 1 52 1 12 93699 580816
 5 78 1 73 1 40 1 18 119416 1090997
 6 69 1 63 1 46 1 14 88380 783004
 7 72 1 67 1 56 1 13 134683 1141531
 8 75 0 75 0 36 1 15 86306 715853
 7 2503105
 587 233 220 17466958 152588398
 8
 1 118 0 79 1 51 1 18 264204 2244708
 2 86 0 32 1 31 1 14 41104 321141
 3 64 1 58 1 52 1 18 98553 784385
 4 42 1 42 1 32 1 19 24912 187504
 5 64 1 55 1 43 1 14 89206 630332
 6 84 0 70 0 35 1 18 90654 876398
 7 76 0 57 1 36 1 23 63294 442418
 8 95 1 60 1 55 1 20 161155 1372087
 8 2503205
 587 233 220 17382531 139465465
 8
 1 75 1 58 1 57 1 11 101495 874891
 2 57 1 37 1 30 1 14 27396 263632
 3 79 0 74 0 35 1 11 90406 830434
 4 104 1 99 1 74 1 10 378695 3146589
 5 55 1 46 1 31 1 20 34515 275970
 6 99 0 98 0 33 1 10 173167 1229716
 7 90 1 85 1 59 1 12 195001 1447408
 8 115 0 74 1 44 1 16 160563 1094530
 9 2503305
 587 233 220 15339691 114521979
 8
 1 90 1 70 1 63 1 6 173569 1134930
 2 84 0 78 0 28 1 17 100239 609024
 3 94 0 85 0 39 1 19 154025 1235810
 4 80 1 76 1 54 1 16 188761 1438890
 5 69 1 50 1 45 1 16 67572 561750
 6 70 1 57 1 37 1 17 70959 664561
 7 94 1 61 1 54 1 18 164852 1075037
 8 92 0 44 1 29 1 24 63633 387512
 10 2503405
 587 233 220 15382897 142527115
 8
 1 68 0 66 0 31 1 18 62516 429475
 2 120 0 34 1 26 1 27 62256 475467
 3 95 1 76 1 60 1 17 245814 1521769
 4 61 1 47 1 34 1 19 52750 321366
 5 53 1 45 1 36 1 25 38944 244656
 6 80 1 52 1 42 1 22 94213 648519
 7 109 0 63 0 28 1 22 99453 625965
 8 74 0 64 1 35 1 30 80666 508820
 11 2503505
 587 233 220 15874121 99758778
 8
 1 74 1 63 1 61 1 17 150891 1159827
 2 71 0 60 0 25 1 13 57720 463492
 3 106 1 80 1 59 1 10 263370 1942728
 4 109 0 76 1 42 1 15 190388 1380946
 5 118 0 56 0 22 1 19 72093 490720
 6 105 0 67 1 43 1 16 176356 1177983
 7 72 1 65 1 37 1 20 71975 529072
 8 84 1 59 1 54 1 9 114483 795310
 12 2503605
 587 233 220 12951631 92453616
 8
 1 95 1 80 1 57 1 13 178655 1540954
 2 112 0 87 0 23 1 15 104591 830956
 3 116 0 41 1 40 1 14 81880 642846
 4 98 1 80 1 56 1 10 189849 1284523
 5 108 1 60 1 59 1 10 213902 1981992
 6 82 1 77 1 67 1 8 191154 1719663
 7 67 1 46 1 36 1 19 65023 591946
 8 104 0 72 1 44 1 14 167865 1552961
 13 2503705
 587 233 220 16782212 151219954
 8
 1 52 0 36 1 25 1 35 22375 150872
 2 63 0 37 1 21 1 20 28058 192182
 3 100 0 61 1 36 1 27 131627 1130786
 4 79 0 52 1 36 1 21 76565 493279
 5 99 0 63 1 36 1 17 113858 815901
 6 97 0 49 1 30 1 24 83884 710547
 7 90 1 69 1 55 1 25 153155 1430595
 8 91 0 33 1 28 1 30 34502 301734
 14 2503805
 587 233 220 15577547 130298443
 8
 1 68 0 48 1 31 1 12 48200 291111
 2 104 1 80 1 63 1 14 225131 2169489
 3 82 0 46 0 21 1 13 32113 219685
 4 114 1 78 1 60 1 14 305754 2632032
 5 90 1 74 1 66 1 12 181685 1352746
 6 112 0 54 1 36 1 8 101923 916467
 7 71 1 64 1 54 1 17 112000 790898
 8 74 0 53 1 33 1 14 72323 619971
 15 2503905
 587 233 220 13907552 117208553
 8
 1 100 0 44 1 37 1 11 66704 450022
 2 90 1 78 1 55 1 11 194947 1910449
 3 65 1 57 1 42 1 12 63461 389405
 4 85 0 58 1 41 1 13 109621 790169
 5 81 1 69 1 50 1 15 137922 979531
 6 84 1 78 1 51 1 20 150420 1390342
 7 109 1 73 1 73 1 11 343728 3299404
 8 73 1 58 1 52 1 10 94772 705066
 16 2504005
 587 233 220 17315590 148775615
 8
 1 43 1 40 1 39 1 21 27067 260694
 2 97 0 76 1 40 1 12 132133 836410
 3 67 1 63 1 47 1 15 92409 849872
 4 98 0 57 1 38 1 13 121819 864487
 5 73 0 71 0 27 1 16 59510 446717
 6 66 1 56 1 41 1 15 72210 520269
 7 82 1 75 1 72 1 28 230906 1949922
 8 93 0 71 1 43 1 8 127150 1049989
 17 2504105
 587 233 220 16406800 145736308
 8
 1 72 0 49 1 35 1 12 66433 465061
 2 75 1 66 1 47 1 8 121292 981740
 3 78 0 30 1 22 1 11 22746 212781
 4 119 1 79 1 79 1 15 429422 4055127
 5 76 1 65 1 62 1 15 135362 1122566
 6 119 1 81 1 65 1 10 351729 2218178
 7 91 0 77 0 36 1 5 123767 1170868
 8 113 0 89 0 27 1 10 147436 1372493
 18 2504205
 587 233 220 17241829 136961492
 8
 1 104 0 55 1 30 1 11 79001 783247
 2 92 1 89 1 73 1 11 338196 2897552
 3 88 0 88 0 43 1 11 198187 1791051
 4 90 1 60 1 60 1 9 166798 1644067
 5 79 1 53 1 41 1 7 85526 538904
 6 96 0 91 0 28 1 10 133538 1251835
 7 100 1 90 1 79 1 14 401005 3210201
 8 73 0 42 1 32 1 12 51142 309343
 19 2504305
 587 233 220 13537788 86695539
 8
 1 60 0 45 1 26 1 25 31832 249510
 2 71 1 43 1 39 1 10 61737 440401
 3 99 1 71 1 64 1 19 194492 1799890
 4 61 1 41 1 40 1 17 46815 435710
 5 83 1 79 1 43 1 30 149111 968943
 6 63 1 52 1 35 1 26 52641 463562
 7 54 0 33 1 20 1 24 18112 126822
 8 62 1 57 1 51 1 25 104098 917369
 20 2504405
 587 233 220 17472981 160219055
 8
 1 97 1 77 1 66 1 16 276836 1745096
 2 81 1 69 1 69 1 21 215207 1673942
 3 109 0 53 0 24 1 15 77750 728642
 4 98 0 33 1 20 1 18 28904 204563
 5 86 0 56 1 34 1 15 84231 639662
 6 76 0 50 1 35 1 16 73100 464001
 7 109 0 42 1 22 1 14 58822 477177
 8 82 1 69 1 42 1 20 135717 887004
 21 2504505
 587 233 220 15538103 125249218
 8
 1 109 1 93 1 72 1 11 398479 3976231
 2 95 0 67 0 32 1 11 110314 950509
 3 119 0 45 1 36 1 13 97987 627646
 4 95 1 78 1 62 1 13 226628 1521902
 5 116 0 89 0 32 1 15 156802 966268
 6 98 0 65 1 38 1 11 114994 828093
 7 72 0 51 0 24 1 7 48091 336453
 8 102 0 88 0 26 1 13 126172 954462
 22 2504605
 587 233 220 12412775 78710938
 8
 1 89 1 78 1 50 1 12 169425 1289620
 2 73 1 65 1 46 1 12 118449 1101707
 3 94 0 66 1 39 1 11 110109 964340
 4 66 1 59 1 42 1 21 88769 689991
 5 106 1 93 1 70 1 16 374159 2452878
 6 80 1 71 1 62 1 13 178126 1434170
 7 60 0 36 1 26 1 19 29223 177710
 8 72 0 31 1 31 1 7 30546 194979
 23 2504705
 587 233 220 13584727 82295669
 8
 1 84 0 81 0 23 1 13 92526 750952
 2 115 1 72 1 64 1 20 311123 1873264
 3 77 0 49 1 25 1 16 54216 528610
 4 40 1 37 1 22 1 8 14430 124657
 5 97 0 96 0 46 1 17 248921 1928694
 6 95 0 43 1 25 1 13 52597 421297
 7 90 0 69 0 28 1 22 94353 846696
 8 56 1 51 1 49 1 21 65353 617919
 24 2504805
 587 233 220 13124242 82166252
 8
 1 113 0 80 0 29 1 15 149117 1250614
 2 98 1 65 1 62 1 11 234506 2192947
 3 60 1 59 1 46 1 9 82883 524894
 4 100 1 97 1 64 1 16 293118 1806527
 5 99 0 88 0 23 1 12 83815 541048
 6 106 0 49 1 33 1 15 78361 567231
 7 78 0 54 1 30 1 20 72931 653269
 8 71 1 68 1 41 1 14 105287 715697
 25 2504905
 587 233 220 14701414 118835796
 8
 1 75 0 54 1 35 1 21 76030 651960
 2 107 0 60 1 49 1 20 174659 1288502
 3 70 1 67 1 42 1 13 79121 729330
 4 78 1 71 1 44 1 12 130151 882640
 5 78 0 61 0 27 1 20 62819 553040
 6 78 1 73 1 48 1 20 159026 1311811
 7 109 0 87 0 32 1 13 126779 820855
 8 91 0 87 0 25 1 16 82792 815085
 26 2505005
 587 233 220 16334438 109484091
 8
 1 86 0 71 1 41 1 24 126401 959581
 2 75 1 58 1 58 1 23 116055 849895
 3 100 0 81 0 27 1 20 93508 828844
 4 59 0 42 1 24 1 24 31942 263878
 5 69 0 37 1 30 1 15 38670 282943
 6 63 1 50 1 36 1 13 59063 551415
 7 96 0 72 0 34 1 24 136820 1167726
 8 111 0 71 0 29 1 18 101966 715608
 27 2505105
 587 233 220 12113974 101488913
 8
 1 118 0 66 1 47 1 14 178775 1464550
 2 99 0 56 0 25 1 19 59201 557903
 3 91 1 83 1 48 1 14 168156 1171092
 4 104 0 66 1 40 1 15 163938 1623671
 5 75 0 60 1 33 1 14 79326 686300
 6 113 1 78 1 60 1 17 299517 2219250
 7 36 1 36 1 29 1 12 15408 145355
 8 56 1 48 1 40 1 15 45083 346731
 28 2505205
 587 233 220 16640081 108613886
 8
 1 62 1 59 1 52 1 21 99201 650392
 2 54 1 52 1 50 1 9 64161 458567
 3 102 1 69 1 65 1 16 208623 1918875
 4 97 0 76 1 46 1 18 171605 1661022
 5 52 1 50 1 37 1 18 41593 299704
 6 93 0 85 0 23 1 20 86740 842003
 7 90 0 38 1 38 1 20 68784 465013
 8 66 1 60 1 40 1 21 78805 547524
 29 2505305
 587 233 220 15921478 125618809
 8
 1 91 1 58 1 57 1 20 170232 1464080
 2 92 1 78 1 53 1 21 185386 1356881
 3 112 0 48 1 28 1 24 78947 780944
 4 78 0 47 1 26 1 27 45001 368534
 5 41 1 40 1 28 1 28 25988 245211
 6 57 1 47 1 32 1 24 36793 278295
 7 54 1 47 1 40 1 30 54418 527078
 8 85 0 80 0 25 1 20 99830 609200
 30 2505405
 587 233 220 16030321 143948788
 8
 1 64 0 53 1 32 1 23 63141 573631
 2 51 1 42 1 28 1 20 28920 253262
 3 49 1 32 1 30 1 24 23808 186448
 4 109 1 68 1 59 1 15 199518 1750514
 5 66 0 43 1 32 1 21 37332 310193
 6 120 0 71 1 47 1 21 178897 1524594
 7 109 0 57 1 41 1 19 116782 1027012
 8 100 0 70 0 28 1 18 87925 851309
 31 2505505
 587 233 220 17959398 172668064
 8
 1 70 1 63 1 49 1 19 119857 1132124
 2 84 1 54 1 49 1 19 123939 947193
 3 89 0 70 1 42 1 14 130448 1122790
 4 80 0 48 1 39 1 16 65129 609859
 5 114 0 47 1 42 1 13 103678 791820
 6 92 0 62 1 34 1 22 107939 759046
 7 72 1 66 1 43 1 17 84839 564028
 8 120 0 55 1 46 1 16 122571 855971
 32 2505605
 587 233 220 13729884 89420655
 8
 1 95 0 76 1 44 1 16 129748 948250
 2 81 0 47 1 34 1 21 60514 466064
 3 71 0 52 1 30 1 22 58798 534984
 4 96 0 52 1 28 1 13 78516 513018
 5 104 0 80 1 50 1 21 213532 1657099
 6 77 1 64 1 57 1 20 138115 989732
 7 75 0 45 1 36 1 17 60392 540561
 8 65 1 49 1 39 1 11 70999 434629
 33 2505705
 587 233 220 13801320 105917764
 8
 1 40 1 36 1 21 1 14 15884 101604
 2 76 0 45 1 31 1 15 52567 471756
 3 63 1 54 1 51 1 20 99612 943858
 4 114 1 77 1 69 1 17 312835 2474770
 5 95 1 57 1 53 1 20 115234 702547
 6 92 0 36 1 20 1 14 29610 205200
 7 90 1 84 1 47 1 15 213050 1623134
 8 84 0 69 0 24 1 16 66845 482332
 34 2505805
 587 233 220 14340177 133675246
 8
 1 68 0 35 1 27 1 20 32019 236833
 2 118 0 57 1 43 1 17 160876 1546278
 3 73 0 72 0 36 1 23 97653 704484
 4 85 1 58 1 50 1 24 120274 1176821
 5 86 0 56 1 33 1 13 80924 643829
 6 99 0 44 1 31 1 24 74751 705947
 7 93 1 54 1 49 1 14 100396 724797
 8 89 0 69 0 26 1 29 70159 549701
 35 2505905
 587 233 220 13554821 83710830
 8
 1 100 0 33 1 31 1 13 41527 284702
 2 84 0 68 1 42 1 18 116707 932806
 3 95 0 84 0 31 1 18 122434 1088111
 4 57 1 39 1 30 1 25 35957 337190
 5 76 1 71 1 60 1 20 156128 1469346
 6 71 1 68 1 46 1 24 91493 870493
 7 109 0 51 1 26 1 15 66727 582628
 8 109 0 54 1 45 1 16 135989 1220238
 36 2506005
 587 233 220 14642501 131999149
 8
 1 41 1 39 1 26 1 17 22841 217445
 2 110 0 40 1 34 1 11 77419 611066
 3 94 1 77 1 52 1 10 159444 1411796
 4 119 1 96 1 71 1 21 468252 2822873
 5 67 1 63 1 47 1 16 110448 1047195
 6 61 1 43 1 31 1 11 34234 309159
 7 72 0 53 1 35 1 10 72819 666299
 8 64 1 38 1 38 1 15 44115 298188
 37 2506105
 587 233 220 13540208 94760726
 8
 1 98 0 73 1 44 1 13 144889 972363
 2 60 1 60 1 38 1 12 63124 385664
 3 105 1 73 1 60 1 9 252224 2207544
 4 90 1 77 1 52 1 21 198726 1217539
 5 66 0 58 0 24 1 12 40067 368852
 6 106 1 76 1 55 1 20 202401 1234809
 7 55 1 44 1 36 1 11 47443 325396
 8 82 0 58 0 23 1 14 63436 541951
 38 2506205
 587 233 220 14808723 134926592
 8
 1 104 0 94 1 50 1 14 273895 1698390
 2 102 0 87 0 36 1 14 183636 1653761
 3 115 0 42 1 33 1 10 84673 524524
 4 61 1 58 1 32 1 14 54522 432657
 5 70 1 62 1 48 1 9 116632 1025054
 6 91 1 79 1 78 1 13 314921 2710799
 7 90 1 57 1 53 1 17 114791 1066954
 8 78 0 68 0 25 1 12 54989 419925
 39 2506305
 587 233 220 17435715 131082145
 8
 1 89 1 56 1 45 1 36 132182 1290322
 2 53 1 37 1 34 1 28 31283 299981
 3 54 0 35 1 25 1 31 26372 216335
 4 73 0 39 1 33 1 33 53715 482912
 5 73 1 39 1 38 1 20 64418 570667
 6 50 1 42 1 29 1 31 32885 265905
 7 62 1 59 1 54 1 25 82380 530922
 8 98 0 53 1 44 1 28 101956 788789
 40 2506405
 587 233 220 14943075 106559902
 8
 1 85 1 77 1 62 1 10 192214 1727583
 2 94 0 63 1 32 1 7 98248 650579
 3 83 1 75 1 45 1 11 156574 975495
 4 95 1 95 1 54 1 15 272341 2696993
 5 76 0 76 0 30 1 10 76818 468137
 6 113 0 66 1 44 1 11 153609 1098233
 7 108 1 71 1 61 1 14 228238 1641857
 8 118 0 62 1 37 1 8 137173 1304706
 41 2506505
 587 233 220 12075218 111853230
 8
 1 109 1 80 1 68 1 12 312469 2011786
 2 90 0 45 1 31 1 24 57117 459468
 3 66 1 56 1 34 1 11 56373 551223
 4 76 0 66 1 34 1 18 93491 573346
 5 111 0 80 1 53 1 15 245451 1733288
 6 86 0 59 0 29 1 17 76393 478540
 7 80 1 72 1 63 1 12 178798 1711214
 8 81 0 47 0 22 1 15 48682 374239
 42 2506605
 587 233 220 15369355 139491115
 8
 1 76 1 74 1 50 1 20 141263 1391607
 2 86 0 40 1 29 1 15 50111 349777
 3 66 1 55 1 48 1 14 80756 489833
 4 75 0 57 1 37 1 13 65544 404717
 5 102 0 83 0 29 1 23 118399 765199
 6 74 1 58 1 52 1 17 102543 769057
 7 89 0 65 1 36 1 18 86738 634705
 8 99 1 68 1 67 1 11 232580 2017229
 43 2506705
 587 233 220 18004237 144744577
 8
 1 82 1 80 1 71 1 11 211413 1323499
 2 66 0 37 1 27 1 5 39318 388917
 3 77 0 76 0 31 1 12 90520 622408
 4 100 0 56 1 38 1 14 116900 780649
 5 93 1 86 1 67 1 11 302701 2142134
 6 89 0 76 0 30 1 12 84256 774358
 7 98 1 90 1 67 1 14 340488 3292221
 8 87 0 52 1 42 1 13 85787 831002
 44 2506805
 587 233 220 16959863 107214383
 8
 1 114 0 67 0 25 1 23 108377 724866
 2 92 0 79 0 25 1 19 104689 705558
 3 89 0 87 0 36 1 22 118222 812574
 4 95 0 71 1 36 1 17 104706 908692
 5 90 0 83 1 43 1 18 128924 1267377
 6 93 0 39 1 28 1 19 48774 481262
 7 69 0 54 1 31 1 13 51684 419314
 8 107 0 61 1 37 1 11 116087 962080
 45 2506905
 587 233 220 17101515 155290886
 8
 1 63 0 55 1 31 1 14 54566 330509
 2 120 0 43 1 23 1 20 62267 392513
 3 97 1 72 1 57 1 27 209303 1261275
 4 77 1 76 1 42 1 14 99687 817850
 5 93 0 74 0 20 1 19 75674 553024
 6 65 1 63 1 43 1 13 93838 702857
 7 108 0 71 1 40 1 18 167638 1183020
 8 79 0 36 1 21 1 22 29280 181147
 46 2507005
 587 233 220 13388095 118407276
 8
 1 86 0 58 1 36 1 12 88770 658127
 2 71 0 69 0 22 1 13 46353 420336
 3 108 0 78 1 54 1 14 249831 2386715
 4 104 1 58 1 57 1 19 184447 1732343
 5 96 1 65 1 58 1 11 178491 1606148
 6 58 0 37 1 26 1 12 31131 265521
 7 73 1 72 1 49 1 16 127012 767957
 8 98 1 67 1 56 1 13 175109 1096922
 47 2507105
 587 233 220 14950873 121776933
 8
 1 118 0 54 1 42 1 13 150856 1431981
 2 112 0 95 0 20 1 21 120774 1152226
 3 118 0 38 1 37 1 20 84215 580695
 4 76 0 38 1 38 1 19 63921 399044
 5 100 0 56 1 34 1 19 109020 762543
 6 100 0 73 1 50 1 20 162923 1220523
 7 75 0 58 1 36 1 19 92103 586555
 8 76 1 51 1 41 1 17 70780 506763
 48 2507205
 587 233 220 16996516 111049101
 8
 1 59 1 49 1 48 1 7 79239 690730
 2 79 1 63 1 46 1 13 121133 1151877
 3 95 0 58 1 38 1 13 121463 807303
 4 95 0 79 1 47 1 12 203869 1597525
 5 72 0 46 1 27 1 12 50019 306685
 6 88 1 74 1 72 1 14 217071 1803933
 7 90 1 77 1 67 1 18 237320 1696634
 8 96 0 59 1 36 1 14 86015 528351
 49 2507305
 587 233 220 15912046 110211811
 8
 1 91 0 54 1 45 1 13 109484 934471
 2 105 1 77 1 72 1 15 257800 2466055
 3 79 1 78 1 48 1 10 157822 1120753
 4 109 1 76 1 59 1 12 214759 1791616
 5 48 1 37 1 30 1 13 31639 282001
 6 44 1 37 1 27 1 9 18340 164312
 7 79 1 76 1 54 1 17 143924 1389779
 8 116 0 78 0 20 1 16 96583 902311
 50 2507405
 587 233 220 12093134 88784561
 8
 1 60 1 40 1 32 1 16 42223 314379
 2 98 1 75 1 55 1 23 236207 2294563
 3 60 1 59 1 39 1 18 76551 521518
 4 81 0 56 1 40 1 14 80700 543539
 5 119 0 34 1 25 1 10 47345 413065
 6 107 0 61 1 42 1 19 145422 1380052
 7 108 0 85 0 20 1 20 88557 786103
 8 97 0 66 1 45 1 16 139864 854156
 51 2507505
 587 233 220 14801156 105395364
 8
 1 66 1 64 1 36 1 13 74049 511239
 2 97 1 73 1 49 1 30 155815 1240750
 3 69 1 60 1 43 1 21 98487 807610
 4 52 0 37 1 20 1 24 16336 133480
 5 109 0 63 1 37 1 24 148221 1112018
 6 79 0 57 0 24 1 20 54635 497852
 7 95 0 72 0 22 1 20 67975 428848
 8 65 1 50 1 39 1 13 69544 661184
 52 2507605
 587 233 220 14980378 137233561
 8
 1 96 0 72 0 31 1 13 122731 899898
 2 75 1 72 1 47 1 21 123265 851593
 3 80 0 25 1 20 1 14 21486 211764
 4 114 1 94 1 61 1 19 316987 2587007
 5 100 0 40 1 39 1 20 75233 589766
 6 72 1 51 1 48 1 13 79594 728635
 7 36 1 28 1 24 1 27 14222 132377
 8 85 0 58 1 35 1 16 82363 741426
 53 2507705
 587 233 220 15992830 138419235
 8
 1 78 0 37 1 27 1 15 43047 387929
 2 89 0 70 0 25 1 15 72402 474955
 3 90 0 84 0 41 1 12 168514 1422896
 4 85 0 75 1 42 1 9 115041 871495
 5 91 0 77 1 44 1 12 150405 1176779
 6 114 1 87 1 71 1 10 404383 3885336
 7 90 0 37 1 25 1 14 46803 432779
 8 105 1 80 1 77 1 13 264815 2642560
 54 2507805
 587 233 220 14573801 105955164
 8
 1 99 0 68 0 23 1 29 75206 566997
 2 68 1 52 1 40 1 25 59184 537482
 3 101 1 66 1 61 1 21 185764 1230936
 4 57 0 56 0 22 1 25 39957 318842
 5 81 1 54 1 47 1 29 101849 908986
 6 86 0 34 1 25 1 15 38922 379456
 7 54 0 46 1 27 1 18 32241 308236
 8 95 0 65 1 34 1 16 97116 908191
 55 2507905
 587 233 220 13361521 92653318
 8
 1 100 0 94 0 28 1 22 110991 1095094
 2 81 1 78 1 66 1 15 211006 1748441
 3 111 0 49 0 21 1 24 50444 480150
 4 119 0 63 1 37 1 21 128532 879714
 5 72 0 50 1 30 1 18 59095 421560
 6 58 1 58 1 40 1 25 58698 506502
 7 108 0 55 1 29 1 17 78283 719312
 8 54 1 49 1 38 1 12 54748 393711
 56 2508005
 587 233 220 16138400 139135455
 8
 1 90 0 41 1 34 1 40 60437 531592
 2 64 0 32 1 28 1 20 23648 144803
 3 42 1 31 1 31 1 21 21249 169924
 4 94 0 90 0 44 1 22 160486 982194
 5 68 1 63 1 53 1 23 124457 989377
 6 55 0 30 1 21 1 27 20177 124795
 7 72 0 64 0 31 1 29 59596 370017
 8 75 0 56 1 34 1 30 75840 568741
 57 2508105
 587 233 220 12392490 115986408
 8
 1 85 0 73 1 40 1 11 102702 687446
 2 73 1 62 1 54 1 12 116496 926805
 3 90 0 63 1 41 1 18 102594 902337
 4 75 0 61 0 24 1 15 52807 356920
 5 57 1 53 1 44 1 11 69417 582072
 6 93 0 70 1 45 1 17 135496 1242596
 7 73 0 36 1 33 1 15 45838 432067
 8 95 1 80 1 75 1 19 236598 1562360
 58 2508205
 587 233 220 13994889 103600341
 8
 1 105 0 81 1 46 1 16 220663 1453955
 2 115 1 81 1 61 1 12 234109 2225733
 3 72 0 51 0 23 1 12 36758 230874
 4 65 1 56 1 33 1 8 66402 403628
 5 60 0 44 0 21 1 8 31309 303410
 6 85 1 69 1 65 1 10 195612 1804227
 7 90 0 82 0 35 1 9 151778 1274497
 8 115 1 94 1 64 1 12 312061 3047506
 59 2508305
 587 233 220 14664929 120417367
 8
 1 76 1 52 1 46 1 25 97861 975528
 2 66 0 59 1 31 1 35 55172 409912
 3 62 1 55 1 44 1 23 67688 643540
 4 95 0 46 1 36 1 16 63204 463960
 5 63 1 59 1 35 1 30 71095 491966
 6 100 0 37 1 32 1 30 57855 490205
 7 91 0 54 1 37 1 33 107054 855479
 8 49 1 44 1 36 1 24 38429 232106
 60 2508405
 587 233 220 14314934 141033542
 8
 1 78 1 72 1 58 1 15 184186 1168512
 2 107 1 57 1 57 1 19 161024 997366
 3 72 1 64 1 37 1 17 85454 775531
 4 93 0 66 0 26 1 11 94442 921780
 5 116 0 67 1 35 1 15 137775 1289965
 6 101 0 56 1 39 1 11 94608 897726
 7 108 0 100 0 39 1 14 206076 1398326
 8 64 1 55 1 33 1 12 54200 464162
 61 2508505
 587 233 220 15177331 136940871
 8
 1 109 1 68 1 64 1 8 283967 2558172
 2 84 1 58 1 55 1 10 112375 940699
 3 96 0 83 0 24 1 14 87459 807530
 4 74 0 67 1 37 1 6 108708 1049115
 5 107 1 73 1 70 1 10 327309 3110147
 6 80 1 73 1 54 1 12 179101 1570497
 7 72 0 41 1 33 1 11 42699 339971
 8 84 1 79 1 74 1 19 266477 2047249
 62 2508605
 587 233 220 12637140 122627798
 8
 1 70 1 63 1 50 1 14 124586 879590
 2 100 0 53 1 34 1 11 76237 664413
 3 93 0 78 1 45 1 12 193561 1189964
 4 100 0 55 1 48 1 16 153030 1332247
 5 98 1 73 1 50 1 11 197710 1785330
 6 69 1 45 1 43 1 15 65651 612669
 7 43 1 42 1 36 1 19 38301 267515
 8 104 1 92 1 63 1 16 360817 3276678
 63 2508705
 587 233 220 12897134 109470967
 8
 1 82 1 76 1 59 1 17 164878 1200156
 2 60 1 51 1 50 1 9 64076 525135
 3 104 1 66 1 61 1 12 168379 1683329
 4 71 0 36 1 28 1 16 40444 339478
 5 89 0 77 0 26 1 20 89495 631863
 6 108 1 84 1 66 1 14 295368 2319282
 7 90 0 51 1 45 1 13 108698 734489
 8 48 1 35 1 33 1 23 25196 248850
 64 2508805
 587 233 220 14825294 132334948
 8
 1 114 0 54 0 20 1 21 52882 503552
 2 92 1 87 1 50 1 14 172614 1101933
 3 114 0 43 1 26 1 9 73218 454156
 4 93 0 69 1 42 1 23 109814 817778
 5 80 1 79 1 64 1 13 203898 1304119
 6 99 0 80 0 29 1 24 114386 1043994
 7 60 1 54 1 47 1 17 76319 484348
 8 54 1 53 1 32 1 13 42310 262063
 65 2508905
 587 233 220 13355609 127901283
 8
 1 55 0 50 1 26 1 13 32114 208497
 2 48 1 42 1 37 1 17 32323 222746
 3 47 1 34 1 26 1 22 24287 225837
 4 104 0 74 1 50 1 20 163655 1390006
 5 83 0 70 1 40 1 20 103482 630510
 6 53 1 52 1 38 1 15 62111 471096
 7 108 0 69 1 49 1 17 200874 1662344
 8 78 1 73 1 72 1 16 226408 1947253
 66 2509005
 587 233 220 14215819 108230354
 8
 1 87 0 45 1 32 1 15 58478 428387
 2 84 1 63 1 46 1 14 119065 717097
 3 84 1 67 1 44 1 11 115719 938202
 4 76 0 55 1 30 1 9 53626 409866
 5 87 1 78 1 61 1 15 205867 1939551
 6 115 0 77 1 53 1 11 279542 2778340
 7 78 1 72 1 51 1 9 158351 1084595
 8 93 1 91 1 62 1 13 221962 1543172
 67 2509105
 587 233 220 16428155 157266242
 8
 1 119 0 41 1 38 1 20 104415 691707
 2 90 0 44 1 35 1 13 61421 512771
 3 67 0 55 0 27 1 17 55584 399386
 4 71 1 47 1 36 1 21 70128 520633
 5 90 1 55 1 51 1 27 110695 1033992
 6 87 0 68 1 40 1 19 121905 951918
 7 87 0 53 1 36 1 26 70978 593110
 8 113 0 47 1 34 1 26 83553 763646
 68 2509205
 587 233 220 12045910 79370621
 8
 1 60 1 44 1 36 1 12 54624 422313
 2 76 1 42 1 40 1 15 60577 367905
 3 65 1 49 1 48 1 11 89483 577753
 4 109 0 92 1 51 1 17 280444 2199100
 5 93 0 42 1 31 1 15 70635 451512
 6 83 1 64 1 59 1 17 145485 1451262
 7 96 1 90 1 55 1 17 216303 2035256
 8 52 1 42 1 31 1 15 28057 209479
 69 2509305
 587 233 220 14937508 114967817
 8
 1 91 0 50 1 32 1 27 65135 439055
 2 118 0 66 1 40 1 18 179347 1102793
 3 75 0 69 0 32 1 21 94199 607279
 4 81 0 73 0 32 1 20 95912 610256
 5 97 0 69 0 33 1 19 126729 940924
 6 97 0 31 1 27 1 19 43996 301812
 7 57 1 54 1 29 1 22 50623 440833
 8 77 1 71 1 62 1 16 171618 1436884
 70 2509405
 587 233 220 16402558 143909765
 8
 1 56 0 32 1 28 1 9 29100 198009
 2 92 0 68 1 39 1 11 122583 937012
 3 90 0 86 0 29 1 19 108120 728328
 4 73 1 54 1 52 1 19 121655 1183492
 5 114 0 100 0 45 1 20 224662 1851623
 6 94 0 51 1 36 1 9 102415 638439
 7 108 0 59 1 38 1 12 138512 1044868
 8 89 1 82 1 61 1 9 250557 1577282
 71 2509505
 587 233 220 14851768 95599763
 8
 1 99 1 64 1 62 1 23 159052 1403839
 2 110 0 43 1 37 1 16 83646 812432
 3 96 1 73 1 50 1 14 158188 1265667
 4 114 0 53 1 35 1 13 95836 860186
 5 105 0 27 1 22 1 18 32352 196556
 6 75 1 66 1 51 1 16 144260 1007490
 7 72 1 61 1 48 1 12 88258 635449
 8 102 0 46 1 32 1 19 76687 719351
 72 2509605
 587 233 220 15853580 147648792
 8
 1 96 1 95 1 68 1 13 280951 2468841
 2 69 1 61 1 35 1 15 70075 683877
 3 107 1 70 1 55 1 15 235470 2352611
 4 92 0 85 0 34 1 15 134242 1340293
 5 96 0 60 1 31 1 23 78514 558671
 6 66 1 38 1 38 1 15 56639 500283
 7 63 1 57 1 36 1 23 74690 721026
 8 51 1 31 1 31 1 19 26168 243485
 73 2509705
 587 233 220 17439525 113601140
 8
 1 90 0 73 1 37 1 16 115788 969400
 2 102 0 95 0 33 1 16 158904 1134828
 3 117 0 38 1 30 1 11 73595 527742
 4 75 1 73 1 57 1 15 167273 1222189
 5 86 0 36 1 34 1 12 42864 322620
 6 101 1 81 1 62 1 12 233778 2000348
 7 90 1 66 1 65 1 11 219643 2051388
 8 76 1 69 1 51 1 12 148867 1059785
 74 2509805
 587 233 220 13631027 108344075
 8
 1 86 1 79 1 69 1 11 233091 2119657
 2 53 1 46 1 31 1 16 41800 290298
 3 96 0 51 1 37 1 12 83328 561279
 4 119 0 55 1 54 1 16 178948 1295577
 5 77 0 74 0 37 1 13 123222 1016416
 6 96 0 73 0 24 1 13 94181 735576
 7 75 1 67 1 54 1 16 110552 663933
 8 88 1 71 1 61 1 17 156465 970574
 75 2509905
 587 233 220 12174953 73334910
 8
 1 101 0 81 0 24 1 18 107233 1005122
 2 94 0 72 0 29 1 17 102677 753298
 3 79 1 72 1 47 1 25 144245 1331586
 4 90 0 36 1 35 1 14 64093 548547
 5 68 1 51 1 40 1 18 56528 493494
 6 48 1 45 1 35 1 16 38527 315611
 7 108 1 84 1 69 1 14 257800 1810727
 8 91 0 45 1 31 1 17 67680 412967
 76 2510005
 587 233 220 15288763 109493323
 8
 1 77 0 42 1 30 1 16 52088 346885
 2 98 0 45 1 28 1 16 60962 398061
 3 61 1 58 1 32 1 20 67171 595503
 4 92 1 77 1 61 1 11 213118 2021117
 5 58 0 44 1 27 1 27 35649 216553
 6 108 0 72 1 50 1 17 183317 1226560
 7 93 1 72 1 71 1 15 269457 2382104
 8 111 0 49 1 30 1 22 85927 568464
 77 2510105
 587 233 220 16145398 117204390
 8
 1 73 0 73 0 36 1 28 102788 619980
 2 87 0 49 1 26 1 21 58190 526326
 3 68 1 53 1 44 1 34 77226 735063
 4 73 0 57 1 33 1 26 62687 561458
 5 65 1 49 1 47 1 26 75304 460827
 6 80 0 65 1 35 1 28 74357 496164
 7 72 0 35 1 26 1 24 36568 265039
 8 75 1 68 1 40 1 14 108392 800108
 78 2510205
 587 233 220 15379706 150421907
 8
 1 105 0 68 1 42 1 19 122158 847621
 2 75 0 37 1 24 1 24 36313 330931
 3 79 0 73 0 26 1 16 69023 575910
 4 95 0 53 1 38 1 17 98522 619036
 5 50 1 41 1 40 1 21 35482 271832
 6 80 1 59 1 52 1 19 137770 1051429
 7 90 0 74 0 35 1 19 125521 917312
 8 87 1 60 1 60 1 20 161813 1284638
 79 2510305
 587 233 220 17566939 165794216
 8
 1 64 1 48 1 46 1 31 64790 473189
 2 79 0 25 1 22 1 29 18294 112997
 3 89 0 85 0 33 1 26 141764 1174973
 4 79 0 66 1 34 1 18 77707 596487
 5 79 0 54 1 31 1 22 74807 505695
 6 115 0 95 0 22 1 21 109646 665556
 7 76 1 54 1 44 1 24 92178 662533
 8 80 0 44 1 29 1 24 56684 361836
 80 2510405
 587 233 220 17580343 111228939
 8
 1 78 1 59 1 54 1 13 146330 1090470
 2 120 0 52 0 20 1 12 74419 536256
 3 100 1 67 1 54 1 18 208254 1272763
 4 91 0 59 1 37 1 14 96817 829939
 5 112 0 57 1 56 1 18 162730 1355205
 6 88 0 46 1 34 1 12 56787 392483
 7 108 0 78 1 53 1 13 193954 1454267
 8 100 0 48 1 29 1 14 78717 671707
 81 2510505
 587 233 220 16202255 142474733
 8
 1 110 0 60 1 55 1 9 216711 1357207
 2 80 1 78 1 71 1 5 189370 1695764
 3 110 0 75 1 50 1 16 182084 1400582
 4 100 0 72 1 40 1 11 119371 1153050
 5 103 0 60 1 32 1 11 86851 825267
 6 70 1 60 1 49 1 7 89971 567983
 7 80 1 72 1 62 1 6 203541 1583126
 8 120 1 74 1 67 1 15 338961 3056935
 82 2510605
 587 233 220 13105969 127797196
 8
 1 65 1 51 1 50 1 22 92620 830162
 2 113 0 78 0 28 1 14 147705 1090276
 3 120 0 35 1 32 1 22 60187 537946
 4 71 0 53 0 20 1 22 31845 276420
 5 94 1 70 1 64 1 23 217295 2148770
 6 64 0 33 1 32 1 23 28567 235715
 7 71 0 35 1 21 1 25 28173 218222
 8 85 1 59 1 49 1 23 119566 1022285
 83 2510705
 587 233 220 17693956 122146403
 8
 1 83 1 71 1 46 1 22 115114 845846
 2 76 1 63 1 54 1 14 115510 947654
 3 91 0 56 1 40 1 17 111992 1044270
 4 61 1 42 1 34 1 21 51509 401115
 5 84 1 67 1 47 1 19 156653 1312070
 6 95 1 79 1 57 1 14 203033 1531274
 7 90 0 80 0 23 1 17 94595 762239
 8 69 0 43 1 28 1 16 35885 240804
 84 2510805
 587 233 220 13945670 107036743
 8
 1 114 0 77 1 42 1 16 206969 1648450
 2 105 1 81 1 74 1 17 288615 2635679
 3 76 1 73 1 50 1 13 142704 893054
 4 104 0 91 0 41 1 12 168466 1056932
 5 75 0 70 0 23 1 17 61739 383188
 6 93 0 67 0 20 1 4 62810 417971
 7 89 0 54 0 25 1 8 71981 703574
 8 89 0 46 1 28 1 14 66520 633871
 85 2510905
 587 233 220 17751708 157507898
 8
 1 55 0 37 1 22 1 23 18021 171685
 2 72 0 55 1 31 1 14 68003 595641
 3 61 1 56 1 36 1 20 70966 519308
 4 76 0 72 0 22 1 19 60378 405517
 5 74 1 66 1 61 1 20 169055 1491548
 6 43 1 39 1 32 1 11 24300 166704
 7 108 0 98 0 27 1 18 161455 971882
 8 109 1 73 1 65 1 21 249047 2055189
 86 2511005
 587 233 220 15384623 139162856
 8
 1 87 0 33 1 28 1 20 39542 238769
 2 97 1 70 1 57 1 22 178455 1314135
 3 71 1 57 1 38 1 20 90469 801672
 4 63 1 53 1 47 1 17 70739 567398
 5 77 0 56 1 37 1 18 70240 666411
 6 102 0 67 1 47 1 21 145552 1052361
 7 72 0 31 1 29 1 20 37775 280949
 8 84 0 58 1 38 1 17 93469 737636
 87 2511105
 587 233 220 16773069 146320419
 8
 1 119 0 34 1 28 1 15 60715 602232
 2 84 1 69 1 48 1 19 112920 760011
 3 97 1 82 1 78 1 20 362391 2399384
 4 109 0 43 1 33 1 13 78619 642528
 5 80 1 75 1 47 1 19 135915 969573
 6 74 0 62 0 30 1 11 72974 640434
 7 40 1 35 1 31 1 12 17690 158162
 8 58 0 43 1 26 1 17 32105 270039
 88 2511205
 587 233 220 12886629 88349785
 8
 1 100 0 60 1 40 1 14 141202 1000249
 2 89 0 67 1 34 1 26 120052 980800
 3 92 0 80 0 38 1 16 130340 1108399
 4 90 0 81 0 24 1 29 88494 747533
 5 84 0 52 1 38 1 18 98374 664490
 6 77 1 54 1 46 1 20 111226 977526
 7 90 0 49 1 33 1 16 83316 689263
 8 78 0 45 1 27 1 28 40437 292186
 89 2511305
 587 233 220 14913823 140476810
 8
 1 95 0 92 0 46 1 11 182165 1315588
 2 65 1 60 1 40 1 12 80511 495466
 3 103 1 62 1 59 1 13 189559 1162887
 4 71 1 65 1 52 1 13 132331 1184014
 5 119 0 87 0 28 1 13 123919 799908
 6 109 1 92 1 78 1 9 353468 2928838
 7 58 1 54 1 35 1 11 57019 424840
 8 98 1 73 1 64 1 8 236185 1451249
 90 2511405
 587 233 220 14558375 122862666
 8
 1 91 0 52 1 33 1 13 69770 691335
 2 87 1 81 1 63 1 11 237108 1613873
 3 113 0 79 1 45 1 9 175496 1267894
 4 114 0 52 1 45 1 6 109793 985865
 5 110 1 90 1 66 1 13 303193 2461057
 6 81 0 41 1 31 1 12 43671 374131
 7 108 0 67 1 37 1 10 152746 1480040
 8 118 0 82 1 57 1 10 323949 2637207
 91 2511505
 587 233 220 15769421 109517892
 8
 1 86 1 65 1 57 1 18 174928 1085240
 2 61 1 37 1 32 1 17 31723 246772
 3 39 1 33 1 27 1 16 17977 123316
 4 85 0 33 1 26 1 26 34214 298383
 5 101 0 94 0 42 1 20 176973 1622854
 6 65 1 53 1 46 1 29 73367 583459
 7 76 1 72 1 39 1 31 121550 1136511
 8 47 1 42 1 25 1 26 28013 187474
 92 2511605
 587 233 220 13422698 108723903
 8
 1 96 1 82 1 63 1 11 223320 2124702
 2 74 1 63 1 59 1 14 129512 1104516
 3 86 0 60 1 43 1 11 131173 1194413
 4 90 1 67 1 57 1 20 169001 1377062
 5 97 1 91 1 80 1 10 348005 3148455
 6 116 0 61 0 28 1 8 101776 941952
 7 86 0 41 1 35 1 13 50229 422184
 8 67 0 44 1 26 1 10 39611 245129
 93 2511705
 587 233 220 14656537 141859518
 8
 1 78 0 69 1 37 1 9 97906 663745
 2 115 1 90 1 58 1 9 354612 3344285
 3 68 0 53 0 20 1 10 39843 296066
 4 119 0 71 1 47 1 9 197225 1732480
 5 100 1 82 1 57 1 11 210216 1926684
 6 88 1 76 1 52 1 14 167936 1461110
 7 95 0 90 0 43 1 10 201652 1560990
 8 87 1 72 1 62 1 12 189061 1671679
 94 2511805
 587 233 220 17692638 134014436
 8
 1 75 1 73 1 69 1 17 187184 1373095
 2 66 1 56 1 40 1 27 66567 614860
 3 64 1 51 1 41 1 23 65076 578049
 4 90 0 52 1 28 1 26 54028 412005
 5 73 0 33 1 28 1 17 29558 269679
 6 91 1 76 1 60 1 15 233709 2024008
 7 54 1 45 1 28 1 20 28572 178115
 8 107 1 81 1 56 1 9 227520 1785251
 95 2511905
 587 233 220 14339488 88058766
 8
 1 101 0 69 0 20 1 18 75165 734613
 2 108 0 66 1 54 1 22 164448 1531817
 3 74 0 62 1 33 1 26 86605 566756
 4 69 0 61 1 33 1 25 82879 714827
 5 71 0 64 0 31 1 21 67254 432051
 6 38 1 32 1 30 1 17 18441 170909
 7 108 0 47 1 37 1 21 111350 965174
 8 100 0 41 1 36 1 28 71980 486060
 96 2512005
 587 233 220 13167866 112532225
 8
 1 64 0 42 1 26 1 28 34857 219079
 2 92 1 58 1 52 1 22 127840 942523
 3 92 0 85 0 21 1 24 95041 937075
 4 90 0 49 1 33 1 21 62491 575309
 5 54 1 48 1 34 1 22 46105 395458
 6 95 0 62 1 45 1 30 144462 1342547
 7 72 1 49 1 46 1 21 81795 663813
 8 56 0 42 1 25 1 29 29535 221430
 97 2512105
 587 233 220 13906433 111179900
 8
 1 74 0 60 1 32 1 19 61886 415748
 2 100 0 50 1 43 1 19 105065 713476
 3 95 0 74 1 42 1 25 164416 1577617
 4 95 0 70 0 30 1 21 95214 733682
 5 45 1 37 1 24 1 22 23585 218934
 6 67 0 60 0 25 1 19 44164 274967
 7 55 1 51 1 35 1 20 44197 307576
 8 76 1 71 1 61 1 21 177913 1234898
 98 2512205
 587 233 220 14075350 119876464
 8
 1 106 0 55 1 38 1 22 119577 1182985
 2 69 1 50 1 48 1 17 67964 666355
 3 106 1 63 1 57 1 19 206962 1496210
 4 71 1 66 1 51 1 10 113417 826578
 5 62 1 41 1 36 1 14 39921 255822
 6 75 1 49 1 39 1 17 60429 404437
 7 90 1 64 1 53 1 16 155550 1480923
 8 96 1 79 1 55 1 10 190880 1570753
 99 2512305
 587 233 220 16613469 101390092
 8
 1 51 1 46 1 44 1 25 61783 433139
 2 95 0 92 1 47 1 19 244649 1626253
 3 116 0 39 1 23 1 9 48821 441256
 4 51 1 37 1 32 1 13 34448 224042
 5 117 0 44 1 38 1 13 92321 892516
 6 103 1 89 1 73 1 12 364501 2775611
 7 73 1 55 1 54 1 7 92534 722005
 8 116 0 98 0 40 1 12 201695 1405486
 100 2512405
 587 233 220 13550800 119182255
 8
 1 78 1 49 1 47 1 11 86303 653521
 2 46 1 45 1 43 1 16 35968 222156
 3 98 0 44 1 36 1 16 87947 745654
 4 100 0 89 0 31 1 18 154865 1019276
 5 108 0 76 1 47 1 22 154322 1222929
 6 75 0 36 1 28 1 21 35594 231684
 7 108 1 82 1 56 1 17 288906 2323260
 8 45 1 41 1 24 1 16 18043 170020
