100
 1 2502505
 587 233 220 16773861 137347962
 10
 1 108 0 76 0 30 1 20 99415 826085
 2 110 0 43 1 25 1 11 69484 670321
 3 92 1 81 1 55 1 9 208358 1556700
 4 81 0 33 1 28 1 9 32682 315442
 5 120 1 99 1 73 1 9 440991 3936064
 6 111 0 70 1 48 1 13 174348 1715862
 7 98 0 72 1 46 1 4 167252 1324190
 8 95 0 66 0 31 1 12 84880 815102
 9 85 0 84 0 30 1 9 104371 834992
 10 71 0 32 1 25 1 10 25907 168849
 2 2502605
 587 233 220 13085169 108873124
 10
 1 49 0 25 1 21 1 13 13987 93373
 2 60 1 51 1 41 1 9 51001 469556
 3 103 1 76 1 64 1 11 211036 1892348
 4 95 1 70 1 62 1 14 216805 1691990
 5 111 0 49 1 26 1 13 61327 495068
 6 85 1 84 1 72 1 16 258431 2014748
 7 48 1 36 1 31 1 12 31436 283205
 8 86 0 76 0 38 1 11 105405 1014347
 9 71 1 48 1 47 1 16 78532 473859
 10 90 0 43 1 33 1 8 62291 414990
 3 2502705
 587 233 220 13041207 115107629
 10
 1 97 0 81 0 27 1 8 102840 959278
 2 102 0 78 0 39 1 16 174299 1173120
 3 113 0 46 1 36 1 12 110531 836133
 4 66 1 50 1 42 1 12 82503 819612
 5 101 0 30 1 26 1 18 32621 227268
 6 100 0 56 1 35 1 13 105382 689750
 7 91 0 50 1 40 1 14 95651 952385
 8 106 1 61 1 56 1 17 151223 1460942
 9 103 1 63 1 58 1 12 156640 1253715
 10 75 1 57 1 41 1 13 95765 684255
 4 2502805
 587 233 220 14839049 137122684
 10
 1 113 0 92 0 33 1 15 199783 1839661
 2 52 1 37 1 28 1 17 29879 293837
 3 57 1 33 1 29 1 17 26751 234918
 4 99 0 37 1 30 1 19 62802 500969
 5 92 0 64 1 33 1 13 98704 982667
 6 119 0 59 1 39 1 19 133505 1197303
 7 54 1 52 1 49 1 13 64256 401764
 8 75 0 45 1 35 1 21 58407 490433
 9 79 1 68 1 44 1 13 108669 661693
 10 116 0 49 1 47 1 22 152101 1195362
 5 2502905
 587 233 220 15144313 96804094
 10
 1 88 0 54 1 39 1 12 90351 698380
 2 94 0 54 1 36 1 12 106727 863491
 3 87 0 77 1 43 1 17 160043 1387506
 4 100 1 80 1 72 1 15 313876 2004515
 5 83 0 40 1 36 1 18 64646 464602
 6 91 0 54 0 22 1 7 48917 370866
 7 109 0 58 1 54 1 10 164413 1471912
 8 94 0 55 1 30 1 13 91230 599851
 9 34 1 32 1 31 1 18 15884 98453
 10 83 1 80 1 57 1 8 154312 1047221
 6 2503005
 587 233 220 16871775 101255408
 10
 1 86 1 84 1 45 1 18 148601 993525
 2 81 0 45 1 34 1 19 54061 478951
 3 70 1 54 1 37 1 13 69523 582471
 4 71 1 61 1 52 1 16 115977 826984
 5 78 1 73 1 40 1 10 113319 720164
 6 69 1 63 1 46 1 13 114846 714830
 7 72 1 67 1 56 1 10 110287 1069364
 8 75 0 75 0 36 1 8 117149 887644
 9 94 1 88 1 50 1 12 223343 2155270
 10 65 1 51 1 50 1 13 93640 666935
 7 2503105
 587 233 220 14607731 143266385
 10
 1 118 0 79 1 51 1 16 234094 2265526
 2 86 0 32 1 31 1 8 50726 450347
 3 64 1 58 1 52 1 14 113151 1032293
 4 42 1 42 1 32 1 14 24728 202584
 5 64 1 55 1 43 1 16 66531 635463
 6 84 0 70 0 35 1 10 87678 870401
 7 76 0 57 1 36 1 14 87384 864214
 8 95 1 60 1 55 1 14 153991 1309503
 9 80 1 66 1 52 1 14 112451 965335
 10 109 0 73 0 23 1 18 79098 494973
 8 2503205
 587 233 220 14655707 129078448
 10
 1 75 1 58 1 57 1 8 140408 927480
 2 57 1 37 1 30 1 11 37132 276723
 3 79 0 74 0 35 1 14 112905 1088459
 4 104 1 99 1 74 1 8 412720 3868687
 5 55 1 46 1 31 1 11 44021 313753
 6 99 0 98 0 33 1 15 178933 1149955
 7 90 1 85 1 59 1 9 213457 1714985
 8 115 0 74 1 44 1 7 178878 1165961
 9 107 0 67 0 21 1 11 82861 561771
 10 81 1 76 1 55 1 13 151185 1038788
 9 2503305
 587 233 220 12063217 104856243
 10
 1 90 1 70 1 63 1 4 212510 1904533
 2 84 0 78 0 28 1 15 104223 797781
 3 94 0 85 0 39 1 16 173276 1278394
 4 80 1 76 1 54 1 16 134926 814725
 5 69 1 50 1 45 1 10 65546 489405
 6 70 1 57 1 37 1 17 63147 496536
 7 94 1 61 1 54 1 15 141843 905577
 8 92 0 44 1 29 1 20 59313 457339
 9 72 1 53 1 37 1 13 65897 584009
 10 89 0 43 1 27 1 23 45118 392866
 10 2503405
 587 233 220 15175026 98178900
 10
 1 68 0 66 0 31 1 11 69330 679264
 2 120 0 34 1 26 1 14 56922 553091
 3 95 1 76 1 60 1 17 239666 2046602
 4 61 1 47 1 34 1 12 39341 332027
 5 53 1 45 1 36 1 11 45064 322610
 6 80 1 52 1 42 1 12 74054 698308
 7 109 0 63 0 28 1 11 105265 1003111
 8 74 0 64 1 35 1 12 80586 579594
 9 53 1 40 1 36 1 16 32240 259770
 10 102 1 96 1 59 1 17 231698 1797846
 11 2503505
 587 233 220 16880778 157166542
 10
 1 74 1 63 1 61 1 13 122656 1222155
 2 71 0 60 0 25 1 12 45506 360101
 3 106 1 80 1 59 1 11 271391 2501179
 4 109 0 76 1 42 1 6 162090 1096082
 5 118 0 56 0 22 1 15 79826 567095
 6 105 0 67 1 43 1 17 176726 1757460
 7 72 1 65 1 37 1 14 92585 862167
 8 84 1 59 1 54 1 19 121933 758763
 9 91 0 69 0 26 1 13 65904 406522
 10 69 0 31 1 28 1 6 27060 269443
 12 2503605
 587 233 220 18009188 177639473
 10
 1 95 1 80 1 57 1 8 254910 1633516
 2 112 0 87 0 23 1 15 129242 969306
 3 116 0 41 1 40 1 12 113260 713260
 4 98 1 80 1 56 1 15 223014 1931614
 5 108 1 60 1 59 1 8 178397 1317793
 6 82 1 77 1 67 1 9 251117 2435784
 7 67 1 46 1 36 1 8 56204 549183
 8 104 0 72 1 44 1 11 177781 1219683
 9 89 0 56 0 24 1 17 71010 451698
 10 64 1 36 1 36 1 11 49210 372096
 13 2503705
 587 233 220 16364043 106510309
 10
 1 52 0 36 1 25 1 27 21275 147667
 2 63 0 37 1 21 1 13 22060 147946
 3 100 0 61 1 36 1 16 97363 770979
 4 79 0 52 1 36 1 18 62295 497742
 5 99 0 63 1 36 1 13 124954 762997
 6 97 0 49 1 30 1 12 77084 478598
 7 90 1 69 1 55 1 16 160306 993281
 8 91 0 33 1 28 1 14 40713 399717
 9 111 0 76 1 41 1 24 148389 945361
 10 95 0 44 1 35 1 16 59438 454822
 14 2503805
 587 233 220 15287823 144393534
 10
 1 68 0 48 1 31 1 10 59525 404228
 2 104 1 80 1 63 1 16 228733 1953618
 3 82 0 46 0 21 1 8 37443 270395
 4 114 1 78 1 60 1 7 279758 1989602
 5 90 1 74 1 66 1 11 257660 2419909
 6 112 0 54 1 36 1 9 124705 1219114
 7 71 1 64 1 54 1 8 115337 1096310
 8 74 0 53 1 33 1 12 70999 430927
 9 75 1 62 1 57 1 12 148299 1175376
 10 68 1 62 1 52 1 12 119193 1159828
 15 2503905
 587 233 220 14910695 105139972
 10
 1 100 0 44 1 37 1 6 90189 612876
 2 90 1 78 1 55 1 10 213643 1970093
 3 65 1 57 1 42 1 9 92643 604197
 4 85 0 58 1 41 1 9 89648 597745
 5 81 1 69 1 50 1 10 151066 1256719
 6 84 1 78 1 51 1 12 196794 1797605
 7 109 1 73 1 73 1 16 240125 2081117
 8 73 1 58 1 52 1 9 90886 607619
 9 73 1 49 1 40 1 11 72271 497102
 10 120 0 60 1 39 1 8 122086 1055304
 16 2504005
 587 233 220 14309551 87018752
 10
 1 43 1 40 1 39 1 16 29351 188549
 2 97 0 76 1 40 1 13 171978 1495704
 3 67 1 63 1 47 1 11 96816 916633
 4 98 0 57 1 38 1 14 92938 905692
 5 73 0 71 0 27 1 9 83483 831779
 6 66 1 56 1 41 1 14 66741 537033
 7 82 1 75 1 72 1 13 251747 2074875
 8 93 0 71 1 43 1 19 113987 764506
 9 95 0 35 1 28 1 21 55512 379756
 10 88 1 72 1 68 1 8 254068 2079332
 17 2504105
 587 233 220 13618747 94964072
 10
 1 72 0 49 1 35 1 9 61740 405416
 2 75 1 66 1 47 1 11 133657 1271697
 3 78 0 30 1 22 1 8 24307 151139
 4 119 1 79 1 79 1 9 374495 2706924
 5 76 1 65 1 62 1 11 176888 1548350
 6 119 1 81 1 65 1 14 316285 2962084
 7 91 0 77 0 36 1 11 128285 1042525
 8 113 0 89 0 27 1 4 149539 1189801
 9 98 0 59 1 44 1 5 130898 1250341
 10 76 1 55 1 43 1 9 73285 609001
 18 2504205
 587 233 220 17999273 117168969
 10
 1 104 0 55 1 30 1 9 93637 906369
 2 92 1 89 1 73 1 8 281472 2260041
 3 88 0 88 0 43 1 9 143533 1136065
 4 90 1 60 1 60 1 7 133717 1298688
 5 79 1 53 1 41 1 6 102634 699815
 6 96 0 91 0 28 1 5 109771 833219
 7 100 1 90 1 79 1 9 295053 2336680
 8 73 0 42 1 32 1 9 56805 385959
 9 115 1 85 1 60 1 7 279502 2461208
 10 113 1 83 1 76 1 6 422029 3067182
 19 2504305
 587 233 220 14238446 86651642
 10
 1 60 0 45 1 26 1 15 34056 248956
 2 71 1 43 1 39 1 11 65361 631355
 3 99 1 71 1 64 1 11 256761 1849977
 4 61 1 41 1 40 1 11 55275 427863
 5 83 1 79 1 43 1 10 125545 1167638
 6 63 1 52 1 35 1 17 47919 455738
 7 54 0 33 1 20 1 13 15306 142506
 8 62 1 57 1 51 1 17 88567 694498
 9 79 1 76 1 71 1 19 255638 1972075
 10 91 1 81 1 48 1 14 148900 1389491
 20 2504405
 587 233 220 15661291 141798118
 10
 1 97 1 77 1 66 1 10 231641 1727610
 2 81 1 69 1 69 1 21 173563 1652878
 3 109 0 53 0 24 1 12 73832 536075
 4 98 0 33 1 20 1 15 34757 337620
 5 86 0 56 1 34 1 14 71888 449398
 6 76 0 50 1 35 1 12 68897 492797
 7 109 0 42 1 22 1 19 52230 400850
 8 82 1 69 1 42 1 6 99761 949966
 9 58 1 43 1 31 1 14 38082 304008
 10 99 0 80 1 48 1 16 152363 1226300
 21 2504505
 587 233 220 14805428 99725396
 10
 1 109 1 93 1 72 1 6 396048 3287830
 2 95 0 67 0 32 1 13 106463 1028223
 3 119 0 45 1 36 1 13 110043 1083646
 4 95 1 78 1 62 1 10 265433 2548579
 5 116 0 89 0 32 1 13 156875 1355447
 6 98 0 65 1 38 1 16 139043 1081210
 7 72 0 51 0 24 1 8 52146 470008
 8 102 0 88 0 26 1 10 101541 954887
 9 99 0 47 1 44 1 10 113791 1044633
 10 106 0 52 1 31 1 15 89130 861152
 22 2504605
 587 233 220 16572258 146230987
 10
 1 89 1 78 1 50 1 9 150459 1482742
 2 73 1 65 1 46 1 10 122492 1056713
 3 94 0 66 1 39 1 5 135635 861653
 4 66 1 59 1 42 1 11 93317 871823
 5 106 1 93 1 70 1 18 282916 2540044
 6 80 1 71 1 62 1 16 177290 1459248
 7 60 0 36 1 26 1 7 27384 168518
 8 72 0 31 1 31 1 14 38674 243799
 9 63 0 63 0 31 1 16 58226 477942
 10 74 0 39 1 23 1 5 35520 247367
 23 2504705
 587 233 220 13137960 104383604
 10
 1 84 0 81 0 23 1 7 81981 721626
 2 115 1 72 1 64 1 19 261443 2110303
 3 77 0 49 1 25 1 8 40002 279583
 4 40 1 37 1 22 1 7 17458 152496
 5 97 0 96 0 46 1 7 223142 2052228
 6 95 0 43 1 25 1 8 57770 551956
 7 90 0 69 0 28 1 13 100085 656237
 8 56 1 51 1 49 1 8 56092 351176
 9 118 1 93 1 80 1 10 411048 4046458
 10 56 1 47 1 41 1 11 61713 484029
 24 2504805
 587 233 220 17550276 132898048
 10
 1 113 0 80 0 29 1 15 133107 946419
 2 98 1 65 1 62 1 10 208785 1877930
 3 60 1 59 1 46 1 16 74706 608691
 4 100 1 97 1 64 1 5 338192 3246397
 5 99 0 88 0 23 1 15 118630 1008763
 6 106 0 49 1 33 1 11 76077 650927
 7 78 0 54 1 30 1 17 50923 413037
 8 71 1 68 1 41 1 10 106914 757667
 9 83 0 80 0 35 1 22 112481 854246
 10 99 0 55 0 27 1 16 73478 634635
 25 2504905
 587 233 220 14534768 101839911
 10
 1 75 0 54 1 35 1 17 68889 615634
 2 107 0 60 1 49 1 17 147499 1106786
 3 70 1 67 1 42 1 10 101746 706608
 4 78 1 71 1 44 1 13 113104 821485
 5 78 0 61 0 27 1 10 75258 526084
 6 78 1 73 1 48 1 15 112833 883160
 7 109 0 87 0 32 1 13 125575 1147643
 8 91 0 87 0 25 1 14 84844 683290
 9 67 1 51 1 47 1 12 90369 624371
 10 67 1 63 1 60 1 12 131795 988566
 26 2505005
 587 233 220 13905727 100456664
 10
 1 86 0 71 1 41 1 18 140019 1267531
 2 75 1 58 1 58 1 21 149425 1067134
 3 100 0 81 0 27 1 15 114981 691351
 4 59 0 42 1 24 1 17 24332 200624
 5 69 0 37 1 30 1 18 32101 238558
 6 63 1 50 1 36 1 10 48785 366819
 7 96 0 72 0 34 1 15 104177 683684
 8 111 0 71 0 29 1 13 98509 684760
 9 102 1 67 1 53 1 16 195795 1820357
 10 71 0 34 1 32 1 15 38812 304690
 27 2505105
 587 233 220 16951811 112973233
 10
 1 118 0 66 1 47 1 11 173809 1054271
 2 99 0 56 0 25 1 15 75104 571831
 3 91 1 83 1 48 1 13 205873 1821123
 4 104 0 66 1 40 1 9 127081 1048964
 5 75 0 60 1 33 1 14 60824 553750
 6 113 1 78 1 60 1 13 250139 1758649
 7 36 1 36 1 29 1 14 18968 141978
 8 56 1 48 1 40 1 8 43086 424310
 9 67 0 40 1 22 1 10 25606 185361
 10 92 1 78 1 64 1 12 273012 2321803
 28 2505205
 587 233 220 16483924 114953121
 10
 1 62 1 59 1 52 1 23 90866 694174
 2 54 1 52 1 50 1 11 61549 410509
 3 102 1 69 1 65 1 9 259700 1785769
 4 97 0 76 1 46 1 16 155040 1316980
 5 52 1 50 1 37 1 20 45545 327443
 6 93 0 85 0 23 1 13 90198 736154
 7 90 0 38 1 38 1 25 71232 567177
 8 66 1 60 1 40 1 17 78596 529044
 9 38 1 31 1 26 1 21 15585 97051
 10 86 0 60 1 36 1 20 103571 816148
 29 2505305
 587 233 220 16222141 126478062
 10
 1 91 1 58 1 57 1 12 134376 1310708
 2 92 1 78 1 53 1 13 217873 2109006
 3 112 0 48 1 28 1 10 70688 594458
 4 78 0 47 1 26 1 11 39364 383016
 5 41 1 40 1 28 1 17 22447 221184
 6 57 1 47 1 32 1 12 42487 418745
 7 54 1 47 1 40 1 11 58261 471912
 8 85 0 80 0 25 1 18 101349 873589
 9 89 1 86 1 54 1 13 231746 2226767
 10 118 1 94 1 68 1 10 371810 3566287
 30 2505405
 587 233 220 14369622 95244675
 10
 1 64 0 53 1 32 1 16 54583 367586
 2 51 1 42 1 28 1 14 27591 264869
 3 49 1 32 1 30 1 18 20386 182452
 4 109 1 68 1 59 1 17 216062 1502746
 5 66 0 43 1 32 1 11 48935 338447
 6 120 0 71 1 47 1 16 236227 1831074
 7 109 0 57 1 41 1 17 141916 1249234
 8 100 0 70 0 28 1 16 108820 1024572
 9 76 1 70 1 51 1 11 145651 881498
 10 85 0 40 1 26 1 15 49069 462819
 31 2505505
 587 233 220 14946260 116038990
 10
 1 70 1 63 1 49 1 15 126578 943085
 2 84 1 54 1 49 1 17 98761 920596
 3 89 0 70 1 42 1 11 110458 665132
 4 80 0 48 1 39 1 15 77505 652259
 5 114 0 47 1 42 1 16 127448 1025292
 6 92 0 62 1 34 1 11 115838 841412
 7 72 1 66 1 43 1 18 103662 843361
 8 120 0 55 1 46 1 15 134149 1238803
 9 106 0 62 0 25 1 13 67457 527556
 10 72 0 53 1 34 1 14 53823 534133
 32 2505605
 587 233 220 15679373 117890663
 10
 1 95 0 76 1 44 1 14 161274 1078708
 2 81 0 47 1 34 1 20 53372 359074
 3 71 0 52 1 30 1 18 55022 536020
 4 96 0 52 1 28 1 11 80707 794261
 5 104 0 80 1 50 1 13 245198 1786436
 6 77 1 64 1 57 1 19 155560 1218738
 7 75 0 45 1 36 1 23 68479 553330
 8 65 1 49 1 39 1 15 73874 599623
 9 70 1 49 1 41 1 12 78368 698916
 10 111 0 44 1 42 1 11 110053 778389
 33 2505705
 587 233 220 15948122 125788802
 10
 1 40 1 36 1 21 1 12 17839 134736
 2 76 0 45 1 31 1 11 46287 301888
 3 63 1 54 1 51 1 14 92231 877060
 4 114 1 77 1 69 1 15 268617 1716063
 5 95 1 57 1 53 1 15 143267 1266158
 6 92 0 36 1 20 1 11 37216 352281
 7 90 1 84 1 47 1 17 209142 1277535
 8 84 0 69 0 24 1 12 69727 567590
 9 57 1 35 1 35 1 14 36746 312604
 10 78 1 76 1 50 1 11 156828 1508164
 34 2505805
 587 233 220 15394885 135113764
 10
 1 68 0 35 1 27 1 13 32614 289077
 2 118 0 57 1 43 1 9 128175 1066847
 3 73 0 72 0 36 1 15 109599 935312
 4 85 1 58 1 50 1 14 143755 995673
 5 86 0 56 1 33 1 14 80899 724345
 6 99 0 44 1 31 1 9 75613 453920
 7 93 1 54 1 49 1 18 119096 766452
 8 89 0 69 0 26 1 14 86051 726712
 9 98 1 90 1 74 1 12 388932 2489669
 10 58 1 48 1 46 1 18 73375 624361
 35 2505905
 587 233 220 14286604 87226767
 10
 1 100 0 33 1 31 1 8 41700 389256
 2 84 0 68 1 42 1 15 100905 663248
 3 95 0 84 0 31 1 15 145056 1341176
 4 57 1 39 1 30 1 15 27044 172124
 5 76 1 71 1 60 1 22 143095 1373724
 6 71 1 68 1 46 1 18 112349 958837
 7 109 0 51 1 26 1 16 66601 505845
 8 109 0 54 1 45 1 13 153851 1445199
 9 84 0 55 1 29 1 15 76733 690195
 10 104 0 66 0 20 1 14 79983 583506
 36 2506005
 587 233 220 12891492 80756975
 10
 1 41 1 39 1 26 1 17 18543 156814
 2 110 0 40 1 34 1 13 68775 502058
 3 94 1 77 1 52 1 11 170376 1098421
 4 119 1 96 1 71 1 9 405115 3727055
 5 67 1 63 1 47 1 20 116272 943393
 6 61 1 43 1 31 1 15 37799 227216
 7 72 0 53 1 35 1 12 68432 418474
 8 64 1 38 1 38 1 6 37795 341368
 9 110 0 71 1 45 1 13 140821 1373675
 10 73 1 71 1 52 1 15 123019 1108874
 37 2506105
 587 233 220 14215842 87842441
 10
 1 98 0 73 1 44 1 10 147042 1192755
 2 60 1 60 1 38 1 17 63840 458625
 3 105 1 73 1 60 1 11 236355 2243629
 4 90 1 77 1 52 1 15 166586 1262225
 5 66 0 58 0 24 1 19 53368 402014
 6 106 1 76 1 55 1 13 199904 1266069
 7 55 1 44 1 36 1 14 48284 462844
 8 82 0 58 0 23 1 12 51516 513497
 9 74 1 61 1 58 1 10 134126 1227277
 10 81 0 39 1 24 1 15 41497 412345
 38 2506205
 587 233 220 15336068 117257340
 10
 1 104 0 94 1 50 1 8 274863 2654942
 2 102 0 87 0 36 1 21 140671 1249248
 3 115 0 42 1 33 1 9 70619 608047
 4 61 1 58 1 32 1 9 56987 356626
 5 70 1 62 1 48 1 16 117633 752499
 6 91 1 79 1 78 1 5 311513 2931814
 7 90 1 57 1 53 1 10 134410 915198
 8 78 0 68 0 25 1 12 53192 336157
 9 77 1 44 1 39 1 16 71955 658425
 10 97 1 89 1 56 1 9 269416 2384120
 39 2506305
 587 233 220 14470636 140730682
 10
 1 89 1 56 1 45 1 29 98515 748727
 2 53 1 37 1 34 1 23 32534 260163
 3 54 0 35 1 25 1 23 25059 163891
 4 73 0 39 1 33 1 27 47085 399240
 5 73 1 39 1 38 1 22 47859 417064
 6 50 1 42 1 29 1 14 25925 161593
 7 62 1 59 1 54 1 24 111307 948215
 8 98 0 53 1 44 1 20 114414 1028986
 9 94 0 32 1 31 1 20 43745 264389
 10 97 0 64 0 28 1 23 87989 625633
 40 2506405
 587 233 220 13205731 114280509
 10
 1 85 1 77 1 62 1 8 227689 2143311
 2 94 0 63 1 32 1 7 93742 646017
 3 83 1 75 1 45 1 9 137747 1014406
 4 95 1 95 1 54 1 10 241492 1660410
 5 76 0 76 0 30 1 16 86580 839288
 6 113 0 66 1 44 1 8 152009 1231980
 7 108 1 71 1 61 1 10 253817 1693575
 8 118 0 62 1 37 1 16 158573 1404838
 9 93 1 58 1 48 1 13 129001 848085
 10 60 0 32 1 29 1 5 27723 232861
 41 2506505
 587 233 220 12545320 99242086
 10
 1 109 1 80 1 68 1 8 341799 2340784
 2 90 0 45 1 31 1 14 72896 563267
 3 66 1 56 1 34 1 14 61977 605896
 4 76 0 66 1 34 1 9 81507 620617
 5 111 0 80 1 53 1 15 205650 1995641
 6 86 0 59 0 29 1 14 72919 489230
 7 80 1 72 1 63 1 11 182075 1652094
 8 81 0 47 0 22 1 8 35329 344469
 9 114 1 80 1 64 1 9 335174 2346077
 10 90 0 37 1 32 1 11 58633 378218
 42 2506605
 587 233 220 16932864 123998226
 10
 1 76 1 74 1 50 1 17 130693 939018
 2 86 0 40 1 29 1 11 59744 388875
 3 66 1 55 1 48 1 10 86367 717654
 4 75 0 57 1 37 1 9 82307 697118
 5 102 0 83 0 29 1 10 126008 1166611
 6 74 1 58 1 52 1 15 117004 780987
 7 89 0 65 1 36 1 16 121066 1054912
 8 99 1 68 1 67 1 12 217686 1540388
 9 80 1 78 1 66 1 12 220222 1855604
 10 65 1 57 1 45 1 9 91636 828004
 43 2506705
 587 233 220 17483168 138655292
 10
 1 82 1 80 1 71 1 11 192348 1183118
 2 66 0 37 1 27 1 4 31271 224343
 3 77 0 76 0 31 1 4 108657 896758
 4 100 0 56 1 38 1 8 120897 1113218
 5 93 1 86 1 67 1 12 250326 1905967
 6 89 0 76 0 30 1 6 93912 834700
 7 98 1 90 1 67 1 16 258605 2391171
 8 87 0 52 1 42 1 11 78779 711884
 9 53 1 42 1 35 1 7 43675 299861
 10 116 0 53 1 36 1 11 95319 719961
 44 2506805
 587 233 220 12978260 88160741
 10
 1 114 0 67 0 25 1 20 98829 637535
 2 92 0 79 0 25 1 15 106051 680312
 3 89 0 87 0 36 1 19 123570 783217
 4 95 0 71 1 36 1 14 106894 788875
 5 90 0 83 1 43 1 12 168433 1349947
 6 93 0 39 1 28 1 12 54993 520614
 7 69 0 54 1 31 1 16 47059 284457
 8 107 0 61 1 37 1 13 109241 964478
 9 98 0 52 1 40 1 8 100097 650073
 10 83 1 69 1 60 1 9 175381 1243110
 45 2506905
 587 233 220 12988093 100206213
 10
 1 63 0 55 1 31 1 12 58827 538515
 2 120 0 43 1 23 1 12 50833 306309
 3 97 1 72 1 57 1 22 190879 1624458
 4 77 1 76 1 42 1 22 100844 614815
 5 93 0 74 0 20 1 11 64750 646159
 6 65 1 63 1 43 1 16 92649 687709
 7 108 0 71 1 40 1 11 138145 836636
 8 79 0 36 1 21 1 14 35788 304434
 9 68 0 62 0 26 1 19 52546 374771
 10 68 1 50 1 40 1 19 67726 571925
 46 2507005
 587 233 220 17842169 169410897
 10
 1 86 0 58 1 36 1 8 83105 730266
 2 71 0 69 0 22 1 9 49811 492596
 3 108 0 78 1 54 1 12 227937 1918792
 4 104 1 58 1 57 1 10 173180 1365795
 5 96 1 65 1 58 1 13 197127 1375267
 6 58 0 37 1 26 1 9 27163 193306
 7 73 1 72 1 49 1 5 118292 849130
 8 98 1 67 1 56 1 13 159880 1587353
 9 117 0 89 0 23 1 11 135249 1018048
 10 109 1 76 1 73 1 8 320455 2316128
 47 2507105
 587 233 220 12212508 119303389
 10
 1 118 0 54 1 42 1 12 159557 1270329
 2 112 0 95 0 20 1 14 105004 944951
 3 118 0 38 1 37 1 17 92950 577268
 4 76 0 38 1 38 1 13 44915 298906
 5 100 0 56 1 34 1 14 100061 695093
 6 100 0 73 1 50 1 17 174029 1647991
 7 75 0 58 1 36 1 10 78261 758855
 8 76 1 51 1 41 1 16 64638 539405
 9 82 0 75 1 39 1 12 122785 934741
 10 84 1 76 1 44 1 13 149440 1017152
 48 2507205
 587 233 220 17321448 132152270
 10
 1 59 1 49 1 48 1 5 74054 470580
 2 79 1 63 1 46 1 10 104198 965305
 3 95 0 58 1 38 1 10 116388 1008691
 4 95 0 79 1 47 1 11 205539 1498913
 5 72 0 46 1 27 1 11 44867 293073
 6 88 1 74 1 72 1 10 214744 1796884
 7 90 1 77 1 67 1 16 194821 1712244
 8 96 0 59 1 36 1 13 121495 876683
 9 62 1 55 1 46 1 13 74843 522184
 10 92 0 77 1 43 1 10 142107 983984
 49 2507305
 587 233 220 12313306 106812055
 10
 1 91 0 54 1 45 1 13 92762 768007
 2 105 1 77 1 72 1 8 269240 2320199
 3 79 1 78 1 48 1 14 139117 1047516
 4 109 1 76 1 59 1 5 242991 1634826
 5 48 1 37 1 30 1 11 30534 222497
 6 44 1 37 1 27 1 12 21656 203508
 7 79 1 76 1 54 1 6 151039 1037931
 8 116 0 78 0 20 1 12 86936 553989
 9 101 0 71 1 49 1 15 204343 1361318
 10 102 0 100 0 49 1 10 235303 2213781
 50 2507405
 587 233 220 16339386 155931507
 10
 1 60 1 40 1 32 1 13 39594 270519
 2 98 1 75 1 55 1 17 233087 2207986
 3 60 1 59 1 39 1 27 64740 499408
 4 81 0 56 1 40 1 17 103102 1018997
 5 119 0 34 1 25 1 9 49612 341590
 6 107 0 61 1 42 1 10 139949 1323753
 7 108 0 85 0 20 1 19 78420 721735
 8 97 0 66 1 45 1 22 156191 1390553
 9 66 0 35 1 26 1 17 32599 307177
 10 69 0 32 1 20 1 16 19542 193074
 51 2507505
 587 233 220 14143206 102510537
 10
 1 66 1 64 1 36 1 12 63404 516647
 2 97 1 73 1 49 1 19 193566 1591774
 3 69 1 60 1 43 1 25 82095 658350
 4 52 0 37 1 20 1 16 21487 167988
 5 109 0 63 1 37 1 23 138655 1074021
 6 79 0 57 0 24 1 21 56077 458898
 7 95 0 72 0 22 1 20 79465 744571
 8 65 1 50 1 39 1 16 69776 625167
 9 98 0 42 1 30 1 19 58865 356756
 10 53 1 40 1 36 1 13 44374 293546
 52 2507605
 587 233 220 12583615 113759489
 10
 1 96 0 72 0 31 1 12 122108 746209
 2 75 1 72 1 47 1 16 146451 977876
 3 80 0 25 1 20 1 17 19060 145664
 4 114 1 94 1 61 1 10 268832 1779986
 5 100 0 40 1 39 1 15 77139 661846
 6 72 1 51 1 48 1 13 80352 569417
 7 36 1 28 1 24 1 12 14063 140427
 8 85 0 58 1 35 1 18 84365 698683
 9 85 1 84 1 58 1 16 244346 1691796
 10 95 0 48 0 24 1 14 59896 502624
 53 2507705
 587 233 220 13689069 103161504
 10
 1 78 0 37 1 27 1 11 36547 323063
 2 89 0 70 0 25 1 17 69857 483211
 3 90 0 84 0 41 1 8 148614 1322642
 4 85 0 75 1 42 1 7 132427 1290363
 5 91 0 77 1 44 1 7 137650 1183767
 6 114 1 87 1 71 1 12 322578 2631147
 7 90 0 37 1 25 1 8 43412 399967
 8 105 1 80 1 77 1 9 346848 2918789
 9 74 1 71 1 50 1 10 106694 1061224
 10 62 1 57 1 55 1 12 96634 718286
 54 2507805
 587 233 220 14992661 145559448
 10
 1 99 0 68 0 23 1 23 83491 556624
 2 68 1 52 1 40 1 17 77737 637180
 3 101 1 66 1 61 1 20 219667 1491485
 4 57 0 56 0 22 1 17 28335 238707
 5 81 1 54 1 47 1 19 94950 667757
 6 86 0 34 1 25 1 24 39562 362655
 7 54 0 46 1 27 1 11 26946 206470
 8 95 0 65 1 34 1 17 112699 1000582
 9 105 0 57 1 29 1 10 75850 475048
 10 120 0 63 0 28 1 14 94983 679042
 55 2507905
 587 233 220 13506611 119336701
 10
 1 100 0 94 0 28 1 19 121434 1075747
 2 81 1 78 1 66 1 13 248498 1937506
 3 111 0 49 0 21 1 12 53678 389432
 4 119 0 63 1 37 1 20 129844 921014
 5 72 0 50 1 30 1 14 43643 413959
 6 58 1 58 1 40 1 12 61858 471491
 7 108 0 55 1 29 1 17 98501 630537
 8 54 1 49 1 38 1 15 59481 546029
 9 69 1 46 1 44 1 12 65132 503921
 10 88 1 71 1 61 1 9 192308 1332624
 56 2508005
 587 233 220 13322193 106645638
 10
 1 90 0 41 1 34 1 34 61320 428605
 2 64 0 32 1 28 1 17 27225 271805
 3 42 1 31 1 31 1 19 23056 169429
 4 94 0 90 0 44 1 15 197845 1386401
 5 68 1 63 1 53 1 24 95746 943990
 6 55 0 30 1 21 1 23 14661 100023
 7 72 0 64 0 31 1 16 74724 577831
 8 75 0 56 1 34 1 30 81352 729352
 9 62 0 34 1 31 1 31 28212 182084
 10 79 0 55 1 32 1 24 67859 513073
 57 2508105
 587 233 220 12660419 89162979
 10
 1 85 0 73 1 40 1 9 128302 858330
 2 73 1 62 1 54 1 7 122960 1152626
 3 90 0 63 1 41 1 13 93346 780658
 4 75 0 61 0 24 1 15 58095 426909
 5 57 1 53 1 44 1 8 62437 458231
 6 93 0 70 1 45 1 9 137844 1301657
 7 73 0 36 1 33 1 8 49234 321197
 8 95 1 80 1 75 1 7 287116 2656881
 9 93 1 89 1 78 1 11 381487 3522843
 10 113 1 87 1 65 1 9 302136 2028867
 58 2508205
 587 233 220 12384264 84666811
 10
 1 105 0 81 1 46 1 18 200259 1401103
 2 115 1 81 1 61 1 9 257975 2048418
 3 72 0 51 0 23 1 12 42109 374044
 4 65 1 56 1 33 1 10 69187 612436
 5 60 0 44 0 21 1 13 32321 226623
 6 85 1 69 1 65 1 7 192609 1381478
 7 90 0 82 0 35 1 10 131664 1114070
 8 115 1 94 1 64 1 8 337629 2435093
 9 80 0 53 1 33 1 9 82975 528230
 10 95 0 81 0 37 1 10 134889 814428
 59 2508305
 587 233 220 14576188 113464836
 10
 1 76 1 52 1 46 1 18 91919 755264
 2 66 0 59 1 31 1 26 66779 459018
 3 62 1 55 1 44 1 25 78088 548006
 4 95 0 46 1 36 1 12 68498 650610
 5 63 1 59 1 35 1 11 72842 686776
 6 100 0 37 1 32 1 23 53080 417360
 7 91 0 54 1 37 1 21 102018 926374
 8 49 1 44 1 36 1 26 38625 232239
 9 109 0 66 1 49 1 18 188521 1233801
 10 69 0 48 1 27 1 19 38873 248707
 60 2508405
 587 233 220 16576407 163158838
 10
 1 78 1 72 1 58 1 14 154377 1523428
 2 107 1 57 1 57 1 11 183347 1758398
 3 72 1 64 1 37 1 19 81922 720814
 4 93 0 66 0 26 1 13 77918 484395
 5 116 0 67 1 35 1 13 146599 1397372
 6 101 0 56 1 39 1 12 117653 1046117
 7 108 0 100 0 39 1 11 240678 2120621
 8 64 1 55 1 33 1 10 60978 499956
 9 73 1 65 1 53 1 10 112759 894102
 10 106 0 41 1 35 1 12 78113 770571
 61 2508505
 587 233 220 12908057 118964974
 10
 1 109 1 68 1 64 1 7 242422 1815782
 2 84 1 58 1 55 1 7 153666 973367
 3 96 0 83 0 24 1 16 94526 717625
 4 74 0 67 1 37 1 14 99931 835648
 5 107 1 73 1 70 1 7 227307 1815965
 6 80 1 73 1 54 1 13 171835 1153708
 7 72 0 41 1 33 1 13 42102 392318
 8 84 1 79 1 74 1 10 218839 1901841
 9 40 0 37 1 20 1 14 16185 137824
 10 74 1 73 1 42 1 20 111606 973486
 62 2508605
 587 233 220 13063307 111381414
 10
 1 70 1 63 1 50 1 14 112994 871510
 2 100 0 53 1 34 1 9 74965 534468
 3 93 0 78 1 45 1 11 154266 1130264
 4 100 0 55 1 48 1 10 125114 899945
 5 98 1 73 1 50 1 13 211271 1411025
 6 69 1 45 1 43 1 9 77320 524664
 7 43 1 42 1 36 1 15 29188 217024
 8 104 1 92 1 63 1 16 345666 3245024
 9 93 0 36 1 26 1 11 42210 322662
 10 50 1 45 1 41 1 17 40477 333256
 63 2508705
 587 233 220 14923187 96871636
 10
 1 82 1 76 1 59 1 8 184959 1223239
 2 60 1 51 1 50 1 14 88647 726683
 3 104 1 66 1 61 1 7 227082 1851748
 4 71 0 36 1 28 1 7 30467 231328
 5 89 0 77 0 26 1 9 85218 564264
 6 108 1 84 1 66 1 15 285033 2074376
 7 90 0 51 1 45 1 10 114637 746138
 8 48 1 35 1 33 1 9 22580 171226
 9 89 1 57 1 52 1 5 132171 1052922
 10 99 1 77 1 58 1 16 230294 1987575
 64 2508805
 587 233 220 12438551 103980384
 10
 1 114 0 54 0 20 1 16 62650 551438
 2 92 1 87 1 50 1 10 226202 1934687
 3 114 0 43 1 26 1 10 60423 404022
 4 93 0 69 1 42 1 7 132968 932136
 5 80 1 79 1 64 1 19 189932 1849746
 6 99 0 80 0 29 1 8 98116 966949
 7 60 1 54 1 47 1 12 64872 497167
 8 54 1 53 1 32 1 16 44477 429231
 9 113 1 75 1 68 1 10 289153 2257609
 10 67 1 66 1 49 1 10 104466 907865
 65 2508905
 587 233 220 12901577 85875105
 10
 1 55 0 50 1 26 1 8 38234 277402
 2 48 1 42 1 37 1 16 44275 375718
 3 47 1 34 1 26 1 17 17053 109966
 4 104 0 74 1 50 1 18 215705 1379116
 5 83 0 70 1 40 1 17 94804 809466
 6 53 1 52 1 38 1 19 53267 511319
 7 108 0 69 1 49 1 11 161733 1305881
 8 78 1 73 1 72 1 20 213947 1759683
 9 77 0 62 0 24 1 15 49665 336549
 10 74 0 34 1 21 1 15 24957 203703
 66 2509005
 587 233 220 17662723 153827700
 10
 1 87 0 45 1 32 1 14 52506 437576
 2 84 1 63 1 46 1 11 145165 938076
 3 84 1 67 1 44 1 12 125282 792500
 4 76 0 55 1 30 1 11 54576 524937
 5 87 1 78 1 61 1 6 177451 1363924
 6 115 0 77 1 53 1 11 262943 2320340
 7 78 1 72 1 51 1 12 157031 1384503
 8 93 1 91 1 62 1 10 313144 2038842
 9 48 1 41 1 40 1 7 33701 309600
 10 92 1 82 1 53 1 11 174489 1184608
 67 2509105
 587 233 220 17090035 153030717
 10
 1 119 0 41 1 38 1 14 84200 729523
 2 90 0 44 1 35 1 15 72109 587331
 3 67 0 55 0 27 1 7 41391 276251
 4 71 1 47 1 36 1 18 58164 511269
 5 90 1 55 1 51 1 17 108286 824869
 6 87 0 68 1 40 1 19 95876 710739
 7 87 0 53 1 36 1 17 93785 696366
 8 113 0 47 1 34 1 19 94497 664017
 9 97 0 56 1 35 1 25 104544 652119
 10 90 0 60 0 25 1 19 54855 535305
 68 2509205
 587 233 220 16260094 128810196
 10
 1 60 1 44 1 36 1 9 53310 479007
 2 76 1 42 1 40 1 8 73449 675521
 3 65 1 49 1 48 1 11 70129 552422
 4 109 0 92 1 51 1 10 233361 2068842
 5 93 0 42 1 31 1 12 48670 300142
 6 83 1 64 1 59 1 7 149947 1165527
 7 96 1 90 1 55 1 11 279564 1686512
 8 52 1 42 1 31 1 15 33148 321899
 9 98 1 72 1 61 1 8 230171 1843461
 10 118 0 98 1 57 1 12 276739 2642373
 69 2509305
 587 233 220 16169835 153826761
 10
 1 91 0 50 1 32 1 20 73811 482377
 2 118 0 66 1 40 1 16 164516 1074829
 3 75 0 69 0 32 1 12 77945 698733
 4 81 0 73 0 32 1 19 109602 1036208
 5 97 0 69 0 33 1 16 115525 1025877
 6 97 0 31 1 27 1 17 44575 433873
 7 57 1 54 1 29 1 11 42368 344132
 8 77 1 71 1 62 1 16 136874 918326
 9 116 0 84 0 27 1 16 110879 982698
 10 85 0 30 1 29 1 14 30271 204254
 70 2509405
 587 233 220 15877509 148047570
 10
 1 56 0 32 1 28 1 9 22723 216352
 2 92 0 68 1 39 1 11 109870 1021199
 3 90 0 86 0 29 1 9 111659 906832
 4 73 1 54 1 52 1 17 91849 829470
 5 114 0 100 0 45 1 17 215828 1780752
 6 94 0 51 1 36 1 14 83865 692642
 7 108 0 59 1 38 1 13 109030 817350
 8 89 1 82 1 61 1 7 262518 2430645
 9 81 1 71 1 43 1 12 130029 1119528
 10 61 1 53 1 37 1 8 54936 334050
 71 2509505
 587 233 220 16308316 127648904
 10
 1 99 1 64 1 62 1 20 229747 1861367
 2 110 0 43 1 37 1 16 78827 660466
 3 96 1 73 1 50 1 9 173948 1494967
 4 114 0 53 1 35 1 10 86040 560863
 5 105 0 27 1 22 1 12 32178 309734
 6 75 1 66 1 51 1 14 134025 994807
 7 72 1 61 1 48 1 17 89339 796207
 8 102 0 46 1 32 1 12 66173 558451
 9 59 1 57 1 45 1 12 89698 592378
 10 111 0 45 1 33 1 16 88569 787657
 72 2509605
 587 233 220 17021320 133765307
 10
 1 96 1 95 1 68 1 10 321868 2164041
 2 69 1 61 1 35 1 12 73493 706896
 3 107 1 70 1 55 1 10 198158 1369493
 4 92 0 85 0 34 1 11 153787 948264
 5 96 0 60 1 31 1 12 85518 816959
 6 66 1 38 1 38 1 17 46568 288674
 7 63 1 57 1 36 1 12 62952 601466
 8 51 1 31 1 31 1 15 20504 183838
 9 100 0 75 1 44 1 14 174359 1151343
 10 78 1 66 1 53 1 16 120180 1122155
 73 2509705
 587 233 220 12576687 111364578
 10
 1 90 0 73 1 37 1 9 115135 808410
 2 102 0 95 0 33 1 15 187821 1586403
 3 117 0 38 1 30 1 10 62809 572706
 4 75 1 73 1 57 1 13 147782 1457535
 5 86 0 36 1 34 1 12 61810 492486
 6 101 1 81 1 62 1 14 205590 1435026
 7 90 1 66 1 65 1 9 158797 1106820
 8 76 1 69 1 51 1 15 113450 889648
 9 65 0 30 1 30 1 8 27532 259328
 10 61 1 46 1 37 1 12 61303 501197
 74 2509805
 587 233 220 14089874 129157879
 10
 1 86 1 79 1 69 1 8 199741 1651178
 2 53 1 46 1 31 1 7 42867 341282
 3 96 0 51 1 37 1 9 74563 459224
 4 119 0 55 1 54 1 11 142975 1289934
 5 77 0 74 0 37 1 9 118779 1064477
 6 96 0 73 0 24 1 7 72035 588184
 7 75 1 67 1 54 1 12 115697 840174
 8 88 1 71 1 61 1 5 201838 2007300
 9 120 0 93 0 46 1 14 298875 2405549
 10 104 1 70 1 69 1 9 265678 2054083
 75 2509905
 587 233 220 12629163 101142158
 10
 1 101 0 81 0 24 1 14 91680 565528
 2 94 0 72 0 29 1 16 78570 682722
 3 79 1 72 1 47 1 18 126275 1184937
 4 90 0 36 1 35 1 18 64598 628990
 5 68 1 51 1 40 1 11 80255 510986
 6 48 1 45 1 35 1 17 43711 359110
 7 108 1 84 1 69 1 6 250701 1861280
 8 91 0 45 1 31 1 20 60197 522490
 9 84 1 80 1 62 1 10 244408 1597273
 10 77 1 71 1 41 1 18 133059 1256741
 76 2510005
 587 233 220 13017383 81895133
 10
 1 77 0 42 1 30 1 13 47511 428849
 2 98 0 45 1 28 1 8 73177 557423
 3 61 1 58 1 32 1 11 57088 474424
 4 92 1 77 1 61 1 15 241925 2262698
 5 58 0 44 1 27 1 8 39800 285985
 6 108 0 72 1 50 1 15 232671 1532644
 7 93 1 72 1 71 1 12 205847 1261005
 8 111 0 49 1 30 1 14 70447 449040
 9 79 1 66 1 49 1 9 147182 973832
 10 85 0 74 1 39 1 13 130179 973322
 77 2510105
 587 233 220 13575237 130677469
 10
 1 73 0 73 0 36 1 24 86236 862310
 2 87 0 49 1 26 1 13 64956 621708
 3 68 1 53 1 44 1 20 92924 827392
 4 73 0 57 1 33 1 23 81771 562855
 5 65 1 49 1 47 1 18 81115 726028
 6 80 0 65 1 35 1 22 94129 585202
 7 72 0 35 1 26 1 18 30565 235694
 8 75 1 68 1 40 1 18 101597 748367
 9 104 0 53 1 34 1 16 99087 884171
 10 97 0 93 0 45 1 7 164171 1071081
 78 2510205
 587 233 220 17181715 118665852
 10
 1 105 0 68 1 42 1 15 131143 909062
 2 75 0 37 1 24 1 20 39876 251483
 3 79 0 73 0 26 1 20 76168 693568
 4 95 0 53 1 38 1 13 112517 944877
 5 50 1 41 1 40 1 10 45335 426149
 6 80 1 59 1 52 1 19 126367 786370
 7 90 0 74 0 35 1 19 113823 779405
 8 87 1 60 1 60 1 14 144942 1149577
 9 68 1 50 1 39 1 15 67646 421455
 10 78 0 64 0 25 1 19 53159 448553
 79 2510305
 587 233 220 12762469 111262919
 10
 1 64 1 48 1 46 1 21 73130 722013
 2 79 0 25 1 22 1 30 25076 248581
 3 89 0 85 0 33 1 22 120968 1152104
 4 79 0 66 1 34 1 27 104735 725609
 5 79 0 54 1 31 1 16 66119 649513
 6 115 0 95 0 22 1 24 136969 1154569
 7 76 1 54 1 44 1 20 104047 1026692
 8 80 0 44 1 29 1 18 41136 369631
 9 66 0 33 1 26 1 19 31884 207847
 10 50 1 32 1 32 1 20 25705 235051
 80 2510405
 587 233 220 13416945 122995156
 10
 1 78 1 59 1 54 1 13 105482 920767
 2 120 0 52 0 20 1 12 57102 377721
 3 100 1 67 1 54 1 10 194337 1415400
 4 91 0 59 1 37 1 19 109707 666290
 5 112 0 57 1 56 1 16 145092 1372153
 6 88 0 46 1 34 1 16 60417 497901
 7 108 0 78 1 53 1 13 264076 1987052
 8 100 0 48 1 29 1 9 57376 537816
 9 89 0 88 0 21 1 12 88512 613079
 10 90 0 40 1 21 1 12 41469 270859
 81 2510505
 587 233 220 16099066 146048261
 10
 1 110 0 60 1 55 1 9 152980 1187838
 2 80 1 78 1 71 1 7 203177 1388818
 3 110 0 75 1 50 1 10 197314 1570449
 4 100 0 72 1 40 1 10 138783 982866
 5 103 0 60 1 32 1 12 81633 522362
 6 70 1 60 1 49 1 14 88660 686872
 7 80 1 72 1 62 1 10 159255 1127585
 8 120 1 74 1 67 1 7 353943 3118412
 9 75 0 52 1 37 1 8 66827 557089
 10 57 1 54 1 48 1 17 86070 632117
 82 2510605
 587 233 220 14639344 138827414
 10
 1 65 1 51 1 50 1 17 92272 645877
 2 113 0 78 0 28 1 14 125929 1065443
 3 120 0 35 1 32 1 14 79205 715083
 4 71 0 53 0 20 1 13 34658 275101
 5 94 1 70 1 64 1 16 178506 1143002
 6 64 0 33 1 32 1 14 30982 252672
 7 71 0 35 1 21 1 17 25089 209610
 8 85 1 59 1 49 1 18 131370 1225756
 9 108 0 62 1 53 1 14 184509 1787727
 10 116 0 56 0 25 1 16 90744 631585
 83 2510705
 587 233 220 15097978 122740073
 10
 1 83 1 71 1 46 1 15 137880 1030332
 2 76 1 63 1 54 1 15 141380 1373851
 3 91 0 56 1 40 1 15 111102 983412
 4 61 1 42 1 34 1 11 38679 356573
 5 84 1 67 1 47 1 14 110747 964560
 6 95 1 79 1 57 1 11 180523 1087262
 7 90 0 80 0 23 1 11 67942 524183
 8 69 0 43 1 28 1 9 47773 327898
 9 72 1 69 1 48 1 17 102133 865021
 10 83 1 64 1 58 1 10 165805 1284316
 84 2510805
 587 233 220 16581814 104952718
 10
 1 114 0 77 1 42 1 11 215024 1480014
 2 105 1 81 1 74 1 14 310254 2713957
 3 76 1 73 1 50 1 17 132727 1224138
 4 104 0 91 0 41 1 13 216902 1995458
 5 75 0 70 0 23 1 15 59857 554666
 6 93 0 67 0 20 1 16 58238 509604
 7 89 0 54 0 25 1 8 65675 578832
 8 89 0 46 1 28 1 10 47894 471864
 9 36 1 35 1 24 1 13 13684 101303
 10 72 0 50 1 29 1 8 50119 415638
 85 2510905
 587 233 220 13586206 81530832
 10
 1 55 0 37 1 22 1 17 21721 200597
 2 72 0 55 1 31 1 9 53360 367158
 3 61 1 56 1 36 1 14 65370 545314
 4 76 0 72 0 22 1 9 54378 361692
 5 74 1 66 1 61 1 14 159897 1377009
 6 43 1 39 1 32 1 13 30542 219501
 7 108 0 98 0 27 1 12 165012 1300339
 8 109 1 73 1 65 1 11 282000 2245264
 9 97 0 92 0 40 1 9 171779 1163048
 10 109 1 80 1 62 1 15 266246 2317686
 86 2511005
 587 233 220 17661855 118441989
 10
 1 87 0 33 1 28 1 17 44363 292343
 2 97 1 70 1 57 1 16 219858 1476801
 3 71 1 57 1 38 1 16 84745 735972
 4 63 1 53 1 47 1 15 73325 447476
 5 77 0 56 1 37 1 14 68734 466267
 6 102 0 67 1 47 1 13 186620 1609748
 7 72 0 31 1 29 1 16 37283 295748
 8 84 0 58 1 38 1 16 94729 883515
 9 84 1 57 1 56 1 17 160019 1546034
 10 88 0 76 0 33 1 12 123111 772426
 87 2511105
 587 233 220 15872701 99172693
 10
 1 119 0 34 1 28 1 12 55403 471656
 2 84 1 69 1 48 1 13 118560 1030872
 3 97 1 82 1 78 1 14 345306 3022891
 4 109 0 43 1 33 1 9 87741 543427
 5 80 1 75 1 47 1 10 127677 1259716
 6 74 0 62 0 30 1 13 80812 579836
 7 40 1 35 1 31 1 14 22976 142554
 8 58 0 43 1 26 1 3 34733 316432
 9 111 1 73 1 71 1 12 271193 2247696
 10 95 0 66 1 43 1 8 138282 1305550
 88 2511205
 587 233 220 14758689 136125407
 10
 1 100 0 60 1 40 1 11 117683 991452
 2 89 0 67 1 34 1 21 121254 1205032
 3 92 0 80 0 38 1 18 115225 846382
 4 90 0 81 0 24 1 18 84808 769822
 5 84 0 52 1 38 1 22 74876 546085
 6 77 1 54 1 46 1 13 101160 919130
 7 90 0 49 1 33 1 20 77982 623856
 8 78 0 45 1 27 1 15 53321 439607
 9 76 0 57 0 28 1 16 64514 433853
 10 102 0 38 1 27 1 24 58406 467507
 89 2511305
 587 233 220 17200437 170897740
 10
 1 95 0 92 0 46 1 7 238943 1520886
 2 65 1 60 1 40 1 11 89204 563948
 3 103 1 62 1 59 1 10 211002 1912259
 4 71 1 65 1 52 1 6 100240 872113
 5 119 0 87 0 28 1 12 155981 1418972
 6 109 1 92 1 78 1 13 416880 3080533
 7 58 1 54 1 35 1 7 46194 450579
 8 98 1 73 1 64 1 7 234860 1528063
 9 44 1 44 1 40 1 10 41134 372763
 10 70 0 69 1 35 1 10 75118 636060
 90 2511405
 587 233 220 13262244 117271770
 10
 1 91 0 52 1 33 1 10 67738 517272
 2 87 1 81 1 63 1 11 256122 1710048
 3 113 0 79 1 45 1 9 231805 1864950
 4 114 0 52 1 45 1 6 137903 1187058
 5 110 1 90 1 66 1 7 378667 3192356
 6 81 0 41 1 31 1 12 58009 417185
 7 108 0 67 1 37 1 11 156895 978658
 8 118 0 82 1 57 1 14 270648 2235669
 9 96 0 60 0 30 1 5 78900 721071
 10 43 1 42 1 36 1 10 33716 302581
 91 2511505
 587 233 220 14178246 94844163
 10
 1 86 1 65 1 57 1 7 165177 1029356
 2 61 1 37 1 32 1 15 35700 228753
 3 39 1 33 1 27 1 11 14666 91748
 4 85 0 33 1 26 1 9 34962 256135
 5 101 0 94 0 42 1 15 203019 1962231
 6 65 1 53 1 46 1 10 81447 556376
 7 76 1 72 1 39 1 18 118301 1127729
 8 47 1 42 1 25 1 14 26591 224510
 9 93 1 76 1 60 1 16 178811 1248407
 10 95 1 74 1 51 1 19 153364 1063968
 92 2511605
 587 233 220 14708889 110723950
 10
 1 96 1 82 1 63 1 8 236118 1674214
 2 74 1 63 1 59 1 10 139924 1012610
 3 86 0 60 1 43 1 9 111283 772461
 4 90 1 67 1 57 1 11 168389 1400086
 5 97 1 91 1 80 1 15 333735 2155714
 6 116 0 61 0 28 1 6 110065 891168
 7 86 0 41 1 35 1 7 65343 572369
 8 67 0 44 1 26 1 11 36414 273683
 9 115 0 79 0 31 1 9 144371 923942
 10 62 1 59 1 46 1 7 79765 626105
 93 2511705
 587 233 220 12364608 91762399
 10
 1 78 0 69 1 37 1 5 89168 550497
 2 115 1 90 1 58 1 8 266141 2649106
 3 68 0 53 0 20 1 9 37377 236421
 4 119 0 71 1 47 1 6 199406 1451336
 5 100 1 82 1 57 1 7 274902 2028832
 6 88 1 76 1 52 1 5 168632 1606226
 7 95 0 90 0 43 1 9 217018 2056154
 8 87 1 72 1 62 1 14 200694 1832872
 9 80 1 66 1 47 1 6 145829 1348451
 10 120 1 78 1 67 1 9 326290 2385440
 94 2511805
 587 233 220 12995082 81099506
 10
 1 75 1 73 1 69 1 12 164758 1263892
 2 66 1 56 1 40 1 17 82575 500536
 3 64 1 51 1 41 1 18 62285 500187
 4 90 0 52 1 28 1 17 60658 577907
 5 73 0 33 1 28 1 20 29938 218647
 6 91 1 76 1 60 1 13 183060 1275116
 7 54 1 45 1 28 1 11 40070 352982
 8 107 1 81 1 56 1 14 230594 1918667
 9 63 1 53 1 44 1 12 80560 632063
 10 88 1 75 1 50 1 7 153871 1059002
 95 2511905
 587 233 220 13349969 97719243
 10
 1 101 0 69 0 20 1 16 81894 560873
 2 108 0 66 1 54 1 16 169733 1472211
 3 74 0 62 1 33 1 20 74980 479636
 4 69 0 61 1 33 1 20 67480 563408
 5 71 0 64 0 31 1 22 67479 590220
 6 38 1 32 1 30 1 18 19133 132441
 7 108 0 47 1 37 1 14 105518 913627
 8 100 0 41 1 36 1 19 59968 416167
 9 99 0 79 0 39 1 14 172734 1196249
 10 83 0 55 0 22 1 22 41305 307470
 96 2512005
 587 233 220 15301949 134720457
 10
 1 64 0 42 1 26 1 18 41631 387076
 2 92 1 58 1 52 1 13 126708 866578
 3 92 0 85 0 21 1 11 68945 532314
 4 90 0 49 1 33 1 18 79430 535770
 5 54 1 48 1 34 1 10 47380 406871
 6 95 0 62 1 45 1 14 114805 1062376
 7 72 1 49 1 46 1 13 92721 796924
 8 56 0 42 1 25 1 19 34053 256437
 9 64 0 34 1 26 1 11 28542 202650
 10 113 0 90 1 54 1 22 236431 1513472
 97 2512105
 587 233 220 13146794 121028481
 10
 1 74 0 60 1 32 1 15 75541 661167
 2 100 0 50 1 43 1 13 123736 919651
 3 95 0 74 1 42 1 16 131063 964153
 4 95 0 70 0 30 1 15 119101 730484
 5 45 1 37 1 24 1 16 17329 138152
 6 67 0 60 0 25 1 14 42769 294465
 7 55 1 51 1 35 1 12 55120 338135
 8 76 1 71 1 61 1 16 189452 1376950
 9 119 0 88 1 51 1 11 271652 1942279
 10 98 0 81 0 26 1 14 105501 841493
 98 2512205
 587 233 220 14188694 139527750
 10
 1 106 0 55 1 38 1 14 94641 906736
 2 69 1 50 1 48 1 15 78744 766508
 3 106 1 63 1 57 1 14 167717 1063998
 4 71 1 66 1 51 1 14 99041 944248
 5 62 1 41 1 36 1 7 41675 321120
 6 75 1 49 1 39 1 9 58123 479298
 7 90 1 64 1 53 1 11 140395 1185746
 8 96 1 79 1 55 1 14 207396 1611390
 9 83 1 75 1 67 1 9 228859 1677133
 10 58 1 48 1 30 1 9 40352 305362
 99 2512305
 587 233 220 17857057 146918853
 10
 1 51 1 46 1 44 1 26 60575 488423
 2 95 0 92 1 47 1 14 227734 1923711
 3 116 0 39 1 23 1 10 51403 381715
 4 51 1 37 1 32 1 14 34953 309176
 5 117 0 44 1 38 1 10 111254 996613
 6 103 1 89 1 73 1 13 340552 2913814
 7 73 1 55 1 54 1 13 89594 752205
 8 116 0 98 0 40 1 8 227747 1583613
 9 62 0 48 0 22 1 12 27103 169687
 10 106 0 38 1 30 1 14 59400 395848
 100 2512405
 587 233 220 16653917 153874856
 10
 1 78 1 49 1 47 1 9 78163 581258
 2 46 1 45 1 43 1 15 40125 345084
 3 98 0 44 1 36 1 13 90126 595539
 4 100 0 89 0 31 1 11 111451 734383
 5 108 0 76 1 47 1 17 179270 1637352
 6 75 0 36 1 28 1 19 35342 271338
 7 108 1 82 1 56 1 16 219870 1916028
 8 45 1 41 1 24 1 19 22751 137373
 9 103 0 48 1 38 1 10 97297 825051
 10 74 1 62 1 46 1 15 89659 884977
