100
 1 2502505
 587 233 220 14264012 92962581
 12
 1 108 0 76 0 30 1 17 129482 1113986
 2 110 0 43 1 25 1 9 55520 448685
 3 92 1 81 1 55 1 7 214480 2123112
 4 81 0 33 1 28 1 3 37058 236967
 5 120 1 99 1 73 1 11 511980 5014691
 6 111 0 70 1 48 1 5 201572 1748349
 7 98 0 72 1 46 1 11 134321 812135
 8 95 0 66 0 31 1 3 100097 684383
 9 85 0 84 0 30 1 9 117546 902829
 10 71 0 32 1 25 1 7 33855 205558
 11 36 1 34 1 25 1 8 15132 145369
 12 97 1 67 1 62 1 8 225600 1448261
 2 2502605
 587 233 220 12382094 116179156
 12
 1 49 0 25 1 21 1 13 11585 96909
 2 60 1 51 1 41 1 10 66434 662176
 3 103 1 76 1 64 1 5 282645 2400355
 4 95 1 70 1 62 1 13 224453 2137953
 5 111 0 49 1 26 1 13 83696 589890
 6 85 1 84 1 72 1 15 237834 1530269
 7 48 1 36 1 31 1 13 22078 169104
 8 86 0 76 0 38 1 13 127811 1131654
 9 71 1 48 1 47 1 12 77983 473743
 10 90 0 43 1 33 1 12 70763 556376
 11 98 0 52 1 44 1 13 133209 925853
 12 73 0 37 1 23 1 6 36215 229701
 3 2502705
 587 233 220 17855082 151896855
 12
 1 97 0 81 0 27 1 7 118623 841385
 2 102 0 78 0 39 1 12 143111 949909
 3 113 0 46 1 36 1 11 90281 646041
 4 66 1 50 1 42 1 11 76363 557810
 5 101 0 30 1 26 1 9 38049 354260
 6 100 0 56 1 35 1 15 97159 619784
 7 91 0 50 1 40 1 9 84876 775668
 8 106 1 61 1 56 1 13 170771 1691713
 9 103 1 63 1 58 1 9 169774 1227253
 10 75 1 57 1 41 1 18 79047 574796
 11 71 1 68 1 64 1 6 176865 1210260
 12 85 0 67 1 39 1 13 129523 936819
 4 2502805
 587 233 220 14132851 137018527
 12
 1 113 0 92 0 33 1 11 175227 1668186
 2 52 1 37 1 28 1 10 25316 235608
 3 57 1 33 1 29 1 14 21856 137220
 4 99 0 37 1 30 1 11 48053 290038
 5 92 0 64 1 33 1 12 107324 695965
 6 119 0 59 1 39 1 9 119597 864867
 7 54 1 52 1 49 1 12 81858 706319
 8 75 0 45 1 35 1 12 59968 398916
 9 79 1 68 1 44 1 15 137849 875649
 10 116 0 49 1 47 1 10 158578 998055
 11 83 0 44 1 23 1 9 48696 350263
 12 98 1 96 1 56 1 17 242996 1649494
 5 2502905
 587 233 220 13273267 97002414
 12
 1 88 0 54 1 39 1 7 79401 502836
 2 94 0 54 1 36 1 11 94541 823026
 3 87 0 77 1 43 1 11 158397 1046034
 4 100 1 80 1 72 1 17 240626 1979491
 5 83 0 40 1 36 1 14 60256 523234
 6 91 0 54 0 22 1 13 47531 363771
 7 109 0 58 1 54 1 8 203525 1312723
 8 94 0 55 1 30 1 5 76318 660585
 9 34 1 32 1 31 1 14 14144 104478
 10 83 1 80 1 57 1 13 206182 1735937
 11 108 0 40 1 26 1 9 50245 330654
 12 72 0 37 1 32 1 7 44928 387024
 6 2503005
 587 233 220 13986048 107171966
 12
 1 86 1 84 1 45 1 18 170838 1698567
 2 81 0 45 1 34 1 17 71805 657035
 3 70 1 54 1 37 1 12 75790 645348
 4 71 1 61 1 52 1 12 124427 1123189
 5 78 1 73 1 40 1 15 113736 987674
 6 69 1 63 1 46 1 7 80506 606269
 7 72 1 67 1 56 1 11 158249 1271067
 8 75 0 75 0 36 1 12 104467 842742
 9 94 1 88 1 50 1 7 183972 1107772
 10 65 1 51 1 50 1 7 72324 613529
 11 81 1 56 1 46 1 12 120782 917761
 12 68 0 44 1 27 1 10 39307 259460
 7 2503105
 587 233 220 12319221 108787531
 12
 1 118 0 79 1 51 1 14 233243 1861571
 2 86 0 32 1 31 1 8 34820 247880
 3 64 1 58 1 52 1 9 90996 601078
 4 42 1 42 1 32 1 9 30654 233635
 5 64 1 55 1 43 1 13 81630 681925
 6 84 0 70 0 35 1 13 105048 674008
 7 76 0 57 1 36 1 7 88475 708876
 8 95 1 60 1 55 1 9 128715 888387
 9 80 1 66 1 52 1 12 151969 1055434
 10 109 0 73 0 23 1 12 103462 1002561
 11 72 1 65 1 54 1 12 138866 1313898
 12 98 0 55 1 44 1 14 105049 807726
 8 2503205
 587 233 220 14241183 122019050
 12
 1 75 1 58 1 57 1 5 129383 804366
 2 57 1 37 1 30 1 7 26070 190840
 3 79 0 74 0 35 1 11 109263 867139
 4 104 1 99 1 74 1 9 311451 1997715
 5 55 1 46 1 31 1 6 39534 274584
 6 99 0 98 0 33 1 8 177371 1324999
 7 90 1 85 1 59 1 13 261302 1903131
 8 115 0 74 1 44 1 9 215595 2143596
 9 107 0 67 0 21 1 4 69122 546483
 10 81 1 76 1 55 1 5 144845 951723
 11 118 0 84 0 27 1 11 120073 937654
 12 67 1 60 1 38 1 10 78020 578402
 9 2503305
 587 233 220 15044924 138418322
 12
 1 90 1 70 1 63 1 2 202169 1291735
 2 84 0 78 0 28 1 10 84342 812659
 3 94 0 85 0 39 1 12 140066 1064989
 4 80 1 76 1 54 1 14 142653 1420369
 5 69 1 50 1 45 1 11 76202 471627
 6 70 1 57 1 37 1 7 79991 651967
 7 94 1 61 1 54 1 14 158153 1402489
 8 92 0 44 1 29 1 11 62652 438363
 9 72 1 53 1 37 1 11 61631 493613
 10 89 0 43 1 27 1 13 45639 448154
 11 91 0 44 1 28 1 15 54989 482318
 12 78 1 76 1 68 1 15 231881 1692266
 10 2503405
 587 233 220 16623859 126639487
 12
 1 68 0 66 0 31 1 10 70123 525917
 2 120 0 34 1 26 1 10 42786 286952
 3 95 1 76 1 60 1 16 201628 1433752
 4 61 1 47 1 34 1 8 46109 333336
 5 53 1 45 1 36 1 9 39698 262164
 6 80 1 52 1 42 1 10 96447 579986
 7 109 0 63 0 28 1 12 112340 1101526
 8 74 0 64 1 35 1 9 76475 741093
 9 53 1 40 1 36 1 8 41798 290727
 10 102 1 96 1 59 1 10 324461 2203065
 11 64 1 60 1 47 1 16 95941 883289
 12 99 0 90 0 32 1 15 140463 929468
 11 2503505
 587 233 220 17797632 149645782
 12
 1 74 1 63 1 61 1 8 160311 1080418
 2 71 0 60 0 25 1 15 61983 406672
 3 106 1 80 1 59 1 11 248189 1832696
 4 109 0 76 1 42 1 11 156990 1430715
 5 118 0 56 0 22 1 8 66437 500080
 6 105 0 67 1 43 1 14 134909 1209094
 7 72 1 65 1 37 1 16 103051 802215
 8 84 1 59 1 54 1 10 131659 1031599
 9 91 0 69 0 26 1 15 80338 486116
 10 69 0 31 1 28 1 15 25190 241249
 11 76 0 67 1 37 1 12 76881 763352
 12 48 1 39 1 25 1 9 20167 152017
 12 2503605
 587 233 220 13822504 87101123
 12
 1 95 1 80 1 57 1 7 210978 1914046
 2 112 0 87 0 23 1 13 106002 786466
 3 116 0 41 1 40 1 6 81949 700074
 4 98 1 80 1 56 1 13 185938 1148354
 5 108 1 60 1 59 1 10 173054 1624358
 6 82 1 77 1 67 1 7 245571 2173924
 7 67 1 46 1 36 1 7 48797 332995
 8 104 0 72 1 44 1 9 161256 1387622
 9 89 0 56 0 24 1 4 52203 518484
 10 64 1 36 1 36 1 10 40482 269841
 11 101 0 86 0 31 1 15 126671 1023670
 12 69 1 65 1 37 1 8 80734 803420
 13 2503705
 587 233 220 13596784 87896887
 12
 1 52 0 36 1 25 1 22 26563 202598
 2 63 0 37 1 21 1 18 29015 232840
 3 100 0 61 1 36 1 17 90285 689472
 4 79 0 52 1 36 1 16 72570 472702
 5 99 0 63 1 36 1 16 131946 1238011
 6 97 0 49 1 30 1 13 58743 534007
 7 90 1 69 1 55 1 13 189171 1673791
 8 91 0 33 1 28 1 14 35732 339860
 9 111 0 76 1 41 1 13 153688 1525479
 10 95 0 44 1 35 1 15 60686 410016
 11 74 0 47 1 29 1 22 43322 374349
 12 100 0 48 0 20 1 20 39616 237769
 14 2503805
 587 233 220 16548168 111734305
 12
 1 68 0 48 1 31 1 11 51431 343597
 2 104 1 80 1 63 1 12 264680 2424477
 3 82 0 46 0 21 1 10 46600 454585
 4 114 1 78 1 60 1 10 242008 2215038
 5 90 1 74 1 66 1 7 176353 1583928
 6 112 0 54 1 36 1 9 126878 986547
 7 71 1 64 1 54 1 12 135607 883419
 8 74 0 53 1 33 1 8 52929 499203
 9 75 1 62 1 57 1 5 131822 1314627
 10 68 1 62 1 52 1 14 105049 1036137
 11 64 1 49 1 47 1 11 84947 820649
 12 60 1 39 1 36 1 14 34394 325504
 15 2503905
 587 233 220 15592994 109810912
 12
 1 100 0 44 1 37 1 8 76461 695973
 2 90 1 78 1 55 1 7 205414 1234093
 3 65 1 57 1 42 1 10 71167 464520
 4 85 0 58 1 41 1 7 93227 905911
 5 81 1 69 1 50 1 12 144215 1099146
 6 84 1 78 1 51 1 6 134422 1262747
 7 109 1 73 1 73 1 7 246263 1966644
 8 73 1 58 1 52 1 13 130257 1050707
 9 73 1 49 1 40 1 15 64254 569882
 10 120 0 60 1 39 1 5 113820 780972
 11 111 1 80 1 68 1 9 264551 2568671
 12 71 1 70 1 53 1 5 142710 900218
 16 2504005
 587 233 220 16382161 163499860
 12
 1 43 1 40 1 39 1 12 31026 190647
 2 97 0 76 1 40 1 11 172320 1114180
 3 67 1 63 1 47 1 8 110857 906842
 4 98 0 57 1 38 1 10 94544 590223
 5 73 0 71 0 27 1 10 71793 659638
 6 66 1 56 1 41 1 8 74504 486966
 7 82 1 75 1 72 1 11 228033 1869208
 8 93 0 71 1 43 1 7 156320 1475555
 9 95 0 35 1 28 1 10 44324 402473
 10 88 1 72 1 68 1 10 193689 1357096
 11 88 0 85 0 35 1 15 132746 1215284
 12 100 1 83 1 69 1 6 229178 2107933
 17 2504105
 587 233 220 13827058 90428167
 12
 1 72 0 49 1 35 1 9 70336 425064
 2 75 1 66 1 47 1 8 100354 648840
 3 78 0 30 1 22 1 10 23735 172585
 4 119 1 79 1 79 1 8 365956 2748133
 5 76 1 65 1 62 1 10 152845 1347466
 6 119 1 81 1 65 1 11 367083 2248545
 7 91 0 77 0 36 1 13 103798 721727
 8 113 0 89 0 27 1 10 120953 1128384
 9 98 0 59 1 44 1 6 132491 1177881
 10 76 1 55 1 43 1 10 83852 667337
 11 58 1 51 1 31 1 2 45972 343562
 12 94 0 40 1 25 1 11 45383 291003
 18 2504205
 587 233 220 17345864 115127690
 12
 1 104 0 55 1 30 1 6 91712 573962
 2 92 1 89 1 73 1 9 332058 2551377
 3 88 0 88 0 43 1 7 180730 1218476
 4 90 1 60 1 60 1 8 130712 1104669
 5 79 1 53 1 41 1 8 100064 900108
 6 96 0 91 0 28 1 6 133755 1078855
 7 100 1 90 1 79 1 4 340549 2326038
 8 73 0 42 1 32 1 12 54055 493208
 9 115 1 85 1 60 1 5 333306 3042891
 10 113 1 83 1 76 1 11 342703 3118570
 11 68 0 50 1 31 1 4 49493 444035
 12 70 0 41 1 30 1 7 47293 325589
 19 2504305
 587 233 220 12126539 113133795
 12
 1 60 0 45 1 26 1 12 39133 321733
 2 71 1 43 1 39 1 12 49761 361539
 3 99 1 71 1 64 1 6 261628 1712904
 4 61 1 41 1 40 1 9 55466 376628
 5 83 1 79 1 43 1 11 127943 1112659
 6 63 1 52 1 35 1 9 52741 526727
 7 54 0 33 1 20 1 13 14318 136280
 8 62 1 57 1 51 1 11 79959 595295
 9 79 1 76 1 71 1 18 228769 1578507
 10 91 1 81 1 48 1 11 203812 1564676
 11 95 0 70 0 23 1 17 89594 789689
 12 101 0 57 1 42 1 13 112068 820937
 20 2504405
 587 233 220 13654588 123681383
 12
 1 97 1 77 1 66 1 10 222933 1787333
 2 81 1 69 1 69 1 16 198420 1212072
 3 109 0 53 0 24 1 14 70501 454489
 4 98 0 33 1 20 1 8 33257 229573
 5 86 0 56 1 34 1 12 91429 626340
 6 76 0 50 1 35 1 12 69151 489203
 7 109 0 42 1 22 1 11 49376 419996
 8 82 1 69 1 42 1 12 109569 1047912
 9 58 1 43 1 31 1 11 41297 283015
 10 99 0 80 1 48 1 8 166616 1657620
 11 89 0 68 1 39 1 13 129500 1185241
 12 74 1 53 1 40 1 11 66958 593637
 21 2504505
 587 233 220 15044080 111104683
 12
 1 109 1 93 1 72 1 6 421983 3337294
 2 95 0 67 0 32 1 8 117545 1054234
 3 119 0 45 1 36 1 12 93183 918168
 4 95 1 78 1 62 1 13 195108 1315437
 5 116 0 89 0 32 1 8 159139 1168161
 6 98 0 65 1 38 1 12 107870 1003998
 7 72 0 51 0 24 1 14 50182 364430
 8 102 0 88 0 26 1 10 130168 786025
 9 99 0 47 1 44 1 10 119979 1175589
 10 106 0 52 1 31 1 12 98790 719417
 11 55 1 41 1 32 1 9 30283 258475
 12 71 0 65 0 29 1 14 75877 629726
 22 2504605
 587 233 220 17219561 153522454
 12
 1 89 1 78 1 50 1 10 162598 1109577
 2 73 1 65 1 46 1 10 112696 678796
 3 94 0 66 1 39 1 7 144954 934886
 4 66 1 59 1 42 1 4 81481 620362
 5 106 1 93 1 70 1 10 355953 3068551
 6 80 1 71 1 62 1 16 183503 1772507
 7 60 0 36 1 26 1 12 28231 215317
 8 72 0 31 1 31 1 11 31014 246024
 9 63 0 63 0 31 1 8 64625 643847
 10 74 0 39 1 23 1 11 33375 313925
 11 105 0 72 1 52 1 11 198934 1836661
 12 101 0 76 1 45 1 6 139621 887432
 23 2504705
 587 233 220 15517393 125033142
 12
 1 84 0 81 0 23 1 10 86517 527490
 2 115 1 72 1 64 1 15 213537 1475414
 3 77 0 49 1 25 1 13 45517 342689
 4 40 1 37 1 22 1 14 13914 92296
 5 97 0 96 0 46 1 6 210636 1758332
 6 95 0 43 1 25 1 8 44332 411748
 7 90 0 69 0 28 1 13 73436 517511
 8 56 1 51 1 49 1 14 72795 463528
 9 118 1 93 1 80 1 4 370043 2353717
 10 56 1 47 1 41 1 16 53766 328672
 11 78 0 71 0 27 1 15 68497 619463
 12 88 0 62 1 41 1 15 122750 1209964
 24 2504805
 587 233 220 17204810 118659783
 12
 1 113 0 80 0 29 1 9 155702 1109012
 2 98 1 65 1 62 1 8 225027 1503696
 3 60 1 59 1 46 1 8 68900 501138
 4 100 1 97 1 64 1 8 265460 2482950
 5 99 0 88 0 23 1 7 95328 659434
 6 106 0 49 1 33 1 8 87810 840178
 7 78 0 54 1 30 1 6 56794 560732
 8 71 1 68 1 41 1 14 111620 933075
 9 83 0 80 0 35 1 8 133007 1027014
 10 99 0 55 0 27 1 11 59511 585615
 11 91 0 51 1 43 1 14 102703 977557
 12 99 1 78 1 72 1 10 279573 2386577
 25 2504905
 587 233 220 15883274 133812680
 12
 1 75 0 54 1 35 1 16 62251 480319
 2 107 0 60 1 49 1 13 153530 923141
 3 70 1 67 1 42 1 15 99250 642112
 4 78 1 71 1 44 1 6 116158 935218
 5 78 0 61 0 27 1 14 59241 447288
 6 78 1 73 1 48 1 9 159671 1199942
 7 109 0 87 0 32 1 14 148418 1481403
 8 91 0 87 0 25 1 10 111040 881992
 9 67 1 51 1 47 1 15 66474 591421
 10 67 1 63 1 60 1 10 131644 1294789
 11 115 0 59 1 34 1 10 106088 781324
 12 102 0 35 1 34 1 11 49764 447132
 26 2505005
 587 233 220 14619108 134431689
 12
 1 86 0 71 1 41 1 16 119938 1120482
 2 75 1 58 1 58 1 16 151174 1403212
 3 100 0 81 0 27 1 14 115179 1047387
 4 59 0 42 1 24 1 12 27178 171244
 5 69 0 37 1 30 1 17 32877 296883
 6 63 1 50 1 36 1 15 67713 521431
 7 96 0 72 0 34 1 4 115037 927865
 8 111 0 71 0 29 1 15 103166 784216
 9 102 1 67 1 53 1 8 184864 1298383
 10 71 0 34 1 32 1 16 44828 296946
 11 88 1 75 1 53 1 16 178636 1375681
 12 50 1 46 1 42 1 12 41538 272607
 27 2505105
 587 233 220 13508410 84316841
 12
 1 118 0 66 1 47 1 9 177143 1693608
 2 99 0 56 0 25 1 14 61287 554618
 3 91 1 83 1 48 1 12 183035 1298231
 4 104 0 66 1 40 1 9 121140 801207
 5 75 0 60 1 33 1 8 65138 415947
 6 113 1 78 1 60 1 11 304044 1951746
 7 36 1 36 1 29 1 9 15879 95305
 8 56 1 48 1 40 1 14 44703 330637
 9 67 0 40 1 22 1 6 29002 188186
 10 92 1 78 1 64 1 10 267178 2543730
 11 73 0 61 1 31 1 7 70058 541251
 12 72 1 66 1 58 1 11 134545 1345226
 28 2505205
 587 233 220 15077031 121746841
 12
 1 62 1 59 1 52 1 19 91197 671282
 2 54 1 52 1 50 1 12 66332 591585
 3 102 1 69 1 65 1 10 201736 1566709
 4 97 0 76 1 46 1 7 185641 1590136
 5 52 1 50 1 37 1 18 40366 337053
 6 93 0 85 0 23 1 17 76836 705595
 7 90 0 38 1 38 1 12 61955 503127
 8 66 1 60 1 40 1 21 64063 420870
 9 38 1 31 1 26 1 17 13839 98652
 10 86 0 60 1 36 1 12 90770 679988
 11 92 0 47 1 34 1 15 61665 605278
 12 103 0 69 0 22 1 20 80315 776357
 29 2505305
 587 233 220 16658155 148601948
 12
 1 91 1 58 1 57 1 11 142058 854407
 2 92 1 78 1 53 1 5 191495 1694802
 3 112 0 48 1 28 1 11 89774 755102
 4 78 0 47 1 26 1 11 42406 266927
 5 41 1 40 1 28 1 8 20066 133771
 6 57 1 47 1 32 1 14 36485 299641
 7 54 1 47 1 40 1 11 46783 305229
 8 85 0 80 0 25 1 9 80839 524854
 9 89 1 86 1 54 1 11 227381 1778594
 10 118 1 94 1 68 1 13 339609 2778094
 11 98 0 63 1 36 1 9 128540 841360
 12 81 0 42 1 38 1 7 53467 411402
 30 2505405
 587 233 220 15705670 116786186
 12
 1 64 0 53 1 32 1 9 59878 385500
 2 51 1 42 1 28 1 15 24086 233654
 3 49 1 32 1 30 1 11 22698 198933
 4 109 1 68 1 59 1 17 259571 1948032
 5 66 0 43 1 32 1 9 41144 362025
 6 120 0 71 1 47 1 5 177997 1734851
 7 109 0 57 1 41 1 13 121343 737480
 8 100 0 70 0 28 1 14 79342 686439
 9 76 1 70 1 51 1 10 137102 927164
 10 85 0 40 1 26 1 11 42156 358830
 11 79 1 71 1 55 1 8 148406 904638
 12 93 1 73 1 55 1 13 181285 1398190
 31 2505505
 587 233 220 17136938 170278183
 12
 1 70 1 63 1 49 1 13 95549 722459
 2 84 1 54 1 49 1 12 101738 873743
 3 89 0 70 1 42 1 13 115618 1007110
 4 80 0 48 1 39 1 9 61940 600074
 5 114 0 47 1 42 1 14 132805 934553
 6 92 0 62 1 34 1 15 78772 483098
 7 72 1 66 1 43 1 9 97079 640464
 8 120 0 55 1 46 1 13 165725 1074858
 9 106 0 62 0 25 1 17 92307 902427
 10 72 0 53 1 34 1 10 61400 573445
 11 74 0 44 1 35 1 8 49379 492940
 12 103 0 71 0 28 1 14 97456 962820
 32 2505605
 587 233 220 14419430 128079085
 12
 1 95 0 76 1 44 1 12 140349 1140122
 2 81 0 47 1 34 1 17 64832 394310
 3 71 0 52 1 30 1 13 51243 463620
 4 96 0 52 1 28 1 18 82313 579956
 5 104 0 80 1 50 1 9 222467 1548200
 6 77 1 64 1 57 1 12 123483 907673
 7 75 0 45 1 36 1 20 52683 332933
 8 65 1 49 1 39 1 20 73552 690883
 9 70 1 49 1 41 1 13 58606 372717
 10 111 0 44 1 42 1 13 113506 859848
 11 108 0 94 1 51 1 6 237480 2244339
 12 43 1 40 1 26 1 10 21165 133775
 33 2505705
 587 233 220 12132556 104931261
 12
 1 40 1 36 1 21 1 9 14281 97675
 2 76 0 45 1 31 1 10 44564 390914
 3 63 1 54 1 51 1 9 80791 768450
 4 114 1 77 1 69 1 14 318198 2075005
 5 95 1 57 1 53 1 12 120362 1036432
 6 92 0 36 1 20 1 15 30391 187019
 7 90 1 84 1 47 1 10 201773 1297310
 8 84 0 69 0 24 1 15 62963 590130
 9 57 1 35 1 35 1 11 41108 313695
 10 78 1 76 1 50 1 10 156056 1167400
 11 81 0 67 1 37 1 16 119485 891433
 12 73 1 51 1 43 1 10 86884 678728
 34 2505805
 587 233 220 13751384 106243527
 12
 1 68 0 35 1 27 1 8 29699 224513
 2 118 0 57 1 43 1 6 163533 1059512
 3 73 0 72 0 36 1 10 78437 524943
 4 85 1 58 1 50 1 9 110763 868010
 5 86 0 56 1 33 1 13 90484 624125
 6 99 0 44 1 31 1 9 65439 425556
 7 93 1 54 1 49 1 7 134403 1182849
 8 89 0 69 0 26 1 6 93016 587003
 9 98 1 90 1 74 1 16 349704 3158073
 10 58 1 48 1 46 1 11 55058 507102
 11 56 0 55 0 22 1 6 27951 168359
 12 104 1 63 1 59 1 14 174392 1153132
 35 2505905
 587 233 220 17169946 110755900
 12
 1 100 0 33 1 31 1 6 50753 417892
 2 84 0 68 1 42 1 14 104352 801652
 3 95 0 84 0 31 1 9 109346 1090699
 4 57 1 39 1 30 1 11 35204 282139
 5 76 1 71 1 60 1 13 180238 1626101
 6 71 1 68 1 46 1 18 98131 621861
 7 109 0 51 1 26 1 17 80088 732605
 8 109 0 54 1 45 1 9 156742 1436100
 9 84 0 55 1 29 1 17 68928 451101
 10 104 0 66 0 20 1 7 61836 504093
 11 119 0 76 1 39 1 13 147306 1326123
 12 75 1 74 1 43 1 9 107183 853509
 36 2506005
 587 233 220 15085330 143869605
 12
 1 41 1 39 1 26 1 15 22950 168966
 2 110 0 40 1 34 1 12 88701 823462
 3 94 1 77 1 52 1 7 185645 1548020
 4 119 1 96 1 71 1 11 364258 3224314
 5 67 1 63 1 47 1 7 91780 911562
 6 61 1 43 1 31 1 17 44834 350715
 7 72 0 53 1 35 1 13 63469 531926
 8 64 1 38 1 38 1 9 37386 333963
 9 110 0 71 1 45 1 5 149315 967279
 10 73 1 71 1 52 1 8 160036 1561040
 11 95 1 92 1 55 1 10 205499 1938594
 12 86 0 74 0 31 1 10 116240 1087161
 37 2506105
 587 233 220 13708027 82734164
 12
 1 98 0 73 1 44 1 9 141961 1280648
 2 60 1 60 1 38 1 9 64281 542119
 3 105 1 73 1 60 1 10 232869 1778738
 4 90 1 77 1 52 1 6 164348 1315624
 5 66 0 58 0 24 1 17 48571 482677
 6 106 1 76 1 55 1 11 188612 1151513
 7 55 1 44 1 36 1 12 42538 397626
 8 82 0 58 0 23 1 9 63404 623730
 9 74 1 61 1 58 1 13 126064 1108266
 10 81 0 39 1 24 1 9 42079 323784
 11 71 1 65 1 39 1 6 84376 834588
 12 105 0 97 0 47 1 11 266632 1680234
 38 2506205
 587 233 220 16980250 155404250
 12
 1 104 0 94 1 50 1 6 196300 1801571
 2 102 0 87 0 36 1 11 152326 936870
 3 115 0 42 1 33 1 15 95219 828280
 4 61 1 58 1 32 1 8 66740 462985
 5 70 1 62 1 48 1 6 103100 850019
 6 91 1 79 1 78 1 17 333980 2919886
 7 90 1 57 1 53 1 5 159362 998557
 8 78 0 68 0 25 1 8 65701 501258
 9 77 1 44 1 39 1 11 55862 501714
 10 97 1 89 1 56 1 8 271325 1979880
 11 58 0 38 1 26 1 18 33923 297629
 12 64 1 44 1 33 1 5 39201 381925
 39 2506305
 587 233 220 16256627 109835828
 12
 1 89 1 56 1 45 1 17 121692 975348
 2 53 1 37 1 34 1 18 30724 207371
 3 54 0 35 1 25 1 15 24547 200615
 4 73 0 39 1 33 1 24 50849 368770
 5 73 1 39 1 38 1 11 56136 518112
 6 50 1 42 1 29 1 19 32978 204346
 7 62 1 59 1 54 1 12 91606 574485
 8 98 0 53 1 44 1 16 134161 890500
 9 94 0 32 1 31 1 16 55933 452932
 10 97 0 64 0 28 1 16 78667 773358
 11 102 0 77 1 42 1 14 191412 1871201
 12 80 1 75 1 44 1 18 117606 1118874
 40 2506405
 587 233 220 16965540 133149051
 12
 1 85 1 77 1 62 1 8 229233 2156390
 2 94 0 63 1 32 1 8 84315 559731
 3 83 1 75 1 45 1 5 131966 920537
 4 95 1 95 1 54 1 5 284895 1913522
 5 76 0 76 0 30 1 13 101781 670189
 6 113 0 66 1 44 1 13 173571 1093271
 7 108 1 71 1 61 1 10 189452 1418710
 8 118 0 62 1 37 1 8 113805 708742
 9 93 1 58 1 48 1 12 125799 1068597
 10 60 0 32 1 29 1 12 23718 200880
 11 97 1 75 1 59 1 8 195685 1952901
 12 105 0 56 1 35 1 4 103205 896805
 41 2506505
 587 233 220 13012328 84262514
 12
 1 109 1 80 1 68 1 6 238416 2234865
 2 90 0 45 1 31 1 15 67227 619793
 3 66 1 56 1 34 1 12 55307 425032
 4 76 0 66 1 34 1 7 81176 626406
 5 111 0 80 1 53 1 10 255785 2017881
 6 86 0 59 0 29 1 16 62653 466197
 7 80 1 72 1 63 1 12 201256 1279464
 8 81 0 47 0 22 1 12 36459 267574
 9 114 1 80 1 64 1 8 287221 2164618
 10 90 0 37 1 32 1 12 63425 570095
 11 75 1 48 1 40 1 12 78952 763610
 12 67 1 52 1 45 1 11 67879 584212
 42 2506605
 587 233 220 12503999 113297927
 12
 1 76 1 74 1 50 1 16 158601 1317132
 2 86 0 40 1 29 1 7 42788 347006
 3 66 1 55 1 48 1 9 76410 714343
 4 75 0 57 1 37 1 5 80749 634814
 5 102 0 83 0 29 1 7 109329 857365
 6 74 1 58 1 52 1 9 112766 764443
 7 89 0 65 1 36 1 12 98103 606459
 8 99 1 68 1 67 1 16 266366 2037303
 9 80 1 78 1 66 1 8 224103 1866702
 10 65 1 57 1 45 1 12 86114 601940
 11 112 0 59 1 30 1 6 114828 1124192
 12 79 1 75 1 68 1 6 199515 1626170
 43 2506705
 587 233 220 14355249 143249291
 12
 1 82 1 80 1 71 1 10 266939 1873153
 2 66 0 37 1 27 1 6 36686 366756
 3 77 0 76 0 31 1 4 75527 593935
 4 100 0 56 1 38 1 8 106571 1031927
 5 93 1 86 1 67 1 9 243482 2135410
 6 89 0 76 0 30 1 11 117259 972015
 7 98 1 90 1 67 1 5 300906 2676705
 8 87 0 52 1 42 1 16 103805 693312
 9 53 1 42 1 35 1 10 32624 324171
 10 116 0 53 1 36 1 13 91593 684713
 11 85 1 79 1 46 1 7 177139 1479290
 12 106 0 91 0 24 1 14 120276 1128490
 44 2506805
 587 233 220 16354764 105093444
 12
 1 114 0 67 0 25 1 16 78113 595737
 2 92 0 79 0 25 1 15 106137 809364
 3 89 0 87 0 36 1 9 158047 1075479
 4 95 0 71 1 36 1 17 128017 1233469
 5 90 0 83 1 43 1 13 181698 1287288
 6 93 0 39 1 28 1 7 50089 355552
 7 69 0 54 1 31 1 10 63415 555816
 8 107 0 61 1 37 1 13 119580 719909
 9 98 0 52 1 40 1 12 98492 949860
 10 83 1 69 1 60 1 10 194766 1863550
 11 98 1 63 1 58 1 6 186705 1434054
 12 45 1 40 1 26 1 8 23908 201289
 45 2506905
 587 233 220 17268888 137279641
 12
 1 63 0 55 1 31 1 12 56007 553668
 2 120 0 43 1 23 1 10 62910 438410
 3 97 1 72 1 57 1 17 166793 1492638
 4 77 1 76 1 42 1 21 100347 635089
 5 93 0 74 0 20 1 18 75984 542018
 6 65 1 63 1 43 1 8 84962 807035
 7 108 0 71 1 40 1 9 159372 1437459
 8 79 0 36 1 21 1 15 30463 258047
 9 68 0 62 0 26 1 11 62294 527462
 10 68 1 50 1 40 1 17 63500 484662
 11 79 0 42 1 31 1 16 47306 322757
 12 76 0 56 1 38 1 17 72442 580919
 46 2507005
 587 233 220 13731995 115185079
 12
 1 86 0 58 1 36 1 8 95385 947738
 2 71 0 69 0 22 1 5 44615 289317
 3 108 0 78 1 54 1 11 208275 1486284
 4 104 1 58 1 57 1 9 183584 1554599
 5 96 1 65 1 58 1 9 180347 1292351
 6 58 0 37 1 26 1 11 32039 229512
 7 73 1 72 1 49 1 8 107666 851387
 8 98 1 67 1 56 1 5 207734 2076302
 9 117 0 89 0 23 1 9 103878 659762
 10 109 1 76 1 73 1 9 348607 3045930
 11 95 0 61 1 34 1 7 96709 686406
 12 106 0 73 1 49 1 8 177954 1233168
 47 2507105
 587 233 220 15261485 98891378
 12
 1 118 0 54 1 42 1 11 143444 982558
 2 112 0 95 0 20 1 11 95237 739115
 3 118 0 38 1 37 1 13 96704 740415
 4 76 0 38 1 38 1 17 54108 332938
 5 100 0 56 1 34 1 9 96053 881704
 6 100 0 73 1 50 1 13 196289 1681973
 7 75 0 58 1 36 1 14 67384 565862
 8 76 1 51 1 41 1 6 88870 602030
 9 82 0 75 1 39 1 15 114972 1067946
 10 84 1 76 1 44 1 11 145203 1095602
 11 80 1 68 1 50 1 12 115726 1004979
 12 61 0 46 1 28 1 14 41156 265417
 48 2507205
 587 233 220 12880440 98717468
 12
 1 59 1 49 1 48 1 4 80592 681010
 2 79 1 63 1 46 1 7 127422 1182256
 3 95 0 58 1 38 1 9 111515 1027369
 4 95 0 79 1 47 1 11 167318 1222567
 5 72 0 46 1 27 1 10 49568 311692
 6 88 1 74 1 72 1 9 196980 1455544
 7 90 1 77 1 67 1 9 225502 1613816
 8 96 0 59 1 36 1 10 119644 826452
 9 62 1 55 1 46 1 9 85587 630805
 10 92 0 77 1 43 1 17 130492 1093462
 11 100 0 66 1 41 1 8 159295 1467406
 12 76 1 72 1 44 1 8 116983 1145712
 49 2507305
 587 233 220 15869780 126206990
 12
 1 91 0 54 1 45 1 11 96081 790812
 2 105 1 77 1 72 1 6 238164 1441682
 3 79 1 78 1 48 1 14 119567 929471
 4 109 1 76 1 59 1 5 265500 2514524
 5 48 1 37 1 30 1 7 27214 228054
 6 44 1 37 1 27 1 9 24165 169671
 7 79 1 76 1 54 1 11 169066 1368125
 8 116 0 78 0 20 1 3 105998 1036812
 9 101 0 71 1 49 1 9 203843 1402381
 10 102 0 100 0 49 1 8 264283 2392165
 11 105 0 43 1 22 1 14 43387 298817
 12 107 1 84 1 61 1 7 290008 2166366
 50 2507405
 587 233 220 12784341 77479829
 12
 1 60 1 40 1 32 1 13 44892 407778
 2 98 1 75 1 55 1 14 195344 1673600
 3 60 1 59 1 39 1 19 59995 429436
 4 81 0 56 1 40 1 18 86517 753040
 5 119 0 34 1 25 1 14 54151 354209
 6 107 0 61 1 42 1 9 129272 1106128
 7 108 0 85 0 20 1 8 75525 748476
 8 97 0 66 1 45 1 13 129566 1284717
 9 66 0 35 1 26 1 18 34713 256238
 10 69 0 32 1 20 1 20 21670 142039
 11 78 0 63 1 38 1 16 106923 1023039
 12 95 0 77 1 47 1 10 181255 1452529
 51 2507505
 587 233 220 16812099 146657467
 12
 1 66 1 64 1 36 1 11 84796 822322
 2 97 1 73 1 49 1 13 174206 1405531
 3 69 1 60 1 43 1 23 103450 814226
 4 52 0 37 1 20 1 17 19554 188668
 5 109 0 63 1 37 1 18 105475 653505
 6 79 0 57 0 24 1 20 63861 395729
 7 95 0 72 0 22 1 18 68991 629033
 8 65 1 50 1 39 1 17 55083 506450
 9 98 0 42 1 30 1 17 62362 414159
 10 53 1 40 1 36 1 14 41637 253440
 11 82 1 54 1 51 1 15 126252 1138917
 12 77 0 33 1 31 1 12 38165 275697
 52 2507605
 587 233 220 16013751 118174641
 12
 1 96 0 72 0 31 1 10 94085 672014
 2 75 1 72 1 47 1 14 149769 1143205
 3 80 0 25 1 20 1 11 21806 170704
 4 114 1 94 1 61 1 11 375352 3349074
 5 100 0 40 1 39 1 11 70525 597161
 6 72 1 51 1 48 1 11 102585 828364
 7 36 1 28 1 24 1 7 13834 118900
 8 85 0 58 1 35 1 16 71383 700541
 9 85 1 84 1 58 1 8 182518 1771532
 10 95 0 48 0 24 1 17 61175 578403
 11 115 0 70 0 25 1 10 109385 1052053
 12 108 0 49 1 42 1 13 111330 1103173
 53 2507705
 587 233 220 17884203 142830227
 12
 1 78 0 37 1 27 1 11 34860 250475
 2 89 0 70 0 25 1 18 74584 671581
 3 90 0 84 0 41 1 7 176912 1388439
 4 85 0 75 1 42 1 11 117709 1076138
 5 91 0 77 1 44 1 10 179656 1354993
 6 114 1 87 1 71 1 9 334414 3320954
 7 90 0 37 1 25 1 10 47419 377187
 8 105 1 80 1 77 1 5 280613 1770757
 9 74 1 71 1 50 1 10 134178 1266516
 10 62 1 57 1 55 1 12 113157 1031265
 11 89 0 45 1 26 1 8 50011 495766
 12 65 1 54 1 47 1 11 80095 577906
 54 2507805
 587 233 220 17833565 138209005
 12
 1 99 0 68 0 23 1 20 69742 528160
 2 68 1 52 1 40 1 18 83237 780104
 3 101 1 66 1 61 1 16 206473 1552909
 4 57 0 56 0 22 1 13 33109 221770
 5 81 1 54 1 47 1 15 99671 815480
 6 86 0 34 1 25 1 19 34400 304829
 7 54 0 46 1 27 1 16 33606 271478
 8 95 0 65 1 34 1 14 100376 707382
 9 105 0 57 1 29 1 13 86304 621318
 10 120 0 63 0 28 1 12 105739 659044
 11 64 1 62 1 42 1 14 90502 754441
 12 78 0 65 0 21 1 13 51590 455498
 55 2507905
 587 233 220 14465530 93040457
 12
 1 100 0 94 0 28 1 15 109517 919088
 2 81 1 78 1 66 1 13 208057 1493292
 3 111 0 49 0 21 1 9 55226 488696
 4 119 0 63 1 37 1 16 139656 1170995
 5 72 0 50 1 30 1 10 58039 537867
 6 58 1 58 1 40 1 13 62402 466432
 7 108 0 55 1 29 1 9 91631 685157
 8 54 1 49 1 38 1 8 41697 377371
 9 69 1 46 1 44 1 17 59160 407384
 10 88 1 71 1 61 1 10 180124 1561455
 11 83 0 58 1 35 1 8 75064 637053
 12 108 0 77 0 37 1 8 157724 1159998
 56 2508005
 587 233 220 14226867 119279787
 12
 1 90 0 41 1 34 1 26 61140 392778
 2 64 0 32 1 28 1 19 33762 271854
 3 42 1 31 1 31 1 14 21957 178092
 4 94 0 90 0 44 1 11 211929 1807931
 5 68 1 63 1 53 1 12 100594 779333
 6 55 0 30 1 21 1 23 15085 129770
 7 72 0 64 0 31 1 20 80321 548459
 8 75 0 56 1 34 1 15 58058 535477
 9 62 0 34 1 31 1 18 27798 212764
 10 79 0 55 1 32 1 19 69712 436704
 11 99 0 74 0 27 1 22 85885 677017
 12 89 1 54 1 48 1 19 123698 930700
 57 2508105
 587 233 220 12176580 77497666
 12
 1 85 0 73 1 40 1 5 99562 711126
 2 73 1 62 1 54 1 9 121094 1000568
 3 90 0 63 1 41 1 9 131115 937950
 4 75 0 61 0 24 1 13 58584 580878
 5 57 1 53 1 44 1 10 54740 514622
 6 93 0 70 1 45 1 8 131986 1014964
 7 73 0 36 1 33 1 8 39671 306796
 8 95 1 80 1 75 1 7 305039 1859455
 9 93 1 89 1 78 1 7 373860 2907768
 10 113 1 87 1 65 1 6 345417 2099076
 11 72 0 46 1 30 1 13 52392 446019
 12 100 1 78 1 70 1 9 304216 2999248
 58 2508205
 587 233 220 13292845 85290639
 12
 1 105 0 81 1 46 1 18 198704 1331630
 2 115 1 81 1 61 1 6 243790 2220496
 3 72 0 51 0 23 1 12 46775 287330
 4 65 1 56 1 33 1 9 57278 542026
 5 60 0 44 0 21 1 10 31874 220646
 6 85 1 69 1 65 1 11 186748 1510121
 7 90 0 82 0 35 1 6 136387 1074118
 8 115 1 94 1 64 1 8 397281 3108239
 9 80 0 53 1 33 1 10 79367 618010
 10 95 0 81 0 37 1 6 157141 1070659
 11 66 1 46 1 45 1 8 55272 481612
 12 109 0 36 1 25 1 11 56010 515337
 59 2508305
 587 233 220 14372135 121345186
 12
 1 76 1 52 1 46 1 13 96499 693919
 2 66 0 59 1 31 1 15 51280 376661
 3 62 1 55 1 44 1 18 77208 538893
 4 95 0 46 1 36 1 12 74439 586250
 5 63 1 59 1 35 1 7 73793 593569
 6 100 0 37 1 32 1 7 52143 494450
 7 91 0 54 1 37 1 11 79878 524580
 8 49 1 44 1 36 1 14 34786 216358
 9 109 0 66 1 49 1 15 159901 1048004
 10 69 0 48 1 27 1 15 46125 434711
 11 109 1 85 1 62 1 15 272591 2202954
 12 48 1 47 1 42 1 12 43579 262489
 60 2508405
 587 233 220 12953480 116740441
 12
 1 78 1 72 1 58 1 10 182843 1521038
 2 107 1 57 1 57 1 11 168062 1043685
 3 72 1 64 1 37 1 15 91929 735542
 4 93 0 66 0 26 1 13 86966 615202
 5 116 0 67 1 35 1 12 148723 1313712
 6 101 0 56 1 39 1 11 90424 705551
 7 108 0 100 0 39 1 9 209642 1292146
 8 64 1 55 1 33 1 9 48114 347995
 9 73 1 65 1 53 1 7 132600 1284361
 10 106 0 41 1 35 1 10 70694 566589
 11 82 0 78 0 28 1 11 84650 658545
 12 79 1 59 1 58 1 9 150562 1414531
 61 2508505
 587 233 220 12054116 81243158
 12
 1 109 1 68 1 64 1 5 258964 1662504
 2 84 1 58 1 55 1 5 147357 995529
 3 96 0 83 0 24 1 8 87422 644420
 4 74 0 67 1 37 1 11 101303 691670
 5 107 1 73 1 70 1 7 259437 1901099
 6 80 1 73 1 54 1 7 130612 1116650
 7 72 0 41 1 33 1 13 50637 340477
 8 84 1 79 1 74 1 6 206114 1493129
 9 40 0 37 1 20 1 12 16028 148782
 10 74 1 73 1 42 1 6 131192 1270002
 11 55 1 48 1 33 1 9 41600 312306
 12 109 1 74 1 70 1 17 303719 2358134
 62 2508605
 587 233 220 17639287 113671848
 12
 1 70 1 63 1 50 1 14 100990 733445
 2 100 0 53 1 34 1 9 105641 712051
 3 93 0 78 1 45 1 7 171787 1497217
 4 100 0 55 1 48 1 11 137237 1015709
 5 98 1 73 1 50 1 9 188209 1318724
 6 69 1 45 1 43 1 11 77986 494318
 7 43 1 42 1 36 1 7 31337 307048
 8 104 1 92 1 63 1 11 245840 1616730
 9 93 0 36 1 26 1 11 42290 354969
 10 50 1 45 1 41 1 17 39086 372149
 11 119 0 67 1 50 1 9 201309 1212988
 12 82 0 49 1 30 1 15 56677 405374
 63 2508705
 587 233 220 16448786 110002844
 12
 1 82 1 76 1 59 1 8 183126 1287291
 2 60 1 51 1 50 1 11 73498 644896
 3 104 1 66 1 61 1 6 182176 1121569
 4 71 0 36 1 28 1 11 39179 387764
 5 89 0 77 0 26 1 5 96574 897005
 6 108 1 84 1 66 1 8 319236 3023586
 7 90 0 51 1 45 1 12 94408 777500
 8 48 1 35 1 33 1 10 29452 234260
 9 89 1 57 1 52 1 8 119986 977084
 10 99 1 77 1 58 1 6 228375 1525449
 11 92 1 86 1 66 1 9 211679 1890959
 12 93 0 80 1 46 1 11 160827 1386438
 64 2508805
 587 233 220 16302773 122706118
 12
 1 114 0 54 0 20 1 8 57457 500377
 2 92 1 87 1 50 1 12 177246 1598597
 3 114 0 43 1 26 1 10 61342 494268
 4 93 0 69 1 42 1 4 142104 1315600
 5 80 1 79 1 64 1 9 238797 2232097
 6 99 0 80 0 29 1 16 128921 1136403
 7 60 1 54 1 47 1 8 78899 688118
 8 54 1 53 1 32 1 7 36711 335155
 9 113 1 75 1 68 1 14 289024 2290940
 10 67 1 66 1 49 1 10 107533 930056
 11 65 0 30 1 21 1 8 20103 168209
 12 110 0 63 0 29 1 9 96364 708793
 65 2508905
 587 233 220 14878451 140530877
 12
 1 55 0 50 1 26 1 7 30968 270034
 2 48 1 42 1 37 1 14 36575 343144
 3 47 1 34 1 26 1 9 19486 155952
 4 104 0 74 1 50 1 15 156589 1316875
 5 83 0 70 1 40 1 16 126209 1045599
 6 53 1 52 1 38 1 15 47181 421099
 7 108 0 69 1 49 1 19 156939 1331446
 8 78 1 73 1 72 1 13 228375 2168706
 9 77 0 62 0 24 1 12 46463 294750
 10 74 0 34 1 21 1 15 24911 225276
 11 49 1 38 1 37 1 15 37109 343661
 12 79 1 50 1 40 1 10 93786 857370
 66 2509005
 587 233 220 14536380 136837605
 12
 1 87 0 45 1 32 1 14 60987 546088
 2 84 1 63 1 46 1 10 116622 712732
 3 84 1 67 1 44 1 10 142522 1050819
 4 76 0 55 1 30 1 7 70514 645456
 5 87 1 78 1 61 1 12 207333 2055562
 6 115 0 77 1 53 1 3 191214 1723711
 7 78 1 72 1 51 1 9 171761 1335663
 8 93 1 91 1 62 1 11 215860 1432106
 9 48 1 41 1 40 1 8 38680 283341
 10 92 1 82 1 53 1 7 231084 1806990
 11 102 1 69 1 54 1 7 176642 1694204
 12 80 0 52 1 34 1 10 64585 516466
 67 2509105
 587 233 220 12259122 79424481
 12
 1 119 0 41 1 38 1 13 109140 658846
 2 90 0 44 1 35 1 11 66984 643425
 3 67 0 55 0 27 1 8 45822 344974
 4 71 1 47 1 36 1 11 66260 654881
 5 90 1 55 1 51 1 8 130127 1222835
 6 87 0 68 1 40 1 14 126760 1252364
 7 87 0 53 1 36 1 12 74153 719899
 8 113 0 47 1 34 1 11 87092 843514
 9 97 0 56 1 35 1 12 88595 862894
 10 90 0 60 0 25 1 16 67518 625570
 11 88 1 75 1 70 1 11 210480 1911528
 12 111 0 64 1 51 1 14 208089 1512167
 68 2509205
 587 233 220 12693511 102487860
 12
 1 60 1 44 1 36 1 6 54062 328034
 2 76 1 42 1 40 1 9 70494 562201
 3 65 1 49 1 48 1 8 70317 598014
 4 109 0 92 1 51 1 8 283660 2233010
 5 93 0 42 1 31 1 10 65213 420017
 6 83 1 64 1 59 1 9 152524 1042990
 7 96 1 90 1 55 1 6 247576 2214920
 8 52 1 42 1 31 1 9 34953 321216
 9 98 1 72 1 61 1 10 207930 2076835
 10 118 0 98 1 57 1 12 372104 2717036
 11 48 1 31 1 25 1 5 21399 140878
 12 75 1 67 1 50 1 11 131709 1017798
 69 2509305
 587 233 220 14369452 115880785
 12
 1 91 0 50 1 32 1 14 61066 530652
 2 118 0 66 1 40 1 19 126971 978072
 3 75 0 69 0 32 1 9 92101 888204
 4 81 0 73 0 32 1 15 88643 627822
 5 97 0 69 0 33 1 13 124858 1174225
 6 97 0 31 1 27 1 13 40277 273290
 7 57 1 54 1 29 1 15 36250 257202
 8 77 1 71 1 62 1 8 164298 1021563
 9 116 0 84 0 27 1 15 119159 940880
 10 85 0 30 1 29 1 13 34855 249636
 11 112 0 51 1 41 1 13 131576 807871
 12 87 0 81 0 23 1 11 85791 692476
 70 2509405
 587 233 220 14482270 108787200
 12
 1 56 0 32 1 28 1 7 28213 247211
 2 92 0 68 1 39 1 8 99503 705859
 3 90 0 86 0 29 1 7 121901 850979
 4 73 1 54 1 52 1 10 116898 1023616
 5 114 0 100 0 45 1 13 274744 1694970
 6 94 0 51 1 36 1 15 83732 717187
 7 108 0 59 1 38 1 9 124900 839922
 8 89 1 82 1 61 1 10 244314 2106189
 9 81 1 71 1 43 1 7 147335 1418503
 10 61 1 53 1 37 1 9 62634 410612
 11 85 1 70 1 58 1 8 152340 1020633
 12 111 0 98 0 39 1 6 233389 1643192
 71 2509505
 587 233 220 12403347 82454121
 12
 1 99 1 64 1 62 1 18 221125 1413808
 2 110 0 43 1 37 1 15 95745 588456
 3 96 1 73 1 50 1 8 190148 1424700
 4 114 0 53 1 35 1 9 95819 670013
 5 105 0 27 1 22 1 9 33854 222615
 6 75 1 66 1 51 1 11 143904 975253
 7 72 1 61 1 48 1 12 86818 568026
 8 102 0 46 1 32 1 14 77645 721519
 9 59 1 57 1 45 1 13 75481 693451
 10 111 0 45 1 33 1 9 88797 832803
 11 90 1 74 1 58 1 7 222820 1650057
 12 55 1 51 1 34 1 16 54123 349570
 72 2509605
 587 233 220 14078985 127858296
 12
 1 96 1 95 1 68 1 11 320784 2619948
 2 69 1 61 1 35 1 5 59782 423822
 3 107 1 70 1 55 1 11 245659 2409538
 4 92 0 85 0 34 1 9 109467 1085509
 5 96 0 60 1 31 1 9 100484 656068
 6 66 1 38 1 38 1 12 53379 438120
 7 63 1 57 1 36 1 15 71240 491985
 8 51 1 31 1 31 1 14 28675 226357
 9 100 0 75 1 44 1 10 181519 1650637
 10 78 1 66 1 53 1 14 110548 764534
 11 33 1 32 1 29 1 15 16894 121464
 12 81 1 72 1 45 1 10 144987 1087839
 73 2509705
 587 233 220 17072161 110285122
 12
 1 90 0 73 1 37 1 8 130855 1153012
 2 102 0 95 0 33 1 15 131658 1274342
 3 117 0 38 1 30 1 13 64131 564794
 4 75 1 73 1 57 1 8 180227 1322346
 5 86 0 36 1 34 1 9 45270 434793
 6 101 1 81 1 62 1 10 227809 2251332
 7 90 1 66 1 65 1 14 218409 1317619
 8 76 1 69 1 51 1 7 146584 1337238
 9 65 0 30 1 30 1 13 28599 219407
 10 61 1 46 1 37 1 12 61352 418204
 11 96 0 52 1 45 1 9 134660 1239599
 12 112 0 57 0 27 1 9 89862 744579
 74 2509805
 587 233 220 12951765 105376330
 12
 1 86 1 79 1 69 1 7 226735 1582014
 2 53 1 46 1 31 1 7 38158 298528
 3 96 0 51 1 37 1 11 107876 911268
 4 119 0 55 1 54 1 9 185845 1222936
 5 77 0 74 0 37 1 8 84690 792760
 6 96 0 73 0 24 1 9 100078 986178
 7 75 1 67 1 54 1 5 114669 1086123
 8 88 1 71 1 61 1 11 185747 1827346
 9 120 0 93 0 46 1 6 237362 2035158
 10 104 1 70 1 69 1 9 260978 1831043
 11 72 1 69 1 61 1 12 169438 1684644
 12 68 1 51 1 43 1 7 86750 595358
 75 2509905
 587 233 220 16670153 145184935
 12
 1 101 0 81 0 24 1 9 91268 640623
 2 94 0 72 0 29 1 12 96027 657464
 3 79 1 72 1 47 1 11 129285 985371
 4 90 0 36 1 35 1 14 50480 436750
 5 68 1 51 1 40 1 11 57686 519184
 6 48 1 45 1 35 1 7 41264 294712
 7 108 1 84 1 69 1 9 303841 2206186
 8 91 0 45 1 31 1 6 67412 628456
 9 84 1 80 1 62 1 9 246053 2329365
 10 77 1 71 1 41 1 11 126952 1016346
 11 91 0 78 1 42 1 4 133717 1132469
 12 82 1 80 1 60 1 13 166045 1639892
 76 2510005
 587 233 220 13236460 125001421
 12
 1 77 0 42 1 30 1 12 40502 317416
 2 98 0 45 1 28 1 7 72882 541027
 3 61 1 58 1 32 1 5 46378 343489
 4 92 1 77 1 61 1 13 198307 1748493
 5 58 0 44 1 27 1 11 32317 213788
 6 108 0 72 1 50 1 6 163139 1504739
 7 93 1 72 1 71 1 11 219039 1715133
 8 111 0 49 1 30 1 13 68770 568049
 9 79 1 66 1 49 1 10 129043 1175593
 10 85 0 74 1 39 1 9 127472 962931
 11 106 0 34 1 33 1 9 47915 350358
 12 113 1 91 1 76 1 7 333061 2541081
 77 2510105
 587 233 220 13968842 125382444
 12
 1 73 0 73 0 36 1 16 115018 914421
 2 87 0 49 1 26 1 12 64843 508832
 3 68 1 53 1 44 1 10 66398 450628
 4 73 0 57 1 33 1 24 74090 634265
 5 65 1 49 1 47 1 13 78684 712068
 6 80 0 65 1 35 1 15 83803 549584
 7 72 0 35 1 26 1 18 32572 314637
 8 75 1 68 1 40 1 14 100045 729633
 9 104 0 53 1 34 1 17 112223 851013
 10 97 0 93 0 45 1 16 191732 1916245
 11 79 1 54 1 49 1 10 87005 819094
 12 52 1 32 1 27 1 6 19500 171993
 78 2510205
 587 233 220 14972647 110218812
 12
 1 105 0 68 1 42 1 12 168791 1423027
 2 75 0 37 1 24 1 19 28322 229106
 3 79 0 73 0 26 1 14 79461 773867
 4 95 0 53 1 38 1 15 105383 883444
 5 50 1 41 1 40 1 10 38300 263543
 6 80 1 59 1 52 1 8 100940 687596
 7 90 0 74 0 35 1 15 131359 810866
 8 87 1 60 1 60 1 16 130207 912848
 9 68 1 50 1 39 1 14 59609 364129
 10 78 0 64 0 25 1 12 62253 614104
 11 73 1 65 1 52 1 12 147869 1028358
 12 83 0 48 1 38 1 16 82853 817039
 79 2510305
 587 233 220 13796167 105722098
 12
 1 64 1 48 1 46 1 14 62459 449506
 2 79 0 25 1 22 1 23 21104 183199
 3 89 0 85 0 33 1 19 104433 1015938
 4 79 0 66 1 34 1 17 92955 834320
 5 79 0 54 1 31 1 16 79107 635511
 6 115 0 95 0 22 1 11 108137 676476
 7 76 1 54 1 44 1 20 98041 897294
 8 80 0 44 1 29 1 10 43877 296772
 9 66 0 33 1 26 1 15 25221 212028
 10 50 1 32 1 32 1 15 22801 147908
 11 116 0 93 0 21 1 19 120986 955167
 12 113 0 64 1 50 1 11 213151 1480837
 80 2510405
 587 233 220 14652372 132252503
 12
 1 78 1 59 1 54 1 11 125732 1084934
 2 120 0 52 0 20 1 11 69089 417375
 3 100 1 67 1 54 1 12 169594 1660113
 4 91 0 59 1 37 1 9 114561 968983
 5 112 0 57 1 56 1 17 146871 950068
 6 88 0 46 1 34 1 16 59600 480671
 7 108 0 78 1 53 1 12 239168 1691348
 8 100 0 48 1 29 1 17 78494 534082
 9 89 0 88 0 21 1 5 85013 691056
 10 90 0 40 1 21 1 9 44077 332249
 11 89 0 37 1 36 1 12 54520 331385
 12 62 0 53 0 20 1 12 39372 378843
 81 2510505
 587 233 220 12636138 77663119
 12
 1 110 0 60 1 55 1 6 203482 1504115
 2 80 1 78 1 71 1 9 192028 1229150
 3 110 0 75 1 50 1 4 210685 1485783
 4 100 0 72 1 40 1 11 122533 1099219
 5 103 0 60 1 32 1 6 93117 585907
 6 70 1 60 1 49 1 10 85520 676705
 7 80 1 72 1 62 1 7 143882 1362163
 8 120 1 74 1 67 1 11 273857 1973240
 9 75 0 52 1 37 1 7 84853 557866
 10 57 1 54 1 48 1 6 70188 490112
 11 62 1 55 1 53 1 10 97310 632839
 12 83 0 73 0 36 1 14 107702 856274
 82 2510605
 587 233 220 16765810 103653093
 12
 1 65 1 51 1 50 1 11 80716 802360
 2 113 0 78 0 28 1 9 101859 913371
 3 120 0 35 1 32 1 10 64168 416914
 4 71 0 53 0 20 1 12 42566 271555
 5 94 1 70 1 64 1 10 235760 2039071
 6 64 0 33 1 32 1 14 31548 248570
 7 71 0 35 1 21 1 9 29962 250514
 8 85 1 59 1 49 1 11 125663 901970
 9 108 0 62 1 53 1 14 181932 1518262
 10 116 0 56 0 25 1 16 71602 704158
 11 75 0 69 1 35 1 6 102701 636258
 12 114 0 85 1 53 1 13 273590 1791094
 83 2510705
 587 233 220 17592744 156202250
 12
 1 83 1 71 1 46 1 14 144796 1364702
 2 76 1 63 1 54 1 11 143848 1044257
 3 91 0 56 1 40 1 9 95815 686504
 4 61 1 42 1 34 1 12 37625 313792
 5 84 1 67 1 47 1 12 148673 1157728
 6 95 1 79 1 57 1 12 243983 1619593
 7 90 0 80 0 23 1 11 67410 558666
 8 69 0 43 1 28 1 12 40736 396680
 9 72 1 69 1 48 1 5 97830 962284
 10 83 1 64 1 58 1 9 164197 1332741
 11 99 0 94 0 24 1 13 119859 1101274
 12 96 1 69 1 53 1 7 192115 1785064
 84 2510805
 587 233 220 15781303 118500599
 12
 1 114 0 77 1 42 1 8 168340 1373090
 2 105 1 81 1 74 1 14 299691 2901489
 3 76 1 73 1 50 1 14 146375 943991
 4 104 0 91 0 41 1 13 229474 2129997
 5 75 0 70 0 23 1 14 59064 365670
 6 93 0 67 0 20 1 11 49898 412859
 7 89 0 54 0 25 1 15 49256 433473
 8 89 0 46 1 28 1 9 47728 424171
 9 36 1 35 1 24 1 8 13743 92669
 10 72 0 50 1 29 1 10 62173 523139
 11 72 1 41 1 38 1 12 55393 417864
 12 84 0 32 1 24 1 10 28750 235483
 85 2510905
 587 233 220 16537038 100746389
 12
 1 55 0 37 1 22 1 17 24500 148603
 2 72 0 55 1 31 1 7 66701 518516
 3 61 1 56 1 36 1 10 69512 657079
 4 76 0 72 0 22 1 10 59901 542208
 5 74 1 66 1 61 1 11 175914 1427625
 6 43 1 39 1 32 1 10 23185 175190
 7 108 0 98 0 27 1 11 164603 995439
 8 109 1 73 1 65 1 11 224928 2196894
 9 97 0 92 0 40 1 6 212472 1881543
 10 109 1 80 1 62 1 14 224678 1991001
 11 57 1 57 1 45 1 4 60490 452741
 12 114 0 43 1 41 1 15 103794 622808
 86 2511005
 587 233 220 16710103 116768122
 12
 1 87 0 33 1 28 1 9 41610 367148
 2 97 1 70 1 57 1 17 174346 1197418
 3 71 1 57 1 38 1 10 73746 511108
 4 63 1 53 1 47 1 12 86186 853555
 5 77 0 56 1 37 1 9 83740 702870
 6 102 0 67 1 47 1 9 177847 1660127
 7 72 0 31 1 29 1 10 34970 307652
 8 84 0 58 1 38 1 7 110122 996003
 9 84 1 57 1 56 1 14 138694 993980
 10 88 0 76 0 33 1 11 98026 919429
 11 109 1 76 1 73 1 8 287232 2586762
 12 57 1 55 1 54 1 10 87747 707849
 87 2511105
 587 233 220 17664516 112575668
 12
 1 119 0 34 1 28 1 9 65284 477293
 2 84 1 69 1 48 1 13 117964 1008472
 3 97 1 82 1 78 1 11 260232 2464578
 4 109 0 43 1 33 1 14 77022 730218
 5 80 1 75 1 47 1 8 138795 862464
 6 74 0 62 0 30 1 10 65325 462785
 7 40 1 35 1 31 1 9 25478 182725
 8 58 0 43 1 26 1 8 32540 218194
 9 111 1 73 1 71 1 10 334927 2222845
 10 95 0 66 1 43 1 6 141186 997739
 11 96 0 82 0 28 1 9 117642 1169230
 12 84 1 73 1 66 1 6 242604 2340694
 88 2511205
 587 233 220 14374430 134665748
 12
 1 100 0 60 1 40 1 9 117218 1122744
 2 89 0 67 1 34 1 15 113523 809060
 3 92 0 80 0 38 1 15 155482 1419643
 4 90 0 81 0 24 1 13 83103 780643
 5 84 0 52 1 38 1 14 86059 531634
 6 77 1 54 1 46 1 19 101094 998796
 7 90 0 49 1 33 1 11 76069 651387
 8 78 0 45 1 27 1 13 56827 428221
 9 76 0 57 0 28 1 17 71066 677514
 10 102 0 38 1 27 1 13 44629 414070
 11 55 1 45 1 39 1 13 39458 359609
 12 115 0 78 0 29 1 19 137593 964891
 89 2511305
 587 233 220 12333711 101660461
 12
 1 95 0 92 0 46 1 5 190865 1877219
 2 65 1 60 1 40 1 10 73840 634990
 3 103 1 62 1 59 1 8 189539 1307231
 4 71 1 65 1 52 1 8 96665 641739
 5 119 0 87 0 28 1 4 169549 1555101
 6 109 1 92 1 78 1 11 382046 3553359
 7 58 1 54 1 35 1 11 47170 445191
 8 98 1 73 1 64 1 8 185265 1607626
 9 44 1 44 1 40 1 8 35545 228970
 10 70 0 69 1 35 1 4 77507 745399
 11 119 0 61 1 58 1 10 239740 1922724
 12 89 1 55 1 45 1 6 102756 968328
 90 2511405
 587 233 220 13721070 113004231
 12
 1 91 0 52 1 33 1 7 77091 732076
 2 87 1 81 1 63 1 6 227161 2220460
 3 113 0 79 1 45 1 15 169719 1560407
 4 114 0 52 1 45 1 8 152790 1255852
 5 110 1 90 1 66 1 4 388584 3047317
 6 81 0 41 1 31 1 8 55919 405552
 7 108 0 67 1 37 1 9 123766 758857
 8 118 0 82 1 57 1 9 222995 2076718
 9 96 0 60 0 30 1 7 100121 987864
 10 43 1 42 1 36 1 11 36745 233700
 11 93 1 78 1 77 1 8 226254 1982405
 12 85 0 62 0 25 1 7 77383 564229
 91 2511505
 587 233 220 15343290 92216254
 12
 1 86 1 65 1 57 1 7 155670 1398365
 2 61 1 37 1 32 1 10 41799 341167
 3 39 1 33 1 27 1 10 15982 120762
 4 85 0 33 1 26 1 11 35917 218472
 5 101 0 94 0 42 1 6 185481 1302086
 6 65 1 53 1 46 1 15 76524 467383
 7 76 1 72 1 39 1 10 91633 791068
 8 47 1 42 1 25 1 14 21686 177316
 9 93 1 76 1 60 1 15 203858 1430146
 10 95 1 74 1 51 1 14 153218 1499332
 11 97 0 66 0 32 1 14 122497 905398
 12 116 0 78 0 37 1 12 189017 1831877
 92 2511605
 587 233 220 15347478 111976780
 12
 1 96 1 82 1 63 1 12 203738 1586005
 2 74 1 63 1 59 1 6 114144 812156
 3 86 0 60 1 43 1 13 119337 899686
 4 90 1 67 1 57 1 7 175013 1492373
 5 97 1 91 1 80 1 10 292346 1911603
 6 116 0 61 0 28 1 14 90966 660147
 7 86 0 41 1 35 1 7 65956 491120
 8 67 0 44 1 26 1 11 35775 279000
 9 115 0 79 0 31 1 7 124280 1147583
 10 62 1 59 1 46 1 9 91745 575313
 11 49 1 41 1 39 1 14 40446 248094
 12 55 1 48 1 33 1 6 40646 350979
 93 2511705
 587 233 220 15749530 123062028
 12
 1 78 0 69 1 37 1 8 114790 865327
 2 115 1 90 1 58 1 7 343649 2459070
 3 68 0 53 0 20 1 8 39566 314619
 4 119 0 71 1 47 1 7 206115 1604539
 5 100 1 82 1 57 1 7 210724 2022085
 6 88 1 76 1 52 1 4 151696 1182906
 7 95 0 90 0 43 1 4 147549 1097511
 8 87 1 72 1 62 1 7 184001 1836040
 9 80 1 66 1 47 1 10 125339 785093
 10 120 1 78 1 67 1 7 323731 2857429
 11 103 1 65 1 60 1 7 189559 1368252
 12 86 1 60 1 50 1 8 132910 905622
 94 2511805
 587 233 220 14797592 103335735
 12
 1 75 1 73 1 69 1 8 168538 1544756
 2 66 1 56 1 40 1 12 77551 604988
 3 64 1 51 1 41 1 14 66755 532411
 4 90 0 52 1 28 1 15 73718 473065
 5 73 0 33 1 28 1 16 38748 314877
 6 91 1 76 1 60 1 13 206281 1450254
 7 54 1 45 1 28 1 9 27894 238253
 8 107 1 81 1 56 1 12 253100 2265136
 9 63 1 53 1 44 1 6 68967 473847
 10 88 1 75 1 50 1 11 148443 1330331
 11 79 0 76 0 20 1 9 63748 478596
 12 116 1 71 1 66 1 5 299616 2512572
 95 2511905
 587 233 220 17785403 125367896
 12
 1 101 0 69 0 20 1 14 60017 439060
 2 108 0 66 1 54 1 14 203952 1647174
 3 74 0 62 1 33 1 12 64311 530963
 4 69 0 61 1 33 1 16 64464 570826
 5 71 0 64 0 31 1 24 76867 589596
 6 38 1 32 1 30 1 14 16466 100068
 7 108 0 47 1 37 1 17 111148 691965
 8 100 0 41 1 36 1 13 78571 690621
 9 99 0 79 0 39 1 11 174849 1550755
 10 83 0 55 0 22 1 16 50484 376430
 11 99 0 49 1 36 1 15 102420 857433
 12 83 0 56 0 22 1 20 48962 418172
 96 2512005
 587 233 220 17224596 157755928
 12
 1 64 0 42 1 26 1 14 30780 279647
 2 92 1 58 1 52 1 14 163007 1383286
 3 92 0 85 0 21 1 11 74476 461693
 4 90 0 49 1 33 1 11 70519 563895
 5 54 1 48 1 34 1 16 39959 295429
 6 95 0 62 1 45 1 10 130220 1272835
 7 72 1 49 1 46 1 12 90642 565033
 8 56 0 42 1 25 1 9 29986 197407
 9 64 0 34 1 26 1 18 31727 288683
 10 113 0 90 1 54 1 11 321940 3120602
 11 113 0 52 1 42 1 13 114197 1081650
 12 94 0 86 0 38 1 16 123950 1165915
 97 2512105
 587 233 220 16077792 112451426
 12
 1 74 0 60 1 32 1 13 67225 533032
 2 100 0 50 1 43 1 10 110981 767427
 3 95 0 74 1 42 1 11 162576 1263741
 4 95 0 70 0 30 1 14 115617 1059741
 5 45 1 37 1 24 1 13 19906 194379
 6 67 0 60 0 25 1 13 59601 400343
 7 55 1 51 1 35 1 13 40836 389871
 8 76 1 71 1 61 1 7 149805 1108708
 9 119 0 88 1 51 1 12 299061 2010866
 10 98 0 81 0 26 1 9 92144 661017
 11 86 1 69 1 61 1 11 178389 1709127
 12 117 0 54 1 30 1 11 77132 527824
 98 2512205
 587 233 220 15056356 104821948
 12
 1 106 0 55 1 38 1 12 128937 1193308
 2 69 1 50 1 48 1 19 70228 632478
 3 106 1 63 1 57 1 11 201816 1984559
 4 71 1 66 1 51 1 11 116765 989910
 5 62 1 41 1 36 1 15 49263 479314
 6 75 1 49 1 39 1 5 81624 505805
 7 90 1 64 1 53 1 10 177176 1088794
 8 96 1 79 1 55 1 9 204557 1699948
 9 83 1 75 1 67 1 12 169448 1038965
 10 58 1 48 1 30 1 12 44289 280448
 11 81 0 59 0 24 1 7 58578 460551
 12 71 1 56 1 41 1 10 73242 567549
 99 2512305
 587 233 220 12454277 83995321
 12
 1 51 1 46 1 44 1 20 47350 388154
 2 95 0 92 1 47 1 16 181195 1345959
 3 116 0 39 1 23 1 12 49205 444745
 4 51 1 37 1 32 1 8 32582 259671
 5 117 0 44 1 38 1 8 110039 1079101
 6 103 1 89 1 73 1 9 326480 2625092
 7 73 1 55 1 54 1 13 98524 872140
 8 116 0 98 0 40 1 10 270078 2040849
 9 62 0 48 0 22 1 9 33156 273398
 10 106 0 38 1 30 1 8 66509 404444
 11 100 0 40 1 32 1 14 61031 565759
 12 87 0 53 0 26 1 8 51312 339501
 100 2512405
 587 233 220 13896253 83598242
 12
 1 78 1 49 1 47 1 8 75292 566397
 2 46 1 45 1 43 1 13 49470 465666
 3 98 0 44 1 36 1 10 87926 555831
 4 100 0 89 0 31 1 11 120879 1156298
 5 108 0 76 1 47 1 7 170147 1581567
 6 75 0 36 1 28 1 12 45230 302104
 7 108 1 82 1 56 1 16 292647 2448660
 8 45 1 41 1 24 1 14 20973 152778
 9 103 0 48 1 38 1 11 78152 667882
 10 74 1 62 1 46 1 10 120152 1198877
 11 96 0 56 1 44 1 10 101289 786090
 12 117 0 64 1 42 1 13 150165 1193422
