100
 1 2502505
 587 233 220 16011278 108984436
 15
 1 108 0 76 0 30 1 12 115463 1008588
 2 110 0 43 1 25 1 12 61988 579146
 3 92 1 81 1 55 1 6 208478 2080361
 4 81 0 33 1 28 1 9 41806 292378
 5 120 1 99 1 73 1 5 397399 3343955
 6 111 0 70 1 48 1 12 151642 1434833
 7 98 0 72 1 46 1 9 150115 1261717
 8 95 0 66 0 31 1 10 116348 913390
 9 85 0 84 0 30 1 8 87771 626862
 10 71 0 32 1 25 1 3 29200 274219
 11 36 1 34 1 25 1 10 13594 93279
 12 97 1 67 1 62 1 7 222118 2011840
 13 33 1 25 1 23 1 7 8426 80833
 14 95 0 27 1 26 1 10 27466 185280
 15 94 0 81 1 44 1 9 156128 1282921
 2 2502605
 587 233 220 17096806 170539823
 15
 1 49 0 25 1 21 1 13 12622 82617
 2 60 1 51 1 41 1 9 67495 545724
 3 103 1 76 1 64 1 8 240354 1755869
 4 95 1 70 1 62 1 6 211598 1625936
 5 111 0 49 1 26 1 10 72026 619762
 6 85 1 84 1 72 1 10 206268 1818675
 7 48 1 36 1 31 1 10 23676 146533
 8 86 0 76 0 38 1 12 119088 724657
 9 71 1 48 1 47 1 14 69171 639798
 10 90 0 43 1 33 1 9 64696 457960
 11 98 0 52 1 44 1 9 110918 903102
 12 73 0 37 1 23 1 10 28942 242455
 13 61 1 48 1 39 1 14 67998 499301
 14 75 1 75 1 63 1 11 211937 1350237
 15 74 1 42 1 40 1 4 51740 393929
 3 2502705
 587 233 220 15780671 127150731
 15
 1 97 0 81 0 27 1 6 106543 1041422
 2 102 0 78 0 39 1 6 169776 1187111
 3 113 0 46 1 36 1 15 112271 759855
 4 66 1 50 1 42 1 8 72342 478531
 5 101 0 30 1 26 1 6 44818 418595
 6 100 0 56 1 35 1 7 101870 691729
 7 91 0 50 1 40 1 12 104764 1017643
 8 106 1 61 1 56 1 10 192234 1706296
 9 103 1 63 1 58 1 8 190334 1597684
 10 75 1 57 1 41 1 11 93831 775708
 11 71 1 68 1 64 1 6 139440 1074517
 12 85 0 67 1 39 1 14 129153 1246182
 13 97 1 63 1 56 1 9 137374 1063464
 14 61 0 48 1 30 1 11 37019 288082
 15 80 0 54 1 35 1 9 85122 700846
 4 2502805
 587 233 220 15366308 118792074
 15
 1 113 0 92 0 33 1 8 189139 1289103
 2 52 1 37 1 28 1 12 22377 214888
 3 57 1 33 1 29 1 5 32426 198090
 4 99 0 37 1 30 1 12 53695 492481
 5 92 0 64 1 33 1 9 115196 770704
 6 119 0 59 1 39 1 12 136956 985268
 7 54 1 52 1 49 1 8 76401 527002
 8 75 0 45 1 35 1 6 67508 670489
 9 79 1 68 1 44 1 12 128081 1083826
 10 116 0 49 1 47 1 9 157188 1129149
 11 83 0 44 1 23 1 11 35078 224486
 12 98 1 96 1 56 1 10 272297 1700594
 13 78 1 72 1 57 1 8 142548 871650
 14 98 0 88 1 47 1 9 187338 1671311
 15 41 1 33 1 31 1 13 21479 170316
 5 2502905
 587 233 220 14204045 135274129
 15
 1 88 0 54 1 39 1 7 77403 534458
 2 94 0 54 1 36 1 5 75220 637221
 3 87 0 77 1 43 1 11 137728 1179652
 4 100 1 80 1 72 1 8 303890 2804924
 5 83 0 40 1 36 1 16 58100 488255
 6 91 0 54 0 22 1 13 43394 267435
 7 109 0 58 1 54 1 16 180757 1776576
 8 94 0 55 1 30 1 10 70725 680868
 9 34 1 32 1 31 1 8 19509 159427
 10 83 1 80 1 57 1 4 166090 1053320
 11 108 0 40 1 26 1 11 58499 485488
 12 72 0 37 1 32 1 8 49354 322707
 13 93 0 93 0 28 1 13 124409 951154
 14 71 0 56 1 33 1 10 59494 453246
 15 104 0 78 0 26 1 5 109250 760410
 6 2503005
 587 233 220 15551134 104604449
 15
 1 86 1 84 1 45 1 11 172982 1264836
 2 81 0 45 1 34 1 15 62275 442472
 3 70 1 54 1 37 1 12 83528 708110
 4 71 1 61 1 52 1 9 96202 835854
 5 78 1 73 1 40 1 10 118092 885474
 6 69 1 63 1 46 1 12 96762 915749
 7 72 1 67 1 56 1 9 118636 852998
 8 75 0 75 0 36 1 7 112759 735364
 9 94 1 88 1 50 1 8 236698 1970462
 10 65 1 51 1 50 1 10 96847 785875
 11 81 1 56 1 46 1 5 88986 596123
 12 68 0 44 1 27 1 6 34016 217943
 13 108 0 52 1 45 1 10 125618 898693
 14 114 0 80 1 44 1 7 221077 1944232
 15 84 0 39 1 22 1 7 32855 292189
 7 2503105
 587 233 220 15196302 93514359
 15
 1 118 0 79 1 51 1 9 238641 1520948
 2 86 0 32 1 31 1 9 42290 345677
 3 64 1 58 1 52 1 5 77241 568420
 4 42 1 42 1 32 1 9 29095 268361
 5 64 1 55 1 43 1 7 89251 566414
 6 84 0 70 0 35 1 10 122651 1218414
 7 76 0 57 1 36 1 11 82581 551504
 8 95 1 60 1 55 1 6 174162 1071249
 9 80 1 66 1 52 1 5 150557 1156241
 10 109 0 73 0 23 1 8 75812 612048
 11 72 1 65 1 54 1 9 101536 866427
 12 98 0 55 1 44 1 8 106889 880105
 13 88 0 61 1 31 1 8 67451 587387
 14 94 1 82 1 66 1 7 217308 2110739
 15 78 1 77 1 64 1 12 202946 1691365
 8 2503205
 587 233 220 16460425 112804890
 15
 1 75 1 58 1 57 1 6 134964 1090303
 2 57 1 37 1 30 1 5 26140 240146
 3 79 0 74 0 35 1 5 106784 710559
 4 104 1 99 1 74 1 11 307257 2603239
 5 55 1 46 1 31 1 7 44627 423980
 6 99 0 98 0 33 1 5 137903 1207456
 7 90 1 85 1 59 1 7 247171 1921862
 8 115 0 74 1 44 1 9 152893 1386070
 9 107 0 67 0 21 1 9 87769 840181
 10 81 1 76 1 55 1 8 151883 1217470
 11 118 0 84 0 27 1 4 124149 880680
 12 67 1 60 1 38 1 5 87178 613313
 13 78 1 48 1 46 1 7 85436 804149
 14 67 1 53 1 49 1 10 87407 638485
 15 74 1 43 1 38 1 6 63973 456711
 9 2503305
 587 233 220 13489343 85023685
 15
 1 90 1 70 1 63 1 2 237256 1636743
 2 84 0 78 0 28 1 6 94009 902908
 3 94 0 85 0 39 1 9 169914 1463490
 4 80 1 76 1 54 1 8 169773 1468668
 5 69 1 50 1 45 1 10 62120 546187
 6 70 1 57 1 37 1 8 63728 504516
 7 94 1 61 1 54 1 5 144954 986269
 8 92 0 44 1 29 1 8 63708 529018
 9 72 1 53 1 37 1 13 75966 608255
 10 89 0 43 1 27 1 8 49968 472209
 11 91 0 44 1 28 1 7 48080 382858
 12 78 1 76 1 68 1 11 219810 1456756
 13 84 0 61 1 33 1 5 93490 667163
 14 107 0 40 1 39 1 13 87157 673274
 15 114 1 75 1 69 1 11 332235 2773682
 10 2503405
 587 233 220 13996373 127853728
 15
 1 68 0 66 0 31 1 10 64947 444700
 2 120 0 34 1 26 1 6 58668 488105
 3 95 1 76 1 60 1 12 249715 1905845
 4 61 1 47 1 34 1 11 46879 287684
 5 53 1 45 1 36 1 7 47516 345275
 6 80 1 52 1 42 1 9 94909 855794
 7 109 0 63 0 28 1 6 111116 888984
 8 74 0 64 1 35 1 13 93684 611980
 9 53 1 40 1 36 1 10 36415 300794
 10 102 1 96 1 59 1 9 342822 2789371
 11 64 1 60 1 47 1 7 87006 666290
 12 99 0 90 0 32 1 7 149394 1069906
 13 76 1 50 1 43 1 10 84858 569114
 14 90 0 75 0 25 1 15 89891 802035
 15 94 0 65 1 37 1 12 117673 787829
 11 2503505
 587 233 220 12126845 103349550
 15
 1 74 1 63 1 61 1 7 169533 1161267
 2 71 0 60 0 25 1 8 58285 358739
 3 106 1 80 1 59 1 10 223506 1830861
 4 109 0 76 1 42 1 9 187049 1490244
 5 118 0 56 0 22 1 8 63935 476552
 6 105 0 67 1 43 1 4 137568 1278655
 7 72 1 65 1 37 1 10 87557 755241
 8 84 1 59 1 54 1 12 126812 884084
 9 91 0 69 0 26 1 11 81643 580170
 10 69 0 31 1 28 1 8 25150 160680
 11 76 0 67 1 37 1 8 90709 579077
 12 48 1 39 1 25 1 14 26766 215297
 13 91 1 79 1 66 1 8 227613 2151676
 14 72 1 63 1 42 1 8 113120 1115484
 15 74 1 74 1 60 1 6 177269 1613578
 12 2503605
 587 233 220 14212627 98578465
 15
 1 95 1 80 1 57 1 7 255570 2285897
 2 112 0 87 0 23 1 11 106924 734173
 3 116 0 41 1 40 1 8 106350 973790
 4 98 1 80 1 56 1 10 240088 1879814
 5 108 1 60 1 59 1 7 174980 1195394
 6 82 1 77 1 67 1 12 219776 1768733
 7 67 1 46 1 36 1 6 50719 471405
 8 104 0 72 1 44 1 7 160461 1428615
 9 89 0 56 0 24 1 8 62543 462774
 10 64 1 36 1 36 1 6 45639 423249
 11 101 0 86 0 31 1 4 122965 977452
 12 69 1 65 1 37 1 7 87403 540733
 13 106 0 39 1 22 1 11 49713 452770
 14 100 0 58 1 37 1 12 117240 910472
 15 56 1 53 1 35 1 6 53167 448187
 13 2503705
 587 233 220 17635146 124238210
 15
 1 52 0 36 1 25 1 19 20217 143783
 2 63 0 37 1 21 1 18 19621 194405
 3 100 0 61 1 36 1 9 117142 1048439
 4 79 0 52 1 36 1 17 68529 494401
 5 99 0 63 1 36 1 13 91839 845781
 6 97 0 49 1 30 1 13 63270 623939
 7 90 1 69 1 55 1 10 177598 1552059
 8 91 0 33 1 28 1 14 42566 328686
 9 111 0 76 1 41 1 7 172670 1484603
 10 95 0 44 1 35 1 11 73911 656888
 11 74 0 47 1 29 1 10 57124 553022
 12 100 0 48 0 20 1 12 54778 382810
 13 75 0 38 1 30 1 16 46704 399031
 14 86 1 68 1 44 1 18 120998 913666
 15 72 0 52 1 33 1 16 56797 381073
 14 2503805
 587 233 220 14955393 137493191
 15
 1 68 0 48 1 31 1 7 53830 507221
 2 104 1 80 1 63 1 9 310713 2984418
 3 82 0 46 0 21 1 12 31854 300015
 4 114 1 78 1 60 1 7 255511 1953785
 5 90 1 74 1 66 1 11 254740 2485466
 6 112 0 54 1 36 1 8 103587 886808
 7 71 1 64 1 54 1 8 109460 883204
 8 74 0 53 1 33 1 10 68392 557387
 9 75 1 62 1 57 1 9 137413 1088404
 10 68 1 62 1 52 1 10 115616 921129
 11 64 1 49 1 47 1 6 85637 829845
 12 60 1 39 1 36 1 11 34099 301346
 13 55 1 45 1 35 1 12 49667 390350
 14 59 1 35 1 31 1 11 30018 267772
 15 104 0 47 1 34 1 12 81698 652664
 15 2503905
 587 233 220 12433292 119930380
 15
 1 100 0 44 1 37 1 7 92339 558228
 2 90 1 78 1 55 1 4 167124 1106181
 3 65 1 57 1 42 1 7 78019 555376
 4 85 0 58 1 41 1 8 100552 932978
 5 81 1 69 1 50 1 4 113136 785776
 6 84 1 78 1 51 1 7 138057 903289
 7 109 1 73 1 73 1 7 273323 2060797
 8 73 1 58 1 52 1 4 88697 639720
 9 73 1 49 1 40 1 8 69200 521880
 10 120 0 60 1 39 1 7 145571 1263845
 11 111 1 80 1 68 1 13 359586 3124151
 12 71 1 70 1 53 1 3 139071 925128
 13 71 1 70 1 59 1 9 143003 1287322
 14 93 0 78 0 33 1 3 99832 688502
 15 83 1 71 1 43 1 4 133431 1029133
 16 2504005
 587 233 220 13594579 107371438
 15
 1 43 1 40 1 39 1 10 36164 339137
 2 97 0 76 1 40 1 11 172091 1121932
 3 67 1 63 1 47 1 6 112504 852988
 4 98 0 57 1 38 1 9 91256 634733
 5 73 0 71 0 27 1 5 60735 364879
 6 66 1 56 1 41 1 7 71161 477223
 7 82 1 75 1 72 1 7 243374 2385887
 8 93 0 71 1 43 1 10 124034 753432
 9 95 0 35 1 28 1 5 55836 426573
 10 88 1 72 1 68 1 7 183908 1370405
 11 88 0 85 0 35 1 8 119726 984165
 12 100 1 83 1 69 1 11 294465 2517485
 13 74 0 30 1 27 1 15 26429 204082
 14 82 1 64 1 61 1 6 166793 1010438
 15 63 1 38 1 32 1 5 43537 270707
 17 2504105
 587 233 220 16746588 123888228
 15
 1 72 0 49 1 35 1 10 68796 652424
 2 75 1 66 1 47 1 9 131385 834505
 3 78 0 30 1 22 1 8 29206 262352
 4 119 1 79 1 79 1 6 399565 3705049
 5 76 1 65 1 62 1 9 162582 1320513
 6 119 1 81 1 65 1 8 369873 3527185
 7 91 0 77 0 36 1 8 113706 876346
 8 113 0 89 0 27 1 9 136986 1180447
 9 98 0 59 1 44 1 10 130770 837558
 10 76 1 55 1 43 1 8 104891 997225
 11 58 1 51 1 31 1 8 41370 266853
 12 94 0 40 1 25 1 8 44416 353408
 13 89 0 66 1 43 1 7 131002 1231417
 14 119 0 55 1 50 1 4 188660 1158300
 15 70 0 43 1 34 1 9 55032 439455
 18 2504205
 587 233 220 17307622 114286441
 15
 1 104 0 55 1 30 1 3 87399 839726
 2 92 1 89 1 73 1 7 338460 3042111
 3 88 0 88 0 43 1 6 151948 1029627
 4 90 1 60 1 60 1 9 181991 1715963
 5 79 1 53 1 41 1 4 87312 769756
 6 96 0 91 0 28 1 5 109782 863403
 7 100 1 90 1 79 1 7 411786 2701633
 8 73 0 42 1 32 1 3 55195 458321
 9 115 1 85 1 60 1 5 295689 2044540
 10 113 1 83 1 76 1 10 418104 3895734
 11 68 0 50 1 31 1 5 59283 437251
 12 70 0 41 1 30 1 8 48583 444930
 13 104 0 60 0 26 1 7 83251 818256
 14 86 0 36 1 29 1 4 46586 401850
 15 114 0 31 1 29 1 5 49227 356939
 19 2504305
 587 233 220 17181980 128949267
 15
 1 60 0 45 1 26 1 11 38846 321356
 2 71 1 43 1 39 1 9 71426 650234
 3 99 1 71 1 64 1 5 219891 1771294
 4 61 1 41 1 40 1 6 48893 305661
 5 83 1 79 1 43 1 6 113887 728783
 6 63 1 52 1 35 1 9 53650 345652
 7 54 0 33 1 20 1 7 17116 111694
 8 62 1 57 1 51 1 5 90937 622423
 9 79 1 76 1 71 1 13 208342 1552733
 10 91 1 81 1 48 1 7 148286 935665
 11 95 0 70 0 23 1 14 82950 564925
 12 101 0 57 1 42 1 6 103116 642919
 13 119 1 76 1 61 1 13 305977 2868912
 14 78 0 54 0 22 1 10 44772 304846
 15 93 0 68 0 25 1 11 78480 586701
 20 2504405
 587 233 220 12086698 97410542
 15
 1 97 1 77 1 66 1 6 242693 2061591
 2 81 1 69 1 69 1 13 223393 1550108
 3 109 0 53 0 24 1 12 72980 724583
 4 98 0 33 1 20 1 10 31783 252105
 5 86 0 56 1 34 1 6 95586 830232
 6 76 0 50 1 35 1 10 71191 507353
 7 109 0 42 1 22 1 10 55985 462662
 8 82 1 69 1 42 1 7 123517 878230
 9 58 1 43 1 31 1 9 44646 393171
 10 99 0 80 1 48 1 11 166433 1166824
 11 89 0 68 1 39 1 11 125992 1224942
 12 74 1 53 1 40 1 5 85454 627524
 13 97 0 43 1 32 1 10 64387 502356
 14 112 0 70 1 51 1 12 203288 1831259
 15 73 0 29 1 20 1 8 22003 160570
 21 2504505
 587 233 220 13115446 117324065
 15
 1 109 1 93 1 72 1 4 418899 2790629
 2 95 0 67 0 32 1 6 100790 1005811
 3 119 0 45 1 36 1 7 109924 674547
 4 95 1 78 1 62 1 11 227125 1480334
 5 116 0 89 0 32 1 10 134680 1304109
 6 98 0 65 1 38 1 9 117481 799951
 7 72 0 51 0 24 1 7 48948 398797
 8 102 0 88 0 26 1 9 134777 1253159
 9 99 0 47 1 44 1 12 98591 906193
 10 106 0 52 1 31 1 6 78470 753777
 11 55 1 41 1 32 1 6 37527 294584
 12 71 0 65 0 29 1 12 76081 469876
 13 58 1 57 1 48 1 10 77079 747539
 14 79 0 56 0 25 1 11 58725 464937
 15 77 1 67 1 53 1 9 163846 1277034
 22 2504605
 587 233 220 14857383 93300907
 15
 1 89 1 78 1 50 1 7 144289 1042396
 2 73 1 65 1 46 1 8 125437 945374
 3 94 0 66 1 39 1 9 134729 1026972
 4 66 1 59 1 42 1 6 83806 711542
 5 106 1 93 1 70 1 4 299763 2267814
 6 80 1 71 1 62 1 10 156621 982464
 7 60 0 36 1 26 1 11 27332 174571
 8 72 0 31 1 31 1 12 35507 259215
 9 63 0 63 0 31 1 15 53605 452024
 10 74 0 39 1 23 1 7 39337 270344
 11 105 0 72 1 52 1 8 199494 1648112
 12 101 0 76 1 45 1 10 181920 1554985
 13 93 1 73 1 65 1 10 218151 1832010
 14 74 1 47 1 42 1 7 86371 552904
 15 72 0 33 1 28 1 7 34719 264357
 23 2504705
 587 233 220 12261528 75785892
 15
 1 84 0 81 0 23 1 7 67985 572980
 2 115 1 72 1 64 1 6 217654 1443764
 3 77 0 49 1 25 1 13 48303 435896
 4 40 1 37 1 22 1 8 19488 169784
 5 97 0 96 0 46 1 8 231750 1484972
 6 95 0 43 1 25 1 3 59646 385488
 7 90 0 69 0 28 1 6 73821 722394
 8 56 1 51 1 49 1 4 63037 494151
 9 118 1 93 1 80 1 8 450065 3250677
 10 56 1 47 1 41 1 11 57406 354026
 11 78 0 71 0 27 1 4 68596 427052
 12 88 0 62 1 41 1 7 98452 650311
 13 87 0 53 0 21 1 10 46170 424810
 14 105 0 47 1 28 1 8 82406 636488
 15 103 1 68 1 65 1 13 253692 1976963
 24 2504805
 587 233 220 15791056 117259281
 15
 1 113 0 80 0 29 1 7 117120 845592
 2 98 1 65 1 62 1 8 202909 1300357
 3 60 1 59 1 46 1 6 65984 421563
 4 100 1 97 1 64 1 6 286681 2373189
 5 99 0 88 0 23 1 5 118830 1053005
 6 106 0 49 1 33 1 3 99393 775512
 7 78 0 54 1 30 1 6 63590 631049
 8 71 1 68 1 41 1 9 112921 1006145
 9 83 0 80 0 35 1 5 95677 790417
 10 99 0 55 0 27 1 11 65532 396396
 11 91 0 51 1 43 1 6 83204 749634
 12 99 1 78 1 72 1 7 285898 2096816
 13 102 0 88 0 37 1 12 146504 1325808
 14 97 1 75 1 72 1 6 312433 2863603
 15 83 0 63 0 27 1 8 63083 406339
 25 2504905
 587 233 220 12782019 127340100
 15
 1 75 0 54 1 35 1 15 80726 646122
 2 107 0 60 1 49 1 9 160795 966641
 3 70 1 67 1 42 1 14 81195 775297
 4 78 1 71 1 44 1 7 145640 1388719
 5 78 0 61 0 27 1 5 74631 598096
 6 78 1 73 1 48 1 10 115047 940866
 7 109 0 87 0 32 1 10 139152 1215311
 8 91 0 87 0 25 1 6 110711 903138
 9 67 1 51 1 47 1 12 67206 504130
 10 67 1 63 1 60 1 5 135081 955650
 11 115 0 59 1 34 1 13 108548 846567
 12 102 0 35 1 34 1 7 64080 522849
 13 117 0 54 1 48 1 9 164988 1558049
 14 70 1 61 1 40 1 9 72202 569985
 15 64 1 63 1 59 1 7 111219 801371
 26 2505005
 587 233 220 12969934 102932837
 15
 1 86 0 71 1 41 1 14 103259 789909
 2 75 1 58 1 58 1 13 119187 802912
 3 100 0 81 0 27 1 13 124910 1119247
 4 59 0 42 1 24 1 10 24533 232224
 5 69 0 37 1 30 1 9 32769 281352
 6 63 1 50 1 36 1 13 56860 422954
 7 96 0 72 0 34 1 12 103304 888992
 8 111 0 71 0 29 1 10 96371 897377
 9 102 1 67 1 53 1 6 194910 1431068
 10 71 0 34 1 32 1 13 45550 369520
 11 88 1 75 1 53 1 8 167078 1069938
 12 50 1 46 1 42 1 10 43929 344428
 13 84 0 70 1 41 1 11 116309 1029076
 14 98 0 48 1 44 1 11 115447 697114
 15 54 0 43 1 25 1 12 25273 165820
 27 2505105
 587 233 220 13926519 101302314
 15
 1 118 0 66 1 47 1 10 214980 1703730
 2 99 0 56 0 25 1 9 74501 667554
 3 91 1 83 1 48 1 9 163548 1096643
 4 104 0 66 1 40 1 13 162359 1502462
 5 75 0 60 1 33 1 4 63064 538041
 6 113 1 78 1 60 1 5 263783 1676270
 7 36 1 36 1 29 1 10 16796 108908
 8 56 1 48 1 40 1 10 61279 526816
 9 67 0 40 1 22 1 8 33955 279944
 10 92 1 78 1 64 1 11 238586 2064113
 11 73 0 61 1 31 1 6 60573 540023
 12 72 1 66 1 58 1 8 142751 1335110
 13 56 0 44 1 26 1 9 27620 251480
 14 93 0 65 1 34 1 8 113930 700119
 15 113 0 63 1 50 1 8 144945 1255022
 28 2505205
 587 233 220 15453278 112697991
 15
 1 62 1 59 1 52 1 14 112864 860156
 2 54 1 52 1 50 1 5 57482 516261
 3 102 1 69 1 65 1 8 183531 1512076
 4 97 0 76 1 46 1 6 153325 1426802
 5 52 1 50 1 37 1 6 56242 517305
 6 93 0 85 0 23 1 12 86825 666136
 7 90 0 38 1 38 1 11 74332 673857
 8 66 1 60 1 40 1 5 64767 391806
 9 38 1 31 1 26 1 9 14993 99369
 10 86 0 60 1 36 1 18 86986 625203
 11 92 0 47 1 34 1 11 61857 614543
 12 103 0 69 0 22 1 11 86770 636302
 13 79 1 71 1 42 1 13 105305 970641
 14 66 0 33 1 20 1 10 19109 120368
 15 100 0 93 0 45 1 13 215281 1737649
 29 2505305
 587 233 220 17022807 106123311
 15
 1 91 1 58 1 57 1 10 152872 996741
 2 92 1 78 1 53 1 9 159401 1381579
 3 112 0 48 1 28 1 10 60571 518156
 4 78 0 47 1 26 1 8 47430 458701
 5 41 1 40 1 28 1 12 24941 235921
 6 57 1 47 1 32 1 5 38374 232757
 7 54 1 47 1 40 1 13 43543 421913
 8 85 0 80 0 25 1 9 75249 709426
 9 89 1 86 1 54 1 7 183720 1641324
 10 118 1 94 1 68 1 7 383783 3595196
 11 98 0 63 1 36 1 8 104700 942353
 12 81 0 42 1 38 1 11 66378 653007
 13 86 0 59 1 39 1 13 104717 1006871
 14 91 0 67 1 40 1 10 120229 991616
 15 73 1 61 1 41 1 6 103076 831155
 30 2505405
 587 233 220 17336375 146462179
 15
 1 64 0 53 1 32 1 9 43494 371958
 2 51 1 42 1 28 1 13 30236 256841
 3 49 1 32 1 30 1 7 26567 249687
 4 109 1 68 1 59 1 10 210188 1495992
 5 66 0 43 1 32 1 15 45995 291218
 6 120 0 71 1 47 1 6 161607 1082640
 7 109 0 57 1 41 1 6 132227 916937
 8 100 0 70 0 28 1 9 110889 986886
 9 76 1 70 1 51 1 8 152046 946343
 10 85 0 40 1 26 1 12 53014 508709
 11 79 1 71 1 55 1 9 159938 1083084
 12 93 1 73 1 55 1 10 207777 1898123
 13 101 1 75 1 75 1 6 305999 1926626
 14 89 1 58 1 53 1 6 125984 1177304
 15 98 0 53 1 36 1 9 107911 894511
 31 2505505
 587 233 220 14504311 131358665
 15
 1 70 1 63 1 49 1 9 120685 1011391
 2 84 1 54 1 49 1 12 114503 1006318
 3 89 0 70 1 42 1 12 106102 704324
 4 80 0 48 1 39 1 6 75493 566586
 5 114 0 47 1 42 1 9 131617 1144451
 6 92 0 62 1 34 1 13 105367 898724
 7 72 1 66 1 43 1 12 113626 730564
 8 120 0 55 1 46 1 11 142756 1393197
 9 106 0 62 0 25 1 7 87052 745133
 10 72 0 53 1 34 1 12 64310 423313
 11 74 0 44 1 35 1 13 49202 300965
 12 103 0 71 0 28 1 13 121237 842690
 13 115 0 35 1 31 1 9 73735 473950
 14 117 0 62 1 39 1 8 129624 891653
 15 60 1 32 1 32 1 13 35266 295344
 32 2505605
 587 233 220 15808648 114951500
 15
 1 95 0 76 1 44 1 7 184443 1268686
 2 81 0 47 1 34 1 8 59745 432904
 3 71 0 52 1 30 1 12 63296 412784
 4 96 0 52 1 28 1 10 63984 621260
 5 104 0 80 1 50 1 13 169705 1307103
 6 77 1 64 1 57 1 7 144221 1410264
 7 75 0 45 1 36 1 7 57967 480080
 8 65 1 49 1 39 1 13 73842 516372
 9 70 1 49 1 41 1 10 75144 477603
 10 111 0 44 1 42 1 17 118143 1007659
 11 108 0 94 1 51 1 11 239203 2029015
 12 43 1 40 1 26 1 8 22144 191346
 13 70 1 47 1 39 1 8 73111 660672
 14 84 0 36 1 26 1 5 40369 257236
 15 103 0 97 0 27 1 7 129489 1182492
 33 2505705
 587 233 220 13700917 84087775
 15
 1 40 1 36 1 21 1 6 12158 83852
 2 76 0 45 1 31 1 9 43872 292193
 3 63 1 54 1 51 1 7 75084 692197
 4 114 1 77 1 69 1 9 287145 2479481
 5 95 1 57 1 53 1 10 148938 906228
 6 92 0 36 1 20 1 12 29873 272303
 7 90 1 84 1 47 1 10 152644 1147684
 8 84 0 69 0 24 1 10 82435 775145
 9 57 1 35 1 35 1 6 33399 317185
 10 78 1 76 1 50 1 14 142867 870983
 11 81 0 67 1 37 1 9 109940 750798
 12 73 1 51 1 43 1 9 83389 795725
 13 64 0 54 1 30 1 10 53182 376340
 14 85 1 73 1 51 1 12 152036 1122442
 15 83 0 58 0 23 1 8 64583 583586
 34 2505805
 587 233 220 15015966 147606541
 15
 1 68 0 35 1 27 1 8 27401 187403
 2 118 0 57 1 43 1 7 116496 917603
 3 73 0 72 0 36 1 5 84042 757087
 4 85 1 58 1 50 1 10 138889 1340559
 5 86 0 56 1 33 1 7 89037 748254
 6 99 0 44 1 31 1 9 68333 602799
 7 93 1 54 1 49 1 7 98948 614872
 8 89 0 69 0 26 1 4 64272 389469
 9 98 1 90 1 74 1 6 360648 3017049
 10 58 1 48 1 46 1 6 70256 427757
 11 56 0 55 0 22 1 11 33137 277524
 12 104 1 63 1 59 1 10 194425 1321531
 13 80 1 69 1 66 1 7 156638 1556314
 14 110 1 59 1 58 1 6 206175 1746920
 15 96 1 79 1 63 1 10 285738 2723020
 35 2505905
 587 233 220 15371571 117792861
 15
 1 100 0 33 1 31 1 6 41875 327150
 2 84 0 68 1 42 1 9 128949 837552
 3 95 0 84 0 31 1 7 99651 862971
 4 57 1 39 1 30 1 10 27590 221092
 5 76 1 71 1 60 1 11 150296 983667
 6 71 1 68 1 46 1 11 94073 708472
 7 109 0 51 1 26 1 14 65422 582865
 8 109 0 54 1 45 1 14 125499 963859
 9 84 0 55 1 29 1 10 76429 690393
 10 104 0 66 0 20 1 9 81281 728982
 11 119 0 76 1 39 1 16 154488 1269733
 12 75 1 74 1 43 1 4 125521 1072979
 13 84 0 36 1 26 1 11 45379 358168
 14 77 0 45 1 32 1 10 45006 307853
 15 75 1 57 1 42 1 10 102311 678234
 36 2506005
 587 233 220 17579915 108601636
 15
 1 41 1 39 1 26 1 14 20496 172104
 2 110 0 40 1 34 1 8 66360 624721
 3 94 1 77 1 52 1 5 207054 1761643
 4 119 1 96 1 71 1 7 396665 3756372
 5 67 1 63 1 47 1 7 111884 1042194
 6 61 1 43 1 31 1 5 39818 314201
 7 72 0 53 1 35 1 13 66538 602506
 8 64 1 38 1 38 1 9 37637 376221
 9 110 0 71 1 45 1 9 151099 942383
 10 73 1 71 1 52 1 7 124485 973364
 11 95 1 92 1 55 1 4 229095 1963959
 12 86 0 74 0 31 1 3 85134 555324
 13 99 1 62 1 52 1 6 189211 1526320
 14 81 0 44 1 31 1 8 49967 425778
 15 113 1 94 1 70 1 8 396227 3480316
 37 2506105
 587 233 220 12173661 87639742
 15
 1 98 0 73 1 44 1 6 184049 1675528
 2 60 1 60 1 38 1 7 79743 575439
 3 105 1 73 1 60 1 10 243449 2268624
 4 90 1 77 1 52 1 3 193403 1888014
 5 66 0 58 0 24 1 5 50419 316435
 6 106 1 76 1 55 1 10 246389 1529633
 7 55 1 44 1 36 1 12 46888 288345
 8 82 0 58 0 23 1 7 54600 508320
 9 74 1 61 1 58 1 6 115509 1016419
 10 81 0 39 1 24 1 8 39575 264443
 11 71 1 65 1 39 1 11 101190 704643
 12 105 0 97 0 47 1 4 221156 1986108
 13 114 1 97 1 69 1 5 337444 3327180
 14 103 1 78 1 55 1 6 254165 2345664
 15 93 1 66 1 55 1 6 156441 1428886
 38 2506205
 587 233 220 16280706 122833719
 15
 1 104 0 94 1 50 1 6 275233 2597468
 2 102 0 87 0 36 1 10 187469 1195098
 3 115 0 42 1 33 1 14 92372 800296
 4 61 1 58 1 32 1 7 63530 464591
 5 70 1 62 1 48 1 9 109630 749354
 6 91 1 79 1 78 1 7 325496 3061431
 7 90 1 57 1 53 1 10 155383 1207421
 8 78 0 68 0 25 1 10 58999 449096
 9 77 1 44 1 39 1 5 73397 679313
 10 97 1 89 1 56 1 10 278119 1865659
 11 58 0 38 1 26 1 7 33984 278601
 12 64 1 44 1 33 1 8 48258 470575
 13 57 0 38 1 25 1 13 31719 254974
 14 70 0 65 0 28 1 9 62282 538061
 15 93 1 73 1 61 1 6 195001 1420772
 39 2506305
 587 233 220 14841111 91256000
 15
 1 89 1 56 1 45 1 16 99011 972657
 2 53 1 37 1 34 1 11 33731 314947
 3 54 0 35 1 25 1 12 20205 150883
 4 73 0 39 1 33 1 11 49869 374330
 5 73 1 39 1 38 1 19 46915 405157
 6 50 1 42 1 29 1 7 29934 239221
 7 62 1 59 1 54 1 13 85854 807912
 8 98 0 53 1 44 1 13 99320 781684
 9 94 0 32 1 31 1 7 52141 385045
 10 97 0 64 0 28 1 14 97848 958363
 11 102 0 77 1 42 1 10 152351 1151082
 12 80 1 75 1 44 1 11 125922 949330
 13 93 0 52 1 41 1 16 86012 637089
 14 77 0 51 1 38 1 10 61222 406410
 15 57 1 54 1 52 1 13 72038 575934
 40 2506405
 587 233 220 17572803 134199665
 15
 1 85 1 77 1 62 1 7 226558 2221349
 2 94 0 63 1 32 1 4 107612 927072
 3 83 1 75 1 45 1 6 155090 1088008
 4 95 1 95 1 54 1 6 248904 2065337
 5 76 0 76 0 30 1 3 100164 888453
 6 113 0 66 1 44 1 7 158693 1441540
 7 108 1 71 1 61 1 12 218165 1430259
 8 118 0 62 1 37 1 10 127075 988065
 9 93 1 58 1 48 1 5 138956 1341861
 10 60 0 32 1 29 1 7 30957 214508
 11 97 1 75 1 59 1 9 214815 1939841
 12 105 0 56 1 35 1 9 111401 1036178
 13 67 1 58 1 53 1 8 92769 883082
 14 96 0 51 1 37 1 6 102483 763079
 15 91 0 52 1 32 1 3 86341 819000
 41 2506505
 587 233 220 14822574 103807856
 15
 1 109 1 80 1 68 1 4 238558 1811354
 2 90 0 45 1 31 1 10 73997 554165
 3 66 1 56 1 34 1 11 64861 452148
 4 76 0 66 1 34 1 9 72313 614610
 5 111 0 80 1 53 1 6 213807 1635197
 6 86 0 59 0 29 1 8 85093 575156
 7 80 1 72 1 63 1 8 193779 1548163
 8 81 0 47 0 22 1 14 38336 337210
 9 114 1 80 1 64 1 8 243058 1692360
 10 90 0 37 1 32 1 11 46209 440909
 11 75 1 48 1 40 1 8 73659 474141
 12 67 1 52 1 45 1 11 88030 730231
 13 88 1 82 1 74 1 6 307842 2029736
 14 100 0 63 0 23 1 8 66204 412068
 15 103 0 53 1 48 1 9 130557 1252900
 42 2506605
 587 233 220 16986949 113309727
 15
 1 76 1 74 1 50 1 15 119740 734739
 2 86 0 40 1 29 1 5 58651 382621
 3 66 1 55 1 48 1 6 102243 961984
 4 75 0 57 1 37 1 10 70627 695532
 5 102 0 83 0 29 1 5 122977 928219
 6 74 1 58 1 52 1 10 106329 894889
 7 89 0 65 1 36 1 8 102348 622115
 8 99 1 68 1 67 1 5 270074 1929046
 9 80 1 78 1 66 1 11 175038 1552263
 10 65 1 57 1 45 1 13 69216 498053
 11 112 0 59 1 30 1 6 83076 788713
 12 79 1 75 1 68 1 7 206015 1755502
 13 97 0 48 1 30 1 12 74563 697441
 14 73 0 70 0 31 1 6 77164 490329
 15 90 0 83 1 44 1 6 175023 1409508
 43 2506705
 587 233 220 12236282 89962842
 15
 1 82 1 80 1 71 1 9 234237 2243072
 2 66 0 37 1 27 1 6 32701 215880
 3 77 0 76 0 31 1 3 88145 619940
 4 100 0 56 1 38 1 4 119256 1172731
 5 93 1 86 1 67 1 5 303213 2878043
 6 89 0 76 0 30 1 7 85537 535980
 7 98 1 90 1 67 1 8 277176 2759749
 8 87 0 52 1 42 1 6 78897 510815
 9 53 1 42 1 35 1 5 40191 258266
 10 116 0 53 1 36 1 12 129596 1074662
 11 85 1 79 1 46 1 9 179912 1136406
 12 106 0 91 0 24 1 10 110560 995229
 13 112 0 84 1 46 1 6 240950 1925467
 14 89 1 56 1 47 1 10 106282 821360
 15 62 1 51 1 39 1 8 59344 551261
 44 2506805
 587 233 220 14372492 124454229
 15
 1 114 0 67 0 25 1 11 84953 543389
 2 92 0 79 0 25 1 14 73986 581421
 3 89 0 87 0 36 1 9 116684 894155
 4 95 0 71 1 36 1 8 103054 854085
 5 90 0 83 1 43 1 15 163226 1263479
 6 93 0 39 1 28 1 7 41983 288883
 7 69 0 54 1 31 1 11 47996 324070
 8 107 0 61 1 37 1 7 116254 1096612
 9 98 0 52 1 40 1 11 90025 662450
 10 83 1 69 1 60 1 10 185364 1150732
 11 98 1 63 1 58 1 11 182310 1809074
 12 45 1 40 1 26 1 10 20666 203159
 13 63 1 44 1 36 1 6 52565 375912
 14 96 0 56 1 43 1 4 96593 738450
 15 88 0 42 1 35 1 6 61836 534177
 45 2506905
 587 233 220 15446351 123818735
 15
 1 63 0 55 1 31 1 9 53443 338417
 2 120 0 43 1 23 1 10 61331 538041
 3 97 1 72 1 57 1 4 225705 1507860
 4 77 1 76 1 42 1 15 127350 830680
 5 93 0 74 0 20 1 17 79267 638405
 6 65 1 63 1 43 1 12 91435 760004
 7 108 0 71 1 40 1 10 176158 1632771
 8 79 0 36 1 21 1 4 35641 347179
 9 68 0 62 0 26 1 12 52177 381295
 10 68 1 50 1 40 1 9 74863 557483
 11 79 0 42 1 31 1 7 60490 511013
 12 76 0 56 1 38 1 8 68243 561398
 13 80 1 79 1 51 1 17 154620 1144157
 14 115 0 69 0 29 1 12 121123 875281
 15 113 0 50 1 30 1 11 99161 946137
 46 2507005
 587 233 220 17290449 105663653
 15
 1 86 0 58 1 36 1 7 71869 632948
 2 71 0 69 0 22 1 4 50340 406268
 3 108 0 78 1 54 1 9 228195 2134258
 4 104 1 58 1 57 1 7 177663 1516091
 5 96 1 65 1 58 1 8 168803 1130787
 6 58 0 37 1 26 1 10 29710 286260
 7 73 1 72 1 49 1 11 144956 944893
 8 98 1 67 1 56 1 7 161488 1393510
 9 117 0 89 0 23 1 5 118434 1167088
 10 109 1 76 1 73 1 4 361474 3134652
 11 95 0 61 1 34 1 7 99494 676541
 12 106 0 73 1 49 1 10 185950 1638941
 13 66 1 39 1 35 1 8 40244 342605
 14 82 1 76 1 43 1 7 135214 949490
 15 93 0 87 0 26 1 7 123041 1089708
 47 2507105
 587 233 220 18013814 173323084
 15
 1 118 0 54 1 42 1 11 159194 1134216
 2 112 0 95 0 20 1 8 102530 988019
 3 118 0 38 1 37 1 9 83001 655149
 4 76 0 38 1 38 1 12 58128 420322
 5 100 0 56 1 34 1 14 107508 1041270
 6 100 0 73 1 50 1 8 218956 1481836
 7 75 0 58 1 36 1 11 64434 575426
 8 76 1 51 1 41 1 9 94260 871214
 9 82 0 75 1 39 1 10 102624 976655
 10 84 1 76 1 44 1 3 148008 1206850
 11 80 1 68 1 50 1 14 162404 1218054
 12 61 0 46 1 28 1 8 33920 209944
 13 80 1 75 1 51 1 11 158156 1143155
 14 92 1 62 1 49 1 7 116130 1106259
 15 72 0 48 0 21 1 12 34003 288819
 48 2507205
 587 233 220 12198936 115851272
 15
 1 59 1 49 1 48 1 3 61330 443649
 2 79 1 63 1 46 1 7 99830 790263
 3 95 0 58 1 38 1 5 93065 835930
 4 95 0 79 1 47 1 8 200305 1431594
 5 72 0 46 1 27 1 9 41450 252635
 6 88 1 74 1 72 1 8 277303 1681689
 7 90 1 77 1 67 1 7 260834 2056848
 8 96 0 59 1 36 1 5 115307 730754
 9 62 1 55 1 46 1 9 74361 703285
 10 92 0 77 1 43 1 9 158694 983631
 11 100 0 66 1 41 1 8 158460 1508671
 12 76 1 72 1 44 1 11 142688 1100718
 13 95 0 68 1 35 1 8 106416 858145
 14 108 0 66 1 48 1 9 147162 1079838
 15 86 1 78 1 52 1 4 170199 1286101
 49 2507305
 587 233 220 12953989 94858649
 15
 1 91 0 54 1 45 1 9 116057 928285
 2 105 1 77 1 72 1 6 252637 2184357
 3 79 1 78 1 48 1 6 142486 977415
 4 109 1 76 1 59 1 10 276954 1960247
 5 48 1 37 1 30 1 6 24254 155700
 6 44 1 37 1 27 1 5 23819 149204
 7 79 1 76 1 54 1 9 145279 1141574
 8 116 0 78 0 20 1 6 88638 878227
 9 101 0 71 1 49 1 9 207840 1846771
 10 102 0 100 0 49 1 1 248058 2238894
 11 105 0 43 1 22 1 7 51689 410100
 12 107 1 84 1 61 1 10 326039 2817384
 13 110 0 71 0 23 1 7 89817 754935
 14 75 0 39 1 34 1 9 48374 317536
 15 73 0 47 1 32 1 8 58417 385619
 50 2507405
 587 233 220 16813973 144629476
 15
 1 60 1 40 1 32 1 7 37229 250636
 2 98 1 75 1 55 1 9 219635 1687203
 3 60 1 59 1 39 1 9 63685 459953
 4 81 0 56 1 40 1 17 93098 758354
 5 119 0 34 1 25 1 10 51105 409952
 6 107 0 61 1 42 1 10 133036 871625
 7 108 0 85 0 20 1 5 104762 667655
 8 97 0 66 1 45 1 5 123432 1122858
 9 66 0 35 1 26 1 6 27430 240793
 10 69 0 32 1 20 1 12 22977 146771
 11 78 0 63 1 38 1 13 97010 835472
 12 95 0 77 1 47 1 15 168311 1575114
 13 40 1 34 1 30 1 7 22597 154101
 14 88 0 42 0 20 1 10 30347 283661
 15 103 1 84 1 69 1 10 271420 2132717
 51 2507505
 587 233 220 14175594 87868473
 15
 1 66 1 64 1 36 1 8 67528 560526
 2 97 1 73 1 49 1 6 141913 1259552
 3 69 1 60 1 43 1 18 75306 489361
 4 52 0 37 1 20 1 14 21421 175594
 5 109 0 63 1 37 1 11 124670 1068994
 6 79 0 57 0 24 1 13 61452 408041
 7 95 0 72 0 22 1 17 64466 455622
 8 65 1 50 1 39 1 11 65769 452174
 9 98 0 42 1 30 1 12 59453 379741
 10 53 1 40 1 36 1 11 38770 246279
 11 82 1 54 1 51 1 12 119668 1025977
 12 77 0 33 1 31 1 9 41717 305452
 13 66 1 56 1 49 1 13 108386 789714
 14 101 1 68 1 62 1 10 218345 1686145
 15 82 1 64 1 46 1 10 138121 884483
 52 2507605
 587 233 220 13155161 113335680
 15
 1 96 0 72 0 31 1 8 125815 1050806
 2 75 1 72 1 47 1 7 110672 1062848
 3 80 0 25 1 20 1 11 23777 208797
 4 114 1 94 1 61 1 9 311721 3078000
 5 100 0 40 1 39 1 10 71166 613796
 6 72 1 51 1 48 1 7 77280 519895
 7 36 1 28 1 24 1 9 13385 99002
 8 85 0 58 1 35 1 6 85253 718397
 9 85 1 84 1 58 1 11 175827 1426021
 10 95 0 48 0 24 1 9 57756 566720
 11 115 0 70 0 25 1 6 111407 966411
 12 108 0 49 1 42 1 14 102298 628680
 13 73 0 64 0 26 1 14 56342 383185
 14 68 1 54 1 35 1 7 72531 526780
 15 83 1 62 1 60 1 12 170262 1344015
 53 2507705
 587 233 220 14935634 103800106
 15
 1 78 0 37 1 27 1 7 35530 353908
 2 89 0 70 0 25 1 15 79894 740394
 3 90 0 84 0 41 1 13 157677 1409239
 4 85 0 75 1 42 1 5 118844 836258
 5 91 0 77 1 44 1 9 127235 1014475
 6 114 1 87 1 71 1 6 351023 3298035
 7 90 0 37 1 25 1 8 40748 405347
 8 105 1 80 1 77 1 9 264955 2439414
 9 74 1 71 1 50 1 7 108111 907947
 10 62 1 57 1 55 1 3 83240 577496
 11 89 0 45 1 26 1 11 60697 480672
 12 65 1 54 1 47 1 7 97773 671361
 13 79 0 62 0 28 1 12 57022 372408
 14 84 0 40 1 35 1 8 49887 485363
 15 55 1 44 1 42 1 8 46253 433508
 54 2507805
 587 233 220 12967666 88214773
 15
 1 99 0 68 0 23 1 17 82743 811596
 2 68 1 52 1 40 1 12 63438 519245
 3 101 1 66 1 61 1 10 201624 1435538
 4 57 0 56 0 22 1 14 33554 207345
 5 81 1 54 1 47 1 12 86928 716078
 6 86 0 34 1 25 1 11 42180 392174
 7 54 0 46 1 27 1 14 37394 362586
 8 95 0 65 1 34 1 13 118705 822364
 9 105 0 57 1 29 1 13 91553 766662
 10 120 0 63 0 28 1 8 123329 851178
 11 64 1 62 1 42 1 8 71496 519702
 12 78 0 65 0 21 1 10 58522 535624
 13 98 0 94 0 45 1 8 190243 1860086
 14 94 0 58 0 26 1 9 58382 423189
 15 113 0 81 1 51 1 6 196481 1583690
 55 2507905
 587 233 220 16417109 162999623
 15
 1 100 0 94 0 28 1 11 156626 1135495
 2 81 1 78 1 66 1 10 248560 2269512
 3 111 0 49 0 21 1 11 62482 532361
 4 119 0 63 1 37 1 8 137386 922587
 5 72 0 50 1 30 1 13 50210 319290
 6 58 1 58 1 40 1 10 61758 499463
 7 108 0 55 1 29 1 9 96082 858421
 8 54 1 49 1 38 1 10 55214 458077
 9 69 1 46 1 44 1 10 75468 752131
 10 88 1 71 1 61 1 5 154822 1223201
 11 83 0 58 1 35 1 16 86375 572433
 12 108 0 77 0 37 1 9 181284 1231688
 13 108 1 62 1 57 1 8 159835 1133267
 14 73 0 61 1 31 1 5 59178 478943
 15 92 0 46 1 43 1 9 82809 703351
 56 2508005
 587 233 220 13822367 126192985
 15
 1 90 0 41 1 34 1 18 52749 509306
 2 64 0 32 1 28 1 16 31401 204474
 3 42 1 31 1 31 1 6 17328 147493
 4 94 0 90 0 44 1 7 167452 1433657
 5 68 1 63 1 53 1 6 119633 915582
 6 55 0 30 1 21 1 7 16980 110852
 7 72 0 64 0 31 1 10 77972 575440
 8 75 0 56 1 34 1 8 71059 437699
 9 62 0 34 1 31 1 12 30903 209639
 10 79 0 55 1 32 1 8 66950 455620
 11 99 0 74 0 27 1 8 87018 814486
 12 89 1 54 1 48 1 11 95919 666604
 13 93 0 78 0 32 1 9 135272 1229502
 14 119 0 80 1 59 1 16 264291 2246093
 15 80 1 72 1 42 1 11 115873 955054
 57 2508105
 587 233 220 18010911 167770183
 15
 1 85 0 73 1 40 1 4 118608 772108
 2 73 1 62 1 54 1 9 128007 1250625
 3 90 0 63 1 41 1 3 95559 764298
 4 75 0 61 0 24 1 7 47022 319418
 5 57 1 53 1 44 1 11 63721 511715
 6 93 0 70 1 45 1 8 117416 828511
 7 73 0 36 1 33 1 6 36507 292653
 8 95 1 80 1 75 1 8 263912 2365244
 9 93 1 89 1 78 1 6 273789 1776011
 10 113 1 87 1 65 1 7 324330 3221390
 11 72 0 46 1 30 1 9 57808 462405
 12 100 1 78 1 70 1 7 278951 1938019
 13 53 1 47 1 34 1 8 34321 260275
 14 87 1 54 1 46 1 10 92525 560695
 15 52 1 41 1 37 1 8 42795 334235
 58 2508205
 587 233 220 15935611 153510835
 15
 1 105 0 81 1 46 1 18 163894 1178492
 2 115 1 81 1 61 1 6 290514 2056523
 3 72 0 51 0 23 1 6 48034 429442
 4 65 1 56 1 33 1 8 65772 426521
 5 60 0 44 0 21 1 6 28842 199104
 6 85 1 69 1 65 1 6 164849 1047895
 7 90 0 82 0 35 1 10 138197 1177124
 8 115 1 94 1 64 1 8 380940 3063346
 9 80 0 53 1 33 1 3 76490 710799
 10 95 0 81 0 37 1 10 117714 1174794
 11 66 1 46 1 45 1 9 65373 610555
 12 109 0 36 1 25 1 7 45335 309707
 13 89 1 62 1 50 1 4 155183 1243450
 14 54 0 32 1 27 1 5 24740 197238
 15 79 0 33 1 32 1 10 45250 281217
 59 2508305
 587 233 220 14898505 136318027
 15
 1 76 1 52 1 46 1 9 96714 765537
 2 66 0 59 1 31 1 8 61572 582613
 3 62 1 55 1 44 1 14 65041 428489
 4 95 0 46 1 36 1 7 84164 783410
 5 63 1 59 1 35 1 9 70475 519356
 6 100 0 37 1 32 1 6 60479 466937
 7 91 0 54 1 37 1 3 87924 598855
 8 49 1 44 1 36 1 6 43158 326110
 9 109 0 66 1 49 1 9 162928 1178467
 10 69 0 48 1 27 1 8 52921 396675
 11 109 1 85 1 62 1 9 266162 2336774
 12 48 1 47 1 42 1 10 49230 332717
 13 77 1 67 1 48 1 9 139975 1294690
 14 112 1 79 1 76 1 12 287110 2045856
 15 102 0 40 1 28 1 7 48496 327551
 60 2508405
 587 233 220 18053056 139083817
 15
 1 78 1 72 1 58 1 8 160566 1033845
 2 107 1 57 1 57 1 6 206751 1419889
 3 72 1 64 1 37 1 11 81293 608040
 4 93 0 66 0 26 1 14 75815 736577
 5 116 0 67 1 35 1 13 151494 953619
 6 101 0 56 1 39 1 10 113256 887686
 7 108 0 100 0 39 1 10 172447 1332200
 8 64 1 55 1 33 1 9 61708 459527
 9 73 1 65 1 53 1 6 129453 992398
 10 106 0 41 1 35 1 8 68539 554334
 11 82 0 78 0 28 1 4 96381 858551
 12 79 1 59 1 58 1 6 154448 1228887
 13 92 0 84 0 22 1 10 76364 591495
 14 80 1 65 1 50 1 8 114388 1067326
 15 82 0 77 0 24 1 9 90115 682970
 61 2508505
 587 233 220 16967915 108449469
 15
 1 109 1 68 1 64 1 3 271633 1995684
 2 84 1 58 1 55 1 6 119377 1125486
 3 96 0 83 0 24 1 4 99850 630553
 4 74 0 67 1 37 1 7 95786 615998
 5 107 1 73 1 70 1 9 241439 1745465
 6 80 1 73 1 54 1 9 149505 1187901
 7 72 0 41 1 33 1 4 50963 372246
 8 84 1 79 1 74 1 11 205275 2017501
 9 40 0 37 1 20 1 5 12104 119203
 10 74 1 73 1 42 1 7 119298 780998
 11 55 1 48 1 33 1 11 46663 314581
 12 109 1 74 1 70 1 5 281284 2675596
 13 107 0 44 1 39 1 9 109411 897103
 14 99 0 51 1 47 1 9 118103 920918
 15 80 0 62 1 38 1 11 102679 919406
 62 2508605
 587 233 220 15898617 140263599
 15
 1 70 1 63 1 50 1 10 119066 1189089
 2 100 0 53 1 34 1 7 80742 686660
 3 93 0 78 1 45 1 5 191264 1701482
 4 100 0 55 1 48 1 6 140746 1182703
 5 98 1 73 1 50 1 10 173888 1203790
 6 69 1 45 1 43 1 7 69257 616398
 7 43 1 42 1 36 1 6 33162 299451
 8 104 1 92 1 63 1 11 336797 3097997
 9 93 0 36 1 26 1 4 40162 359943
 10 50 1 45 1 41 1 9 40399 372312
 11 119 0 67 1 50 1 8 229966 1760873
 12 82 0 49 1 30 1 13 59607 397291
 13 80 0 55 1 31 1 9 65503 509986
 14 105 0 73 1 37 1 6 136550 1235833
 15 76 1 76 1 42 1 12 116196 795176
 63 2508705
 587 233 220 12414040 102800445
 15
 1 82 1 76 1 59 1 6 160500 1282222
 2 60 1 51 1 50 1 12 75378 743672
 3 104 1 66 1 61 1 6 250886 1618308
 4 71 0 36 1 28 1 4 32576 295747
 5 89 0 77 0 26 1 8 83291 531851
 6 108 1 84 1 66 1 4 286111 2270663
 7 90 0 51 1 45 1 6 99613 655619
 8 48 1 35 1 33 1 7 26643 201503
 9 89 1 57 1 52 1 14 145084 1185848
 10 99 1 77 1 58 1 8 244751 1684356
 11 92 1 86 1 66 1 7 293827 2146968
 12 93 0 80 1 46 1 7 191339 1550414
 13 72 1 45 1 39 1 3 71504 647255
 14 73 0 46 1 24 1 11 44896 322259
 15 112 0 71 1 37 1 11 164977 1164626
 64 2508805
 587 233 220 14436384 120832048
 15
 1 114 0 54 0 20 1 8 53228 322526
 2 92 1 87 1 50 1 10 203810 1943025
 3 114 0 43 1 26 1 7 62988 450240
 4 93 0 69 1 42 1 8 134073 1263966
 5 80 1 79 1 64 1 4 211975 2078780
 6 99 0 80 0 29 1 6 122690 945335
 7 60 1 54 1 47 1 18 74763 676574
 8 54 1 53 1 32 1 5 48699 295210
 9 113 1 75 1 68 1 9 338976 3236322
 10 67 1 66 1 49 1 9 124067 1001063
 11 65 0 30 1 21 1 7 18409 146601
 12 110 0 63 0 29 1 14 117832 727063
 13 75 0 60 0 27 1 9 67085 498897
 14 95 0 71 1 40 1 5 111313 704521
 15 92 1 74 1 67 1 6 242724 1750765
 65 2508905
 587 233 220 16901143 127213964
 15
 1 55 0 50 1 26 1 6 36689 343907
 2 48 1 42 1 37 1 8 37218 306918
 3 47 1 34 1 26 1 9 17868 171866
 4 104 0 74 1 50 1 8 225339 1548053
 5 83 0 70 1 40 1 13 115661 1111995
 6 53 1 52 1 38 1 12 55206 401323
 7 108 0 69 1 49 1 15 207464 1393876
 8 78 1 73 1 72 1 8 172719 1723753
 9 77 0 62 0 24 1 13 62296 467346
 10 74 0 34 1 21 1 12 29937 294470
 11 49 1 38 1 37 1 7 40343 390060
 12 79 1 50 1 40 1 14 71044 495391
 13 75 0 44 1 35 1 9 52269 325732
 14 98 1 69 1 57 1 14 217945 1578192
 15 72 0 62 1 36 1 8 75146 622085
 66 2509005
 587 233 220 14539607 127193405
 15
 1 87 0 45 1 32 1 16 64991 409257
 2 84 1 63 1 46 1 9 113057 772479
 3 84 1 67 1 44 1 5 133357 818258
 4 76 0 55 1 30 1 5 63311 593476
 5 87 1 78 1 61 1 7 168384 1135990
 6 115 0 77 1 53 1 6 278333 1776623
 7 78 1 72 1 51 1 12 117449 1064135
 8 93 1 91 1 62 1 7 294382 2857012
 9 48 1 41 1 40 1 6 37801 341812
 10 92 1 82 1 53 1 7 203545 1726140
 11 102 1 69 1 54 1 4 162821 1280619
 12 80 0 52 1 34 1 9 66404 636613
 13 90 1 71 1 60 1 5 200274 1734680
 14 66 1 43 1 42 1 9 59883 395482
 15 73 1 58 1 52 1 9 130922 893326
 67 2509105
 587 233 220 15561960 127677355
 15
 1 119 0 41 1 38 1 9 83256 776936
 2 90 0 44 1 35 1 9 83159 804615
 3 67 0 55 0 27 1 6 51114 345590
 4 71 1 47 1 36 1 5 68056 628828
 5 90 1 55 1 51 1 10 114252 715402
 6 87 0 68 1 40 1 10 120298 770869
 7 87 0 53 1 36 1 9 83190 756625
 8 113 0 47 1 34 1 13 100550 970519
 9 97 0 56 1 35 1 10 91196 798924
 10 90 0 60 0 25 1 11 68143 498512
 11 88 1 75 1 70 1 11 237239 1778702
 12 111 0 64 1 51 1 12 153711 1333105
 13 105 0 77 0 31 1 10 104999 859473
 14 91 0 33 1 29 1 13 52171 521425
 15 53 1 34 1 31 1 12 25197 238268
 68 2509205
 587 233 220 13527511 113414088
 15
 1 60 1 44 1 36 1 6 39923 357724
 2 76 1 42 1 40 1 6 59759 573862
 3 65 1 49 1 48 1 5 69742 433733
 4 109 0 92 1 51 1 6 268376 2434422
 5 93 0 42 1 31 1 8 55623 525417
 6 83 1 64 1 59 1 7 179951 1697923
 7 96 1 90 1 55 1 8 258476 2359313
 8 52 1 42 1 31 1 6 32229 246698
 9 98 1 72 1 61 1 5 181950 1693450
 10 118 0 98 1 57 1 9 316482 2490261
 11 48 1 31 1 25 1 9 15017 138730
 12 75 1 67 1 50 1 9 103624 721892
 13 120 0 66 0 32 1 7 127292 1091781
 14 91 1 76 1 65 1 4 259595 1567121
 15 102 0 71 1 49 1 8 193195 1431979
 69 2509305
 587 233 220 12359312 79260738
 15
 1 91 0 50 1 32 1 11 83222 814899
 2 118 0 66 1 40 1 19 162935 1168528
 3 75 0 69 0 32 1 8 83210 818786
 4 81 0 73 0 32 1 9 104839 1043614
 5 97 0 69 0 33 1 15 117459 899918
 6 97 0 31 1 27 1 10 36940 362314
 7 57 1 54 1 29 1 13 49612 488643
 8 77 1 71 1 62 1 10 159390 1455985
 9 116 0 84 0 27 1 9 114262 1078923
 10 85 0 30 1 29 1 9 44076 314718
 11 112 0 51 1 41 1 11 114956 1061950
 12 87 0 81 0 23 1 11 92079 634636
 13 49 1 44 1 26 1 13 26882 198571
 14 63 1 59 1 38 1 9 61741 551014
 15 82 0 44 1 33 1 10 52384 436670
 70 2509405
 587 233 220 13299192 93264517
 15
 1 56 0 32 1 28 1 6 23714 183060
 2 92 0 68 1 39 1 6 124162 1229974
 3 90 0 86 0 29 1 9 112031 851859
 4 73 1 54 1 52 1 4 110050 835267
 5 114 0 100 0 45 1 9 303787 2306368
 6 94 0 51 1 36 1 9 81870 719376
 7 108 0 59 1 38 1 9 130117 1049340
 8 89 1 82 1 61 1 9 259467 2233592
 9 81 1 71 1 43 1 11 141133 1182752
 10 61 1 53 1 37 1 5 56240 409833
 11 85 1 70 1 58 1 8 166346 1658083
 12 111 0 98 0 39 1 4 243011 2253559
 13 66 1 62 1 59 1 6 135522 903291
 14 117 0 87 1 49 1 6 291845 2416397
 15 70 1 62 1 40 1 5 84867 704991
 71 2509505
 587 233 220 13052343 115979683
 15
 1 99 1 64 1 62 1 15 199429 1469841
 2 110 0 43 1 37 1 10 88377 720465
 3 96 1 73 1 50 1 12 158728 1194713
 4 114 0 53 1 35 1 5 107527 936478
 5 105 0 27 1 22 1 5 30680 265582
 6 75 1 66 1 51 1 8 127646 768110
 7 72 1 61 1 48 1 6 111818 736993
 8 102 0 46 1 32 1 13 62445 377201
 9 59 1 57 1 45 1 5 67666 593992
 10 111 0 45 1 33 1 12 74406 695453
 11 90 1 74 1 58 1 14 156234 1505538
 12 55 1 51 1 34 1 5 41486 335469
 13 98 0 73 0 21 1 9 81802 588130
 14 85 0 61 1 35 1 6 89540 763839
 15 41 1 35 1 31 1 12 20434 165868
 72 2509605
 587 233 220 16846837 148447876
 15
 1 96 1 95 1 68 1 10 337137 3234817
 2 69 1 61 1 35 1 3 83115 684459
 3 107 1 70 1 55 1 7 237028 2197412
 4 92 0 85 0 34 1 5 146136 1080302
 5 96 0 60 1 31 1 7 82952 615480
 6 66 1 38 1 38 1 9 45346 383609
 7 63 1 57 1 36 1 8 58553 470723
 8 51 1 31 1 31 1 7 27142 241018
 9 100 0 75 1 44 1 15 136928 1160218
 10 78 1 66 1 53 1 12 162605 1621938
 11 33 1 32 1 29 1 8 17979 167286
 12 81 1 72 1 45 1 11 132529 1019174
 13 88 0 57 1 38 1 9 90560 590243
 14 52 0 34 1 21 1 12 15603 116843
 15 112 0 69 0 31 1 9 105876 640052
 73 2509705
 587 233 220 16907156 151795640
 15
 1 90 0 73 1 37 1 6 127323 1270913
 2 102 0 95 0 33 1 10 162191 1007017
 3 117 0 38 1 30 1 8 59029 385437
 4 75 1 73 1 57 1 10 134213 1183220
 5 86 0 36 1 34 1 6 51012 457326
 6 101 1 81 1 62 1 8 256162 2108563
 7 90 1 66 1 65 1 8 215338 1292905
 8 76 1 69 1 51 1 6 150223 1442701
 9 65 0 30 1 30 1 11 30284 223063
 10 61 1 46 1 37 1 6 53890 530876
 11 96 0 52 1 45 1 9 90066 692630
 12 112 0 57 0 27 1 8 99792 614089
 13 103 1 93 1 54 1 4 227615 1706679
 14 110 1 84 1 68 1 7 371644 2357394
 15 92 0 30 1 27 1 7 42934 303718
 74 2509805
 587 233 220 12342679 114589263
 15
 1 86 1 79 1 69 1 7 216268 1807090
 2 53 1 46 1 31 1 4 39845 253396
 3 96 0 51 1 37 1 8 99753 804022
 4 119 0 55 1 54 1 8 204720 1948017
 5 77 0 74 0 37 1 9 88775 819907
 6 96 0 73 0 24 1 6 88734 782914
 7 75 1 67 1 54 1 5 117853 1101362
 8 88 1 71 1 61 1 4 172756 1154230
 9 120 0 93 0 46 1 5 253834 2201573
 10 104 1 70 1 69 1 9 223684 1915303
 11 72 1 69 1 61 1 5 148490 1362795
 12 68 1 51 1 43 1 6 74638 721287
 13 118 0 71 1 53 1 8 241144 2111829
 14 78 1 57 1 54 1 9 119624 964954
 15 72 0 67 0 22 1 7 58501 479664
 75 2509905
 587 233 220 16861356 157460303
 15
 1 101 0 81 0 24 1 7 116641 709281
 2 94 0 72 0 29 1 7 112175 855706
 3 79 1 72 1 47 1 8 146252 893356
 4 90 0 36 1 35 1 8 63720 513262
 5 68 1 51 1 40 1 13 72113 664547
 6 48 1 45 1 35 1 11 31714 316823
 7 108 1 84 1 69 1 9 263897 1628148
 8 91 0 45 1 31 1 4 55690 441701
 9 84 1 80 1 62 1 15 245800 1982267
 10 77 1 71 1 41 1 3 109583 1054017
 11 91 0 78 1 42 1 6 121874 1032580
 12 82 1 80 1 60 1 12 220536 1892840
 13 89 0 42 1 26 1 5 56949 458611
 14 45 1 41 1 30 1 4 30094 211823
 15 79 0 51 1 29 1 11 48980 468045
 76 2510005
 587 233 220 17675498 131838384
 15
 1 77 0 42 1 30 1 11 56851 373023
 2 98 0 45 1 28 1 5 66458 527362
 3 61 1 58 1 32 1 6 46210 348599
 4 92 1 77 1 61 1 7 179159 1084968
 5 58 0 44 1 27 1 11 29488 267680
 6 108 0 72 1 50 1 8 205767 1866751
 7 93 1 72 1 71 1 6 250759 2361722
 8 111 0 49 1 30 1 6 90396 732122
 9 79 1 66 1 49 1 14 122705 1176230
 10 85 0 74 1 39 1 11 133774 1040614
 11 106 0 34 1 33 1 9 63040 412351
 12 113 1 91 1 76 1 8 344727 2512450
 13 57 1 49 1 43 1 4 48171 330926
 14 103 0 80 0 27 1 7 121711 956078
 15 74 0 66 0 31 1 9 78362 645123
 77 2510105
 587 233 220 13401054 96494003
 15
 1 73 0 73 0 36 1 11 86040 677552
 2 87 0 49 1 26 1 12 60075 537757
 3 68 1 53 1 44 1 7 76053 612980
 4 73 0 57 1 33 1 10 62257 469972
 5 65 1 49 1 47 1 19 63745 628818
 6 80 0 65 1 35 1 10 101552 686127
 7 72 0 35 1 26 1 10 26457 259490
 8 75 1 68 1 40 1 7 85092 525429
 9 104 0 53 1 34 1 18 76168 656943
 10 97 0 93 0 45 1 9 209451 1952114
 11 79 1 54 1 49 1 17 104919 807731
 12 52 1 32 1 27 1 7 19227 128081
 13 84 1 72 1 59 1 12 210448 1533850
 14 74 1 71 1 53 1 5 160771 1129632
 15 102 0 70 0 27 1 4 104628 734086
 78 2510205
 587 233 220 15806622 146742525
 15
 1 105 0 68 1 42 1 9 171049 1283666
 2 75 0 37 1 24 1 12 31262 251409
 3 79 0 73 0 26 1 12 86537 782113
 4 95 0 53 1 38 1 13 78064 703180
 5 50 1 41 1 40 1 11 43644 300922
 6 80 1 59 1 52 1 9 120926 1072637
 7 90 0 74 0 35 1 5 133247 1269861
 8 87 1 60 1 60 1 9 152424 963012
 9 68 1 50 1 39 1 12 78719 564945
 10 78 0 64 0 25 1 10 53681 531362
 11 73 1 65 1 52 1 10 112519 788435
 12 83 0 48 1 38 1 9 87458 719116
 13 87 1 76 1 44 1 12 165332 1348839
 14 60 0 38 1 26 1 9 33465 323096
 15 82 1 65 1 64 1 13 186512 1280489
 79 2510305
 587 233 220 14917724 94414144
 15
 1 64 1 48 1 46 1 10 58288 447279
 2 79 0 25 1 22 1 15 24548 213326
 3 89 0 85 0 33 1 16 111090 968461
 4 79 0 66 1 34 1 10 76529 582779
 5 79 0 54 1 31 1 15 60103 514670
 6 115 0 95 0 22 1 10 124219 769465
 7 76 1 54 1 44 1 7 74832 670622
 8 80 0 44 1 29 1 17 44188 333647
 9 66 0 33 1 26 1 8 30731 243969
 10 50 1 32 1 32 1 7 20494 181913
 11 116 0 93 0 21 1 9 96653 776408
 12 113 0 64 1 50 1 9 169699 1501080
 13 101 0 80 0 31 1 13 101756 882180
 14 96 0 76 1 46 1 14 198785 1257673
 15 61 0 61 0 26 1 8 49224 341470
 80 2510405
 587 233 220 13429506 91927452
 15
 1 78 1 59 1 54 1 10 148718 1012279
 2 120 0 52 0 20 1 13 65224 540705
 3 100 1 67 1 54 1 9 148899 1302990
 4 91 0 59 1 37 1 8 112728 966192
 5 112 0 57 1 56 1 8 203371 1323136
 6 88 0 46 1 34 1 18 77977 665609
 7 108 0 78 1 53 1 12 221343 1846680
 8 100 0 48 1 29 1 11 59208 417448
 9 89 0 88 0 21 1 14 73078 700503
 10 90 0 40 1 21 1 15 37261 254071
 11 89 0 37 1 36 1 6 64919 639749
 12 62 0 53 0 20 1 7 31969 225553
 13 116 0 48 1 40 1 8 104225 672356
 14 64 0 49 1 32 1 10 54427 336449
 15 63 1 56 1 41 1 9 69157 521066
 81 2510505
 587 233 220 13334826 107585918
 15
 1 110 0 60 1 55 1 4 161214 1412232
 2 80 1 78 1 71 1 7 231011 2169618
 3 110 0 75 1 50 1 4 238672 2187636
 4 100 0 72 1 40 1 6 161388 1466812
 5 103 0 60 1 32 1 8 114576 1068526
 6 70 1 60 1 49 1 5 85485 514997
 7 80 1 72 1 62 1 5 187247 1739270
 8 120 1 74 1 67 1 9 238667 1798910
 9 75 0 52 1 37 1 9 76951 636265
 10 57 1 54 1 48 1 6 73984 669348
 11 62 1 55 1 53 1 3 105268 735036
 12 83 0 73 0 36 1 6 88236 777476
 13 75 1 64 1 40 1 4 86363 528534
 14 98 0 80 0 31 1 9 132804 1142383
 15 112 0 100 1 52 1 9 288415 2526407
 82 2510605
 587 233 220 14862016 98960959
 15
 1 65 1 51 1 50 1 7 94114 706971
 2 113 0 78 0 28 1 10 120774 989982
 3 120 0 35 1 32 1 10 54984 524334
 4 71 0 53 0 20 1 9 33275 316443
 5 94 1 70 1 64 1 8 189018 1571075
 6 64 0 33 1 32 1 9 27804 244981
 7 71 0 35 1 21 1 11 23540 151905
 8 85 1 59 1 49 1 8 147176 1082324
 9 108 0 62 1 53 1 9 154170 997896
 10 116 0 56 0 25 1 8 88502 642296
 11 75 0 69 1 35 1 11 89206 575415
 12 114 0 85 1 53 1 10 236836 2345800
 13 55 0 35 1 20 1 11 19370 139766
 14 89 1 72 1 66 1 4 223798 2140104
 15 92 1 62 1 47 1 14 145604 1057368
 83 2510705
 587 233 220 17678965 148479233
 15
 1 83 1 71 1 46 1 13 147484 1182094
 2 76 1 63 1 54 1 11 130998 1000737
 3 91 0 56 1 40 1 9 110141 827407
 4 61 1 42 1 34 1 9 47525 459240
 5 84 1 67 1 47 1 5 122626 798006
 6 95 1 79 1 57 1 9 199044 1195435
 7 90 0 80 0 23 1 10 97181 712117
 8 69 0 43 1 28 1 7 48572 450235
 9 72 1 69 1 48 1 7 130466 909191
 10 83 1 64 1 58 1 11 127543 1033717
 11 99 0 94 0 24 1 6 117618 1070378
 12 96 1 69 1 53 1 7 147885 1021450
 13 71 1 70 1 36 1 9 105813 719453
 14 57 1 52 1 45 1 11 76444 593610
 15 99 0 71 1 43 1 5 173554 1446228
 84 2510805
 587 233 220 16718656 167179717
 15
 1 114 0 77 1 42 1 8 180248 1773275
 2 105 1 81 1 74 1 12 282648 2709413
 3 76 1 73 1 50 1 8 125005 839995
 4 104 0 91 0 41 1 11 208596 1424330
 5 75 0 70 0 23 1 9 66025 470107
 6 93 0 67 0 20 1 11 62041 531406
 7 89 0 54 0 25 1 10 56712 478380
 8 89 0 46 1 28 1 10 59263 514891
 9 36 1 35 1 24 1 11 14100 128721
 10 72 0 50 1 29 1 5 60071 540713
 11 72 1 41 1 38 1 9 65350 395255
 12 84 0 32 1 24 1 7 30927 285693
 13 85 0 53 1 31 1 9 74263 501969
 14 115 0 94 0 38 1 9 205408 1805463
 15 60 1 51 1 38 1 8 56049 554638
 85 2510905
 587 233 220 16941716 116571749
 15
 1 55 0 37 1 22 1 10 20791 206266
 2 72 0 55 1 31 1 12 62389 415157
 3 61 1 56 1 36 1 6 50283 459273
 4 76 0 72 0 22 1 7 56709 464430
 5 74 1 66 1 61 1 10 148866 1129271
 6 43 1 39 1 32 1 9 28778 277954
 7 108 0 98 0 27 1 10 127072 951369
 8 109 1 73 1 65 1 8 232756 1709987
 9 97 0 92 0 40 1 8 144213 975350
 10 109 1 80 1 62 1 9 306349 2566915
 11 57 1 57 1 45 1 6 69239 427099
 12 114 0 43 1 41 1 8 97158 835287
 13 100 1 69 1 67 1 8 186197 1746207
 14 82 0 68 0 24 1 7 61548 536202
 15 97 0 34 1 31 1 10 58776 417588
 86 2511005
 587 233 220 17075836 145277913
 15
 1 87 0 33 1 28 1 9 45082 365867
 2 97 1 70 1 57 1 11 199988 1406396
 3 71 1 57 1 38 1 11 64379 460750
 4 63 1 53 1 47 1 8 94003 611789
 5 77 0 56 1 37 1 13 94399 718512
 6 102 0 67 1 47 1 7 141999 1121512
 7 72 0 31 1 29 1 10 33214 261997
 8 84 0 58 1 38 1 11 84556 794803
 9 84 1 57 1 56 1 5 112751 700584
 10 88 0 76 0 33 1 9 124517 792864
 11 109 1 76 1 73 1 12 272691 1962246
 12 57 1 55 1 54 1 9 94019 810686
 13 115 0 26 1 25 1 8 37547 284760
 14 71 1 50 1 41 1 7 70435 561753
 15 102 0 59 0 29 1 8 84565 532527
 87 2511105
 587 233 220 17890244 165274175
 15
 1 119 0 34 1 28 1 8 65282 519872
 2 84 1 69 1 48 1 8 152580 1323507
 3 97 1 82 1 78 1 9 356283 2395035
 4 109 0 43 1 33 1 10 76720 580479
 5 80 1 75 1 47 1 11 123547 774119
 6 74 0 62 0 30 1 7 70631 596929
 7 40 1 35 1 31 1 5 25536 221786
 8 58 0 43 1 26 1 7 37368 314611
 9 111 1 73 1 71 1 8 291681 1911783
 10 95 0 66 1 43 1 5 126612 838123
 11 96 0 82 0 28 1 10 98442 855003
 12 84 1 73 1 66 1 2 191907 1411301
 13 62 1 42 1 38 1 6 44651 340581
 14 108 1 91 1 58 1 8 267910 2299264
 15 96 0 81 0 25 1 4 84498 630744
 88 2511205
 587 233 220 15936445 101727460
 15
 1 100 0 60 1 40 1 8 112788 1045186
 2 89 0 67 1 34 1 7 109690 968876
 3 92 0 80 0 38 1 15 124786 798032
 4 90 0 81 0 24 1 11 95289 682909
 5 84 0 52 1 38 1 12 78603 566613
 6 77 1 54 1 46 1 11 94716 708244
 7 90 0 49 1 33 1 15 62358 497266
 8 78 0 45 1 27 1 10 44365 373206
 9 76 0 57 0 28 1 7 59924 458814
 10 102 0 38 1 27 1 10 60821 516931
 11 55 1 45 1 39 1 18 43837 353517
 12 115 0 78 0 29 1 8 119430 797733
 13 98 1 58 1 53 1 9 160890 1025475
 14 75 1 64 1 44 1 20 110660 1096241
 15 61 0 57 0 20 1 10 33123 269543
 89 2511305
 587 233 220 14141525 138793758
 15
 1 95 0 92 0 46 1 4 178082 1335937
 2 65 1 60 1 40 1 7 87689 695935
 3 103 1 62 1 59 1 9 173558 1651897
 4 71 1 65 1 52 1 8 112563 1097769
 5 119 0 87 0 28 1 6 161672 1378679
 6 109 1 92 1 78 1 7 394894 3784252
 7 58 1 54 1 35 1 3 60759 394252
 8 98 1 73 1 64 1 10 231763 2110820
 9 44 1 44 1 40 1 12 38640 299141
 10 70 0 69 1 35 1 6 99349 765083
 11 119 0 61 1 58 1 7 225394 1904707
 12 89 1 55 1 45 1 4 88438 770724
 13 75 1 68 1 58 1 8 120700 818155
 14 43 1 37 1 30 1 5 24866 211924
 15 95 0 77 1 41 1 4 137080 979538
 90 2511405
 587 233 220 17225174 127690723
 15
 1 91 0 52 1 33 1 7 81109 744654
 2 87 1 81 1 63 1 5 204168 1670768
 3 113 0 79 1 45 1 8 167011 1205626
 4 114 0 52 1 45 1 8 137985 1140334
 5 110 1 90 1 66 1 6 369625 3245746
 6 81 0 41 1 31 1 2 46369 360891
 7 108 0 67 1 37 1 3 132927 833956
 8 118 0 82 1 57 1 8 318886 3132785
 9 96 0 60 0 30 1 7 89632 760484
 10 43 1 42 1 36 1 6 32218 297471
 11 93 1 78 1 77 1 6 233362 1799430
 12 85 0 62 0 25 1 9 76185 542673
 13 93 0 83 0 30 1 1 118920 1181332
 14 101 1 87 1 77 1 7 280928 2335786
 15 112 0 72 1 56 1 2 233464 1504073
 91 2511505
 587 233 220 14048493 125177961
 15
 1 86 1 65 1 57 1 6 177389 1360627
 2 61 1 37 1 32 1 8 28970 226807
 3 39 1 33 1 27 1 8 18947 184069
 4 85 0 33 1 26 1 8 33221 278437
 5 101 0 94 0 42 1 6 182960 1805324
 6 65 1 53 1 46 1 3 66782 579013
 7 76 1 72 1 39 1 6 119236 843784
 8 47 1 42 1 25 1 9 29349 285060
 9 93 1 76 1 60 1 8 222755 2065568
 10 95 1 74 1 51 1 11 178508 1240783
 11 97 0 66 0 32 1 12 111575 796948
 12 116 0 78 0 37 1 6 180584 1725222
 13 98 0 53 1 47 1 14 114745 810587
 14 68 1 63 1 60 1 11 112329 944369
 15 93 1 91 1 68 1 7 307212 2740056
 92 2511605
 587 233 220 16933300 126200833
 15
 1 96 1 82 1 63 1 7 231421 2053605
 2 74 1 63 1 59 1 7 129122 1106364
 3 86 0 60 1 43 1 10 130178 981149
 4 90 1 67 1 57 1 8 203414 1432429
 5 97 1 91 1 80 1 6 421734 3094660
 6 116 0 61 0 28 1 8 90042 801461
 7 86 0 41 1 35 1 12 60735 554044
 8 67 0 44 1 26 1 5 40704 401961
 9 115 0 79 0 31 1 9 113652 1076260
 10 62 1 59 1 46 1 9 68676 499227
 11 49 1 41 1 39 1 4 39300 249202
 12 55 1 48 1 33 1 8 45694 277939
 13 113 1 89 1 63 1 8 349728 2535945
 14 49 1 36 1 33 1 7 33676 251447
 15 71 1 63 1 54 1 6 136539 982062
 93 2511705
 587 233 220 13402924 126779599
 15
 1 78 0 69 1 37 1 5 107299 826877
 2 115 1 90 1 58 1 9 304356 2836353
 3 68 0 53 0 20 1 5 37347 300737
 4 119 0 71 1 47 1 5 208929 1427948
 5 100 1 82 1 57 1 5 208872 1663287
 6 88 1 76 1 52 1 7 168826 1487140
 7 95 0 90 0 43 1 4 158050 1470048
 8 87 1 72 1 62 1 5 202147 1414648
 9 80 1 66 1 47 1 5 104149 1020732
 10 120 1 78 1 67 1 5 307442 2636388
 11 103 1 65 1 60 1 6 212286 1423515
 12 86 1 60 1 50 1 9 127752 1068591
 13 80 0 49 1 37 1 5 65145 575312
 14 94 0 83 0 36 1 6 120583 970332
 15 92 1 59 1 51 1 5 163698 1003768
 94 2511805
 587 233 220 13221303 107178579
 15
 1 75 1 73 1 69 1 9 158526 1461005
 2 66 1 56 1 40 1 8 84563 762264
 3 64 1 51 1 41 1 13 59646 456951
 4 90 0 52 1 28 1 9 56056 395088
 5 73 0 33 1 28 1 14 38511 280131
 6 91 1 76 1 60 1 11 230817 2132711
 7 54 1 45 1 28 1 13 36237 261593
 8 107 1 81 1 56 1 7 258989 2165836
 9 63 1 53 1 44 1 11 81682 778744
 10 88 1 75 1 50 1 9 191581 1232340
 11 79 0 76 0 20 1 5 63352 398796
 12 116 1 71 1 66 1 9 246105 2233644
 13 84 0 52 1 35 1 11 64251 527639
 14 61 0 56 0 22 1 5 38129 301542
 15 54 1 53 1 31 1 4 43727 394808
 95 2511905
 587 233 220 15354002 125028412
 15
 1 101 0 69 0 20 1 9 69646 418784
 2 108 0 66 1 54 1 9 174572 1346849
 3 74 0 62 1 33 1 11 81713 510193
 4 69 0 61 1 33 1 12 76810 745473
 5 71 0 64 0 31 1 8 69840 643522
 6 38 1 32 1 30 1 14 20622 176734
 7 108 0 47 1 37 1 12 107082 778786
 8 100 0 41 1 36 1 9 63337 389009
 9 99 0 79 0 39 1 10 171037 1588909
 10 83 0 55 0 22 1 9 44678 396648
 11 99 0 49 1 36 1 9 92803 867536
 12 83 0 56 0 22 1 11 44716 435594
 13 66 1 52 1 44 1 6 74752 705288
 14 120 0 69 0 29 1 12 140225 894581
 15 101 0 90 1 50 1 14 248008 2036902
 96 2512005
 587 233 220 17430177 162937274
 15
 1 64 0 42 1 26 1 10 36375 332148
 2 92 1 58 1 52 1 10 153200 1294046
 3 92 0 85 0 21 1 10 80491 684406
 4 90 0 49 1 33 1 5 63642 552337
 5 54 1 48 1 34 1 9 48743 321409
 6 95 0 62 1 45 1 12 157057 1547692
 7 72 1 49 1 46 1 6 76356 472139
 8 56 0 42 1 25 1 3 26478 174590
 9 64 0 34 1 26 1 8 27232 239064
 10 113 0 90 1 54 1 6 251803 2086379
 11 113 0 52 1 42 1 8 107072 679818
 12 94 0 86 0 38 1 13 165645 1082416
 13 81 1 80 1 68 1 5 211751 1782333
 14 87 1 79 1 55 1 12 226770 1570321
 15 81 1 52 1 45 1 14 98212 832808
 97 2512105
 587 233 220 15257173 147458577
 15
 1 74 0 60 1 32 1 10 84626 653415
 2 100 0 50 1 43 1 8 118750 844810
 3 95 0 74 1 42 1 11 171805 1487176
 4 95 0 70 0 30 1 8 91490 856627
 5 45 1 37 1 24 1 11 17409 173539
 6 67 0 60 0 25 1 8 49045 346982
 7 55 1 51 1 35 1 11 54340 401650
 8 76 1 71 1 61 1 10 190953 1291456
 9 119 0 88 1 51 1 8 259796 1756037
 10 98 0 81 0 26 1 7 88732 735335
 11 86 1 69 1 61 1 13 199753 1471479
 12 117 0 54 1 30 1 10 92198 847156
 13 96 0 40 1 24 1 8 46598 417759
 14 54 1 52 1 41 1 8 68608 474245
 15 89 0 61 1 41 1 10 91657 590722
 98 2512205
 587 233 220 17061969 150168931
 15
 1 106 0 55 1 38 1 11 98668 628475
 2 69 1 50 1 48 1 18 77079 700977
 3 106 1 63 1 57 1 7 156662 1293933
 4 71 1 66 1 51 1 14 126125 816225
 5 62 1 41 1 36 1 10 44967 389883
 6 75 1 49 1 39 1 12 78027 483516
 7 90 1 64 1 53 1 7 152775 1270905
 8 96 1 79 1 55 1 9 180704 1359134
 9 83 1 75 1 67 1 7 247463 2036366
 10 58 1 48 1 30 1 10 39825 277749
 11 81 0 59 0 24 1 8 55208 445440
 12 71 1 56 1 41 1 11 73722 651366
 13 111 0 76 1 40 1 7 184827 1363462
 14 113 0 27 1 26 1 7 42598 304948
 15 50 1 41 1 36 1 9 34581 288995
 99 2512305
 587 233 220 13880054 124557923
 15
 1 51 1 46 1 44 1 14 46139 336837
 2 95 0 92 1 47 1 14 200566 1245492
 3 116 0 39 1 23 1 7 59805 390432
 4 51 1 37 1 32 1 7 35300 350304
 5 117 0 44 1 38 1 8 81158 626146
 6 103 1 89 1 73 1 7 338192 2952994
 7 73 1 55 1 54 1 6 113593 1131200
 8 116 0 98 0 40 1 9 243370 1508984
 9 62 0 48 0 22 1 8 30797 220147
 10 106 0 38 1 30 1 7 61334 524375
 11 100 0 40 1 32 1 7 70367 514108
 12 87 0 53 0 26 1 5 64560 393052
 13 57 1 35 1 35 1 4 38406 357691
 14 80 1 75 1 75 1 11 226088 2203214
 15 111 0 88 0 32 1 6 165219 1220006
 100 2512405
 587 233 220 15109753 112003032
 15
 1 78 1 49 1 47 1 7 100941 608884
 2 46 1 45 1 43 1 7 40211 379716
 3 98 0 44 1 36 1 9 67905 594260
 4 100 0 89 0 31 1 8 150142 1059162
 5 108 0 76 1 47 1 7 212875 1651928
 6 75 0 36 1 28 1 5 41019 337579
 7 108 1 82 1 56 1 14 284139 2283511
 8 45 1 41 1 24 1 16 24828 208474
 9 103 0 48 1 38 1 9 111546 888138
 10 74 1 62 1 46 1 13 113967 1127082
 11 96 0 56 1 44 1 9 105897 654351
 12 117 0 64 1 42 1 10 138779 983700
 13 73 1 71 1 50 1 6 115284 927151
 14 61 1 48 1 47 1 6 72769 657994
 15 91 0 49 1 27 1 13 56881 439028
