100
 1 2502505
 587 233 220 14602273 144428286
 20
 1 108 0 76 0 30 1 10 124532 981808
 2 110 0 43 1 25 1 6 59770 383212
 3 92 1 81 1 55 1 5 209300 1278554
 4 81 0 33 1 28 1 5 34685 334487
 5 120 1 99 1 73 1 6 401506 2443165
 6 111 0 70 1 48 1 4 159822 1166621
 7 98 0 72 1 46 1 7 179551 1503526
 8 95 0 66 0 31 1 6 110573 937419
 9 85 0 84 0 30 1 5 126521 1215643
 10 71 0 32 1 25 1 5 33021 246990
 11 36 1 34 1 25 1 4 14517 97559
 12 97 1 67 1 62 1 8 187005 1209946
 13 33 1 25 1 23 1 2 9955 64352
 14 95 0 27 1 26 1 5 38248 367780
 15 94 0 81 1 44 1 8 193140 1185143
 16 41 1 39 1 38 1 4 36185 249745
 17 104 1 74 1 65 1 4 272010 1840384
 18 52 1 41 1 36 1 4 45739 383153
 19 104 0 78 0 34 1 6 116518 967431
 20 83 1 77 1 46 1 6 168001 1151909
 2 2502605
 587 233 220 17478065 167726061
 20
 1 49 0 25 1 21 1 10 13222 124960
 2 60 1 51 1 41 1 7 73151 706621
 3 103 1 76 1 64 1 6 229227 1930473
 4 95 1 70 1 62 1 6 221574 1381252
 5 111 0 49 1 26 1 1 83547 507706
 6 85 1 84 1 72 1 9 234914 1583101
 7 48 1 36 1 31 1 7 26535 171058
 8 86 0 76 0 38 1 7 142874 1266647
 9 71 1 48 1 47 1 7 84817 650016
 10 90 0 43 1 33 1 7 66919 480773
 11 98 0 52 1 44 1 7 116027 1034527
 12 73 0 37 1 23 1 6 36483 274830
 13 61 1 48 1 39 1 8 58557 552559
 14 75 1 75 1 63 1 6 149547 1200355
 15 74 1 42 1 40 1 6 50031 390922
 16 98 0 88 0 26 1 3 125625 1186829
 17 97 0 69 1 41 1 11 143560 1044454
 18 89 1 77 1 46 1 6 148007 1060082
 19 73 1 64 1 55 1 5 140285 877194
 20 84 1 69 1 66 1 4 186459 1278988
 3 2502705
 587 233 220 13998633 135136689
 20
 1 97 0 81 0 27 1 4 96280 693124
 2 102 0 78 0 39 1 4 170630 1541601
 3 113 0 46 1 36 1 10 89171 870699
 4 66 1 50 1 42 1 7 74896 668953
 5 101 0 30 1 26 1 6 40852 293859
 6 100 0 56 1 35 1 6 95706 950670
 7 91 0 50 1 40 1 4 85360 531609
 8 106 1 61 1 56 1 4 147184 1055473
 9 103 1 63 1 58 1 9 218238 1494859
 10 75 1 57 1 41 1 7 88274 717830
 11 71 1 68 1 64 1 5 126626 1164441
 12 85 0 67 1 39 1 7 118744 816995
 13 97 1 63 1 56 1 7 158141 1425865
 14 61 0 48 1 30 1 5 35418 287053
 15 80 0 54 1 35 1 5 77161 672901
 16 73 1 66 1 62 1 12 119616 1140926
 17 90 1 74 1 69 1 8 266246 1819822
 18 118 0 61 1 40 1 4 121658 1039131
 19 94 0 43 1 31 1 4 58246 380766
 20 90 0 49 1 30 1 8 58114 469712
 4 2502805
 587 233 220 12765654 90347759
 20
 1 113 0 92 0 33 1 7 188356 1868297
 2 52 1 37 1 28 1 6 24670 185757
 3 57 1 33 1 29 1 8 30781 237339
 4 99 0 37 1 30 1 5 62265 506173
 5 92 0 64 1 33 1 11 85759 756510
 6 119 0 59 1 39 1 4 142553 1353951
 7 54 1 52 1 49 1 16 59043 354816
 8 75 0 45 1 35 1 4 50270 400749
 9 79 1 68 1 44 1 6 101423 1012722
 10 116 0 49 1 47 1 5 155591 1257989
 11 83 0 44 1 23 1 7 34625 258413
 12 98 1 96 1 56 1 9 303787 2889763
 13 78 1 72 1 57 1 4 138580 1068659
 14 98 0 88 1 47 1 9 202558 1935153
 15 41 1 33 1 31 1 13 22842 179919
 16 59 1 35 1 34 1 6 41779 285942
 17 83 0 78 0 37 1 4 131240 1151762
 18 68 0 34 1 33 1 8 36072 259021
 19 103 0 69 1 49 1 8 144127 1356918
 20 97 0 53 1 32 1 13 93014 812508
 5 2502905
 587 233 220 17854115 174757519
 20
 1 88 0 54 1 39 1 6 93012 608104
 2 94 0 54 1 36 1 4 73679 512026
 3 87 0 77 1 43 1 5 117877 879542
 4 100 1 80 1 72 1 7 287491 2377429
 5 83 0 40 1 36 1 7 59672 516124
 6 91 0 54 0 22 1 10 43895 390853
 7 109 0 58 1 54 1 10 196463 1555175
 8 94 0 55 1 30 1 10 79415 511347
 9 34 1 32 1 31 1 12 18196 135898
 10 83 1 80 1 57 1 5 216167 2053362
 11 108 0 40 1 26 1 8 64192 458829
 12 72 0 37 1 32 1 3 36000 230435
 13 93 0 93 0 28 1 4 136803 1332659
 14 71 0 56 1 33 1 5 73018 515273
 15 104 0 78 0 26 1 5 112302 938204
 16 94 0 85 1 44 1 3 189458 1862202
 17 82 1 75 1 65 1 11 182236 1374353
 18 109 0 81 0 28 1 3 99129 689436
 19 79 1 73 1 45 1 5 137958 1369143
 20 104 1 91 1 76 1 3 351930 3043339
 6 2503005
 587 233 220 13998536 121151258
 20
 1 86 1 84 1 45 1 6 152165 1004594
 2 81 0 45 1 34 1 14 69115 680904
 3 70 1 54 1 37 1 13 75788 729160
 4 71 1 61 1 52 1 7 115452 977493
 5 78 1 73 1 40 1 8 102150 655142
 6 69 1 63 1 46 1 7 114249 933268
 7 72 1 67 1 56 1 8 110537 968764
 8 75 0 75 0 36 1 9 116084 865401
 9 94 1 88 1 50 1 5 197979 1580097
 10 65 1 51 1 50 1 10 90866 659130
 11 81 1 56 1 46 1 8 114662 1052468
 12 68 0 44 1 27 1 7 36612 232579
 13 108 0 52 1 45 1 9 142203 878729
 14 114 0 80 1 44 1 7 209349 1642929
 15 84 0 39 1 22 1 6 30853 301507
 16 62 0 58 1 30 1 6 45597 418227
 17 86 0 68 0 33 1 8 84115 515526
 18 59 0 52 0 22 1 3 32564 297544
 19 42 0 33 1 21 1 10 13548 129118
 20 110 0 74 1 38 1 5 126248 788441
 7 2503105
 587 233 220 17223637 114260447
 20
 1 118 0 79 1 51 1 6 216774 1793066
 2 86 0 32 1 31 1 6 48265 303223
 3 64 1 58 1 52 1 5 97432 747074
 4 42 1 42 1 32 1 4 31071 202027
 5 64 1 55 1 43 1 6 90573 777761
 6 84 0 70 0 35 1 7 106561 812950
 7 76 0 57 1 36 1 6 71040 592489
 8 95 1 60 1 55 1 6 132584 1066390
 9 80 1 66 1 52 1 8 153168 920505
 10 109 0 73 0 23 1 6 73442 694102
 11 72 1 65 1 54 1 3 140662 1234905
 12 98 0 55 1 44 1 4 123324 1040167
 13 88 0 61 1 31 1 5 76164 545964
 14 94 1 82 1 66 1 5 242362 1720561
 15 78 1 77 1 64 1 6 180279 1259995
 16 77 0 32 1 30 1 6 38985 365856
 17 91 1 61 1 61 1 5 176200 1308496
 18 101 1 100 1 77 1 4 353903 2806836
 19 103 1 63 1 59 1 5 215211 1798694
 20 117 0 61 1 57 1 6 183407 1652457
 8 2503205
 587 233 220 16412987 161689968
 20
 1 75 1 58 1 57 1 3 112370 1025893
 2 57 1 37 1 30 1 5 33117 258913
 3 79 0 74 0 35 1 4 95682 773639
 4 104 1 99 1 74 1 6 344536 2291325
 5 55 1 46 1 31 1 9 34454 214787
 6 99 0 98 0 33 1 6 181223 1285141
 7 90 1 85 1 59 1 7 263438 1919727
 8 115 0 74 1 44 1 4 213066 1330167
 9 107 0 67 0 21 1 6 85039 531862
 10 81 1 76 1 55 1 9 167902 1342952
 11 118 0 84 0 27 1 9 135130 1127129
 12 67 1 60 1 38 1 6 66811 616870
 13 78 1 48 1 46 1 8 70735 632256
 14 67 1 53 1 49 1 3 100008 777741
 15 74 1 43 1 38 1 4 69804 578298
 16 89 1 81 1 62 1 5 267336 1839978
 17 95 0 54 1 28 1 5 79971 718834
 18 72 1 72 1 51 1 8 113144 1093744
 19 93 0 72 0 35 1 6 129318 1060031
 20 40 1 33 1 23 1 6 16152 115065
 9 2503305
 587 233 220 14620884 116748157
 20
 1 90 1 70 1 63 1 3 197753 1450983
 2 84 0 78 0 28 1 1 105687 966116
 3 94 0 85 0 39 1 6 183783 1408275
 4 80 1 76 1 54 1 7 155647 1027570
 5 69 1 50 1 45 1 6 87180 589364
 6 70 1 57 1 37 1 8 61574 549356
 7 94 1 61 1 54 1 4 175721 1403117
 8 92 0 44 1 29 1 7 48904 379460
 9 72 1 53 1 37 1 4 74203 627281
 10 89 0 43 1 27 1 4 58857 453852
 11 91 0 44 1 28 1 7 60392 491251
 12 78 1 76 1 68 1 11 195208 1759184
 13 84 0 61 1 33 1 7 75669 754301
 14 107 0 40 1 39 1 5 89865 790820
 15 114 1 75 1 69 1 7 282193 2695471
 16 57 1 55 1 48 1 11 80965 577177
 17 99 0 57 1 47 1 4 147713 1274357
 18 92 0 66 1 44 1 7 122216 1144455
 19 73 1 48 1 42 1 10 72711 570081
 20 99 0 46 1 39 1 10 93417 824057
 10 2503405
 587 233 220 15651525 127981406
 20
 1 68 0 66 0 31 1 6 64232 403587
 2 120 0 34 1 26 1 4 57783 449897
 3 95 1 76 1 60 1 5 254915 1733154
 4 61 1 47 1 34 1 8 48625 416776
 5 53 1 45 1 36 1 9 44928 390726
 6 80 1 52 1 42 1 5 104290 892271
 7 109 0 63 0 28 1 7 98100 778668
 8 74 0 64 1 35 1 6 76667 698190
 9 53 1 40 1 36 1 3 43370 406632
 10 102 1 96 1 59 1 8 250533 2220664
 11 64 1 60 1 47 1 10 82420 797998
 12 99 0 90 0 32 1 8 132775 962742
 13 76 1 50 1 43 1 5 74426 575158
 14 90 0 75 0 25 1 6 78582 769902
 15 94 0 65 1 37 1 4 106562 710973
 16 117 0 34 1 28 1 5 45000 342155
 17 39 1 28 1 24 1 5 13397 98604
 18 92 0 60 1 42 1 9 99758 702498
 19 102 0 78 1 49 1 13 207118 1361875
 20 82 1 69 1 46 1 9 128841 1053049
 11 2503505
 587 233 220 13485217 108595433
 20
 1 74 1 63 1 61 1 4 135706 1140648
 2 71 0 60 0 25 1 8 59902 503678
 3 106 1 80 1 59 1 7 206023 1661174
 4 109 0 76 1 42 1 7 151256 1152037
 5 118 0 56 0 22 1 6 72388 585786
 6 105 0 67 1 43 1 7 136910 1068256
 7 72 1 65 1 37 1 4 100790 948366
 8 84 1 59 1 54 1 5 113590 1099695
 9 91 0 69 0 26 1 10 93930 866014
 10 69 0 31 1 28 1 9 35207 240917
 11 76 0 67 1 37 1 8 90326 604604
 12 48 1 39 1 25 1 6 23656 156408
 13 91 1 79 1 66 1 6 240698 1850549
 14 72 1 63 1 42 1 6 108849 761051
 15 74 1 74 1 60 1 10 170672 1420125
 16 85 0 78 0 20 1 10 70309 518023
 17 52 1 32 1 32 1 8 22797 141004
 18 83 1 63 1 54 1 11 127232 1171787
 19 71 0 32 1 26 1 4 29290 210734
 20 65 0 53 1 30 1 7 46475 332667
 12 2503605
 587 233 220 13651321 86335005
 20
 1 95 1 80 1 57 1 5 180731 1331023
 2 112 0 87 0 23 1 7 127761 1199567
 3 116 0 41 1 40 1 10 110288 744374
 4 98 1 80 1 56 1 5 184517 1756897
 5 108 1 60 1 59 1 6 184292 1525687
 6 82 1 77 1 67 1 8 203147 1873115
 7 67 1 46 1 36 1 7 55718 393717
 8 104 0 72 1 44 1 12 172938 1520943
 9 89 0 56 0 24 1 4 62426 598033
 10 64 1 36 1 36 1 5 42503 330175
 11 101 0 86 0 31 1 5 137009 826133
 12 69 1 65 1 37 1 9 94372 715784
 13 106 0 39 1 22 1 8 44803 368087
 14 100 0 58 1 37 1 9 119820 1034173
 15 56 1 53 1 35 1 4 56545 561919
 16 66 1 53 1 51 1 7 73945 473071
 17 116 0 36 1 20 1 8 48093 375131
 18 48 1 35 1 33 1 11 32704 254435
 19 63 1 62 1 41 1 9 78384 542730
 20 59 1 53 1 48 1 7 66891 640303
 13 2503705
 587 233 220 15493682 137536996
 20
 1 52 0 36 1 25 1 12 19638 195389
 2 63 0 37 1 21 1 11 20603 130586
 3 100 0 61 1 36 1 9 101352 981175
 4 79 0 52 1 36 1 8 76641 570517
 5 99 0 63 1 36 1 9 101224 858791
 6 97 0 49 1 30 1 9 83629 760126
 7 90 1 69 1 55 1 10 183507 1114399
 8 91 0 33 1 28 1 8 46188 418517
 9 111 0 76 1 41 1 4 159795 1591928
 10 95 0 44 1 35 1 5 73683 617779
 11 74 0 47 1 29 1 8 55369 445288
 12 100 0 48 0 20 1 6 40452 380570
 13 75 0 38 1 30 1 8 45310 381126
 14 86 1 68 1 44 1 8 154334 1042798
 15 72 0 52 1 33 1 8 57838 382027
 16 112 0 52 0 25 1 5 76759 724767
 17 109 0 48 1 40 1 7 122657 1003781
 18 83 1 74 1 42 1 16 103796 739295
 19 101 0 93 0 40 1 6 153597 1312345
 20 76 0 66 0 31 1 15 92367 602697
 14 2503805
 587 233 220 12469304 96733476
 20
 1 68 0 48 1 31 1 4 45253 295733
 2 104 1 80 1 63 1 10 288379 2276665
 3 82 0 46 0 21 1 6 37757 345874
 4 114 1 78 1 60 1 9 242914 1632449
 5 90 1 74 1 66 1 4 258041 2188306
 6 112 0 54 1 36 1 3 99264 685462
 7 71 1 64 1 54 1 4 119924 1114360
 8 74 0 53 1 33 1 8 60542 555412
 9 75 1 62 1 57 1 4 156639 1037304
 10 68 1 62 1 52 1 4 103636 765352
 11 64 1 49 1 47 1 7 70141 534701
 12 60 1 39 1 36 1 4 35562 299846
 13 55 1 45 1 35 1 7 45334 322464
 14 59 1 35 1 31 1 4 27378 246960
 15 104 0 47 1 34 1 3 72326 509682
 16 81 0 74 1 38 1 9 132885 1273499
 17 101 0 77 1 45 1 8 148108 1362994
 18 116 0 55 1 36 1 7 103557 787367
 19 77 1 71 1 47 1 6 136780 1316058
 20 90 0 73 1 38 1 8 116869 1098831
 15 2503905
 587 233 220 15070684 103060448
 20
 1 100 0 44 1 37 1 6 86049 768391
 2 90 1 78 1 55 1 5 159363 1440320
 3 65 1 57 1 42 1 5 92072 690267
 4 85 0 58 1 41 1 7 112199 1038104
 5 81 1 69 1 50 1 8 142093 1232753
 6 84 1 78 1 51 1 4 160195 1137598
 7 109 1 73 1 73 1 3 291899 2067699
 8 73 1 58 1 52 1 5 111055 1064544
 9 73 1 49 1 40 1 6 74315 609981
 10 120 0 60 1 39 1 7 157526 1568842
 11 111 1 80 1 68 1 7 247023 1484650
 12 71 1 70 1 53 1 6 114528 796071
 13 71 1 70 1 59 1 7 142984 1061968
 14 93 0 78 0 33 1 7 133239 1293802
 15 83 1 71 1 43 1 7 126105 913000
 16 49 0 48 0 23 1 4 22101 214316
 17 94 0 49 1 44 1 5 90717 725622
 18 66 0 30 1 27 1 8 30509 223100
 19 77 1 54 1 40 1 4 99679 892136
 20 79 1 73 1 61 1 6 162296 1309958
 16 2504005
 587 233 220 13187946 87253558
 20
 1 43 1 40 1 39 1 7 34435 320083
 2 97 0 76 1 40 1 6 133533 1285207
 3 67 1 63 1 47 1 7 82233 625143
 4 98 0 57 1 38 1 4 114776 867159
 5 73 0 71 0 27 1 5 68660 598397
 6 66 1 56 1 41 1 6 83704 515770
 7 82 1 75 1 72 1 4 260350 2570281
 8 93 0 71 1 43 1 7 135972 1070762
 9 95 0 35 1 28 1 5 44865 373832
 10 88 1 72 1 68 1 3 237894 1471889
 11 88 0 85 0 35 1 11 147182 1260193
 12 100 1 83 1 69 1 4 242771 2281218
 13 74 0 30 1 27 1 4 26958 204394
 14 82 1 64 1 61 1 6 134052 1049786
 15 63 1 38 1 32 1 7 38891 350449
 16 108 1 97 1 70 1 8 412204 4006346
 17 87 1 72 1 53 1 6 179182 1403502
 18 107 0 75 0 24 1 10 110412 1070092
 19 101 0 31 1 30 1 6 45646 449830
 20 86 0 56 0 23 1 2 48497 474375
 17 2504105
 587 233 220 17227312 167336940
 20
 1 72 0 49 1 35 1 7 62374 477478
 2 75 1 66 1 47 1 7 102905 867128
 3 78 0 30 1 22 1 9 29741 290798
 4 119 1 79 1 79 1 6 444577 4286887
 5 76 1 65 1 62 1 7 151801 1437974
 6 119 1 81 1 65 1 4 354346 2165497
 7 91 0 77 0 36 1 7 126070 1079786
 8 113 0 89 0 27 1 7 156421 1238769
 9 98 0 59 1 44 1 5 111155 1010009
 10 76 1 55 1 43 1 6 93893 833622
 11 58 1 51 1 31 1 5 38865 360291
 12 94 0 40 1 25 1 10 48395 335889
 13 89 0 66 1 43 1 5 117688 1033677
 14 119 0 55 1 50 1 6 144312 1231791
 15 70 0 43 1 34 1 6 43829 368109
 16 76 1 71 1 56 1 6 125796 1147884
 17 80 0 58 1 40 1 7 107578 1049717
 18 79 1 57 1 46 1 3 88931 560849
 19 70 1 68 1 61 1 5 118659 968001
 20 93 0 46 1 39 1 7 72778 580827
 18 2504205
 587 233 220 14486674 115522017
 20
 1 104 0 55 1 30 1 3 68977 649821
 2 92 1 89 1 73 1 4 245471 2306094
 3 88 0 88 0 43 1 7 153118 1167328
 4 90 1 60 1 60 1 4 187919 1390832
 5 79 1 53 1 41 1 6 94369 754975
 6 96 0 91 0 28 1 7 139318 1262858
 7 100 1 90 1 79 1 3 417229 2630527
 8 73 0 42 1 32 1 3 55418 527575
 9 115 1 85 1 60 1 6 237889 2058274
 10 113 1 83 1 76 1 3 398540 3071863
 11 68 0 50 1 31 1 2 63030 492907
 12 70 0 41 1 30 1 10 41916 410148
 13 104 0 60 0 26 1 8 89005 636303
 14 86 0 36 1 29 1 6 46682 462218
 15 114 0 31 1 29 1 6 41098 408323
 16 44 1 44 1 42 1 6 44878 439647
 17 73 1 68 1 62 1 7 147765 952080
 18 98 1 94 1 74 1 3 398272 3617039
 19 92 0 44 1 40 1 3 65601 402972
 20 99 1 98 1 68 1 6 272851 2343405
 19 2504305
 587 233 220 13213186 129934874
 20
 1 60 0 45 1 26 1 9 31203 289769
 2 71 1 43 1 39 1 6 60422 504927
 3 99 1 71 1 64 1 7 221979 1698687
 4 61 1 41 1 40 1 3 49855 496423
 5 83 1 79 1 43 1 3 141590 1240837
 6 63 1 52 1 35 1 4 57881 353307
 7 54 0 33 1 20 1 5 15247 123772
 8 62 1 57 1 51 1 9 92630 840380
 9 79 1 76 1 71 1 6 177849 1138466
 10 91 1 81 1 48 1 5 165710 1022927
 11 95 0 70 0 23 1 4 85584 522674
 12 101 0 57 1 42 1 11 102004 906545
 13 119 1 76 1 61 1 8 312087 2820598
 14 78 0 54 0 22 1 7 55526 355177
 15 93 0 68 0 25 1 9 79033 632359
 16 104 0 94 0 27 1 2 149574 1106892
 17 66 1 65 1 36 1 12 76014 703077
 18 68 1 66 1 48 1 11 121282 1150257
 19 100 0 46 0 21 1 4 54696 393411
 20 106 0 81 0 30 1 10 151622 1070625
 20 2504405
 587 233 220 16065336 109107012
 20
 1 97 1 77 1 66 1 6 254261 1690395
 2 81 1 69 1 69 1 5 160835 1401743
 3 109 0 53 0 24 1 12 82788 577353
 4 98 0 33 1 20 1 8 29449 188532
 5 86 0 56 1 34 1 8 80180 579981
 6 76 0 50 1 35 1 6 70713 428632
 7 109 0 42 1 22 1 3 45411 434531
 8 82 1 69 1 42 1 9 133719 1124466
 9 58 1 43 1 31 1 6 35447 281627
 10 99 0 80 1 48 1 5 218833 1418323
 11 89 0 68 1 39 1 4 141539 1338465
 12 74 1 53 1 40 1 7 73470 669522
 13 97 0 43 1 32 1 7 60816 481656
 14 112 0 70 1 51 1 8 174269 1127604
 15 73 0 29 1 20 1 3 25033 150981
 16 74 1 72 1 68 1 4 181873 1184213
 17 70 1 64 1 58 1 6 111098 735633
 18 90 0 62 1 38 1 8 89270 592083
 19 76 1 69 1 58 1 10 174013 1209942
 20 113 0 65 1 53 1 5 199474 1625251
 21 2504505
 587 233 220 12964370 98676932
 20
 1 109 1 93 1 72 1 7 352071 2729786
 2 95 0 67 0 32 1 4 81971 539037
 3 119 0 45 1 36 1 4 106181 790498
 4 95 1 78 1 62 1 4 184695 1689851
 5 116 0 89 0 32 1 6 170794 1293836
 6 98 0 65 1 38 1 8 99985 705372
 7 72 0 51 0 24 1 7 52151 341845
 8 102 0 88 0 26 1 9 125568 960137
 9 99 0 47 1 44 1 7 112057 1068663
 10 106 0 52 1 31 1 8 92846 774171
 11 55 1 41 1 32 1 6 36071 273929
 12 71 0 65 0 29 1 9 56112 471940
 13 58 1 57 1 48 1 4 71812 437457
 14 79 0 56 0 25 1 3 62393 406766
 15 77 1 67 1 53 1 8 120646 847989
 16 60 1 41 1 40 1 10 41891 332212
 17 75 0 51 1 31 1 8 58920 460673
 18 86 0 56 1 40 1 4 99210 975264
 19 39 1 35 1 30 1 8 18829 113759
 20 119 0 76 1 48 1 9 257270 1623681
 22 2504605
 587 233 220 15243596 131765565
 20
 1 89 1 78 1 50 1 3 206149 1421300
 2 73 1 65 1 46 1 6 128559 1092899
 3 94 0 66 1 39 1 7 122956 1028176
 4 66 1 59 1 42 1 7 93978 736369
 5 106 1 93 1 70 1 5 338508 3019118
 6 80 1 71 1 62 1 2 158006 1315769
 7 60 0 36 1 26 1 10 33173 236390
 8 72 0 31 1 31 1 6 36384 290068
 9 63 0 63 0 31 1 6 55761 423086
 10 74 0 39 1 23 1 9 34145 279773
 11 105 0 72 1 52 1 10 194759 1393057
 12 101 0 76 1 45 1 11 173885 1088468
 13 93 1 73 1 65 1 5 183446 1305114
 14 74 1 47 1 42 1 5 64773 461139
 15 72 0 33 1 28 1 8 37212 292990
 16 99 0 91 0 45 1 5 195799 1836891
 17 79 1 60 1 44 1 7 103402 1021229
 18 81 1 57 1 50 1 7 99961 788649
 19 99 1 72 1 61 1 4 230957 1749728
 20 38 1 35 1 31 1 7 17220 132559
 23 2504705
 587 233 220 14497032 140088915
 20
 1 84 0 81 0 23 1 4 65896 530386
 2 115 1 72 1 64 1 4 281908 2375754
 3 77 0 49 1 25 1 15 42810 425567
 4 40 1 37 1 22 1 10 15483 142459
 5 97 0 96 0 46 1 6 195378 1173523
 6 95 0 43 1 25 1 12 48104 400884
 7 90 0 69 0 28 1 6 83233 656577
 8 56 1 51 1 49 1 3 62772 544555
 9 118 1 93 1 80 1 5 361423 2619407
 10 56 1 47 1 41 1 5 56427 369741
 11 78 0 71 0 27 1 7 62712 499169
 12 88 0 62 1 41 1 10 97663 887860
 13 87 0 53 0 21 1 8 46443 394249
 14 105 0 47 1 28 1 8 80413 759969
 15 103 1 68 1 65 1 3 207578 1595112
 16 67 0 64 0 31 1 10 77769 670245
 17 83 0 37 1 27 1 8 44982 298643
 18 44 1 31 1 29 1 10 20558 145084
 19 91 1 69 1 49 1 13 163581 1243667
 20 90 0 61 1 42 1 10 104163 649517
 24 2504805
 587 233 220 15542214 141368276
 20
 1 113 0 80 0 29 1 4 129972 1033547
 2 98 1 65 1 62 1 5 216875 1793055
 3 60 1 59 1 46 1 5 86674 817994
 4 100 1 97 1 64 1 5 322756 2925782
 5 99 0 88 0 23 1 3 114107 929607
 6 106 0 49 1 33 1 5 97942 759968
 7 78 0 54 1 30 1 1 53565 383231
 8 71 1 68 1 41 1 3 93575 703862
 9 83 0 80 0 35 1 5 126821 1158593
 10 99 0 55 0 27 1 7 61658 616536
 11 91 0 51 1 43 1 5 102549 744952
 12 99 1 78 1 72 1 4 267760 2152106
 13 102 0 88 0 37 1 9 180191 1482536
 14 97 1 75 1 72 1 6 303810 1905497
 15 83 0 63 0 27 1 3 63518 583415
 16 78 0 38 1 36 1 6 60858 434644
 17 120 0 88 1 55 1 10 276500 2617544
 18 77 0 72 1 38 1 8 89984 814998
 19 45 1 38 1 25 1 4 19160 166274
 20 73 0 48 0 23 1 7 39580 395059
 25 2504905
 587 233 220 15598043 102120832
 20
 1 75 0 54 1 35 1 10 82563 748362
 2 107 0 60 1 49 1 8 143616 1062852
 3 70 1 67 1 42 1 10 92672 626731
 4 78 1 71 1 44 1 10 129764 1098101
 5 78 0 61 0 27 1 6 58787 520372
 6 78 1 73 1 48 1 3 121519 1166700
 7 109 0 87 0 32 1 5 149502 1047613
 8 91 0 87 0 25 1 7 118607 761448
 9 67 1 51 1 47 1 4 92803 562958
 10 67 1 63 1 60 1 8 141996 961441
 11 115 0 59 1 34 1 6 111001 891208
 12 102 0 35 1 34 1 10 50625 490102
 13 117 0 54 1 48 1 4 168733 1137224
 14 70 1 61 1 40 1 6 97707 839680
 15 64 1 63 1 59 1 6 126253 797946
 16 95 1 87 1 63 1 5 244186 2320565
 17 113 0 92 0 23 1 5 103259 700535
 18 113 0 49 1 32 1 7 98639 687400
 19 99 1 75 1 63 1 5 217296 1565048
 20 56 1 55 1 46 1 5 84729 703606
 26 2505005
 587 233 220 12641738 116931014
 20
 1 86 0 71 1 41 1 13 123284 803530
 2 75 1 58 1 58 1 5 126448 847984
 3 100 0 81 0 27 1 8 89238 557127
 4 59 0 42 1 24 1 10 34191 322393
 5 69 0 37 1 30 1 8 30845 287438
 6 63 1 50 1 36 1 7 51507 381215
 7 96 0 72 0 34 1 7 140400 1130138
 8 111 0 71 0 29 1 7 135363 1253406
 9 102 1 67 1 53 1 10 217185 1544255
 10 71 0 34 1 32 1 6 31673 258319
 11 88 1 75 1 53 1 2 199346 1317290
 12 50 1 46 1 42 1 6 55632 524802
 13 84 0 70 1 41 1 13 107018 1032065
 14 98 0 48 1 44 1 6 85182 531106
 15 54 0 43 1 25 1 3 26401 226067
 16 63 1 61 1 49 1 9 107406 1054634
 17 106 0 96 1 51 1 7 234912 1864529
 18 97 0 64 0 26 1 9 88929 884922
 19 68 0 39 1 29 1 7 44056 438231
 20 68 1 62 1 39 1 8 67825 602198
 27 2505105
 587 233 220 15175051 112732634
 20
 1 118 0 66 1 47 1 8 212310 1626600
 2 99 0 56 0 25 1 3 80342 485626
 3 91 1 83 1 48 1 10 156891 1421603
 4 104 0 66 1 40 1 4 138403 1082051
 5 75 0 60 1 33 1 9 71787 671879
 6 113 1 78 1 60 1 5 281981 2541783
 7 36 1 36 1 29 1 6 18777 121404
 8 56 1 48 1 40 1 3 63911 428129
 9 67 0 40 1 22 1 8 34205 341412
 10 92 1 78 1 64 1 4 236374 1993896
 11 73 0 61 1 31 1 7 55263 396491
 12 72 1 66 1 58 1 7 112977 1030980
 13 56 0 44 1 26 1 8 29679 226436
 14 93 0 65 1 34 1 8 111894 804859
 15 113 0 63 1 50 1 3 204561 1328404
 16 35 1 34 1 31 1 6 16550 164870
 17 100 1 99 1 80 1 8 390730 3517311
 18 105 0 69 0 20 1 6 76068 540011
 19 77 0 60 1 38 1 4 81017 678728
 20 98 0 69 0 30 1 4 90377 757843
 28 2505205
 587 233 220 14847997 141661613
 20
 1 62 1 59 1 52 1 10 98830 734725
 2 54 1 52 1 50 1 6 69242 440828
 3 102 1 69 1 65 1 4 268946 2552934
 4 97 0 76 1 46 1 7 188029 1202030
 5 52 1 50 1 37 1 5 55692 547775
 6 93 0 85 0 23 1 3 104500 768058
 7 90 0 38 1 38 1 8 61919 401115
 8 66 1 60 1 40 1 8 65879 438353
 9 38 1 31 1 26 1 7 12422 104027
 10 86 0 60 1 36 1 7 97374 822185
 11 92 0 47 1 34 1 1 78102 494170
 12 103 0 69 0 22 1 7 65023 568796
 13 79 1 71 1 42 1 14 138657 949537
 14 66 0 33 1 20 1 9 17441 173493
 15 100 0 93 0 45 1 8 237888 2283900
 16 91 0 84 0 21 1 5 81737 518897
 17 92 0 47 1 29 1 11 53374 337276
 18 76 1 55 1 40 1 7 81043 743042
 19 98 1 90 1 53 1 6 232578 1402315
 20 81 1 75 1 53 1 11 167425 1069323
 29 2505305
 587 233 220 16482688 101881321
 20
 1 91 1 58 1 57 1 3 121455 1162632
 2 92 1 78 1 53 1 11 212775 1293165
 3 112 0 48 1 28 1 4 60477 507486
 4 78 0 47 1 26 1 7 40299 379602
 5 41 1 40 1 28 1 5 21461 171095
 6 57 1 47 1 32 1 6 48556 309130
 7 54 1 47 1 40 1 6 58789 386052
 8 85 0 80 0 25 1 3 95312 846265
 9 89 1 86 1 54 1 9 226863 1885525
 10 118 1 94 1 68 1 6 323783 3211588
 11 98 0 63 1 36 1 7 105546 777600
 12 81 0 42 1 38 1 4 59542 420704
 13 86 0 59 1 39 1 4 85176 770071
 14 91 0 67 1 40 1 4 138126 1078495
 15 73 1 61 1 41 1 9 98636 703589
 16 67 1 59 1 57 1 6 117843 1178096
 17 84 0 75 0 33 1 9 101968 1009815
 18 96 1 88 1 70 1 4 331173 2536888
 19 67 0 44 1 30 1 5 40838 292865
 20 82 1 76 1 64 1 5 226425 1432820
 30 2505405
 587 233 220 12702736 85224009
 20
 1 64 0 53 1 32 1 5 52274 462438
 2 51 1 42 1 28 1 10 29791 258178
 3 49 1 32 1 30 1 13 27778 269067
 4 109 1 68 1 59 1 2 238452 2358489
 5 66 0 43 1 32 1 10 40955 369704
 6 120 0 71 1 47 1 7 183268 1604460
 7 109 0 57 1 41 1 10 141766 1278524
 8 100 0 70 0 28 1 6 100244 741689
 9 76 1 70 1 51 1 7 113757 999870
 10 85 0 40 1 26 1 4 42194 349180
 11 79 1 71 1 55 1 8 136804 1287132
 12 93 1 73 1 55 1 6 196684 1824598
 13 101 1 75 1 75 1 7 258077 1607462
 14 89 1 58 1 53 1 8 141673 1100559
 15 98 0 53 1 36 1 7 92999 562749
 16 118 0 53 1 31 1 8 82568 517786
 17 77 0 43 1 37 1 6 63079 466248
 18 64 1 60 1 46 1 5 101569 946558
 19 74 0 67 1 37 1 5 85341 626257
 20 89 0 47 1 38 1 9 64881 527339
 31 2505505
 587 233 220 12843163 88814998
 20
 1 70 1 63 1 49 1 8 112611 723880
 2 84 1 54 1 49 1 4 132890 1149417
 3 89 0 70 1 42 1 9 129834 1136377
 4 80 0 48 1 39 1 12 68113 548236
 5 114 0 47 1 42 1 5 118394 798503
 6 92 0 62 1 34 1 6 84054 607767
 7 72 1 66 1 43 1 11 97361 829307
 8 120 0 55 1 46 1 7 169696 1096483
 9 106 0 62 0 25 1 12 89703 770561
 10 72 0 53 1 34 1 9 52990 432254
 11 74 0 44 1 35 1 8 61307 561865
 12 103 0 71 0 28 1 5 89250 663174
 13 115 0 35 1 31 1 7 66173 549446
 14 117 0 62 1 39 1 10 165385 1428702
 15 60 1 32 1 32 1 9 32558 312644
 16 86 0 80 0 39 1 7 113389 1048813
 17 71 1 70 1 42 1 7 95289 804781
 18 87 0 58 1 32 1 6 87447 619718
 19 97 0 44 1 29 1 7 68832 532017
 20 95 0 61 0 30 1 12 96061 759864
 32 2505605
 587 233 220 14743918 138186960
 20
 1 95 0 76 1 44 1 5 145377 882901
 2 81 0 47 1 34 1 7 69646 498660
 3 71 0 52 1 30 1 6 48763 436034
 4 96 0 52 1 28 1 10 77555 485734
 5 104 0 80 1 50 1 9 206950 1556183
 6 77 1 64 1 57 1 12 136841 1265480
 7 75 0 45 1 36 1 6 62299 562802
 8 65 1 49 1 39 1 5 72441 561351
 9 70 1 49 1 41 1 6 66128 515478
 10 111 0 44 1 42 1 5 82208 771334
 11 108 0 94 1 51 1 13 229519 2141450
 12 43 1 40 1 26 1 7 23315 159011
 13 70 1 47 1 39 1 14 53302 357554
 14 84 0 36 1 26 1 8 36092 244349
 15 103 0 97 0 27 1 9 134905 1207125
 16 54 0 54 0 24 1 6 36795 344958
 17 63 1 46 1 38 1 7 61102 499857
 18 80 0 52 1 37 1 3 82948 818514
 19 67 0 59 0 20 1 6 39931 330866
 20 102 0 89 0 23 1 5 116659 750097
 33 2505705
 587 233 220 14452520 89441318
 20
 1 40 1 36 1 21 1 4 12272 104832
 2 76 0 45 1 31 1 5 43213 319370
 3 63 1 54 1 51 1 7 95857 665697
 4 114 1 77 1 69 1 7 348030 2333892
 5 95 1 57 1 53 1 7 145312 997385
 6 92 0 36 1 20 1 7 38983 312194
 7 90 1 84 1 47 1 8 212069 1959524
 8 84 0 69 0 24 1 9 81832 536859
 9 57 1 35 1 35 1 6 38683 382864
 10 78 1 76 1 50 1 9 132120 837643
 11 81 0 67 1 37 1 6 83361 730069
 12 73 1 51 1 43 1 4 82065 518950
 13 64 0 54 1 30 1 11 43349 403326
 14 85 1 73 1 51 1 5 175560 1481373
 15 83 0 58 0 23 1 8 46492 354789
 16 114 0 71 0 27 1 9 125480 928424
 17 67 1 56 1 50 1 8 104089 755967
 18 79 1 51 1 46 1 7 92151 703744
 19 89 0 57 1 36 1 8 91260 733592
 20 109 0 72 1 46 1 7 179873 1526080
 34 2505805
 587 233 220 18039566 165711701
 20
 1 68 0 35 1 27 1 7 32982 207511
 2 118 0 57 1 43 1 6 157372 968528
 3 73 0 72 0 36 1 3 105186 964076
 4 85 1 58 1 50 1 5 100345 930336
 5 86 0 56 1 33 1 4 76364 756541
 6 99 0 44 1 31 1 7 60199 480174
 7 93 1 54 1 49 1 5 147493 1228184
 8 89 0 69 0 26 1 4 91075 651482
 9 98 1 90 1 74 1 6 316928 3042017
 10 58 1 48 1 46 1 6 67849 625143
 11 56 0 55 0 22 1 1 37125 339523
 12 104 1 63 1 59 1 6 161968 1241997
 13 80 1 69 1 66 1 5 151926 1001515
 14 110 1 59 1 58 1 8 182131 1723249
 15 96 1 79 1 63 1 7 267645 2067997
 16 82 1 77 1 57 1 6 195592 1800410
 17 55 1 48 1 34 1 6 53208 441250
 18 120 0 99 0 40 1 3 263767 2206290
 19 97 0 43 1 34 1 6 82610 603485
 20 115 0 68 1 55 1 5 213002 1777720
 35 2505905
 587 233 220 15005699 139708091
 20
 1 100 0 33 1 31 1 7 57354 411198
 2 84 0 68 1 42 1 6 115627 701128
 3 95 0 84 0 31 1 10 128549 1196432
 4 57 1 39 1 30 1 4 36589 347702
 5 76 1 71 1 60 1 6 151628 1157260
 6 71 1 68 1 46 1 9 103829 781850
 7 109 0 51 1 26 1 7 60886 513533
 8 109 0 54 1 45 1 8 118493 808678
 9 84 0 55 1 29 1 14 68483 682539
 10 104 0 66 0 20 1 8 56230 377309
 11 119 0 76 1 39 1 10 200967 1916865
 12 75 1 74 1 43 1 9 97844 810100
 13 84 0 36 1 26 1 6 40294 368310
 14 77 0 45 1 32 1 9 64385 600856
 15 75 1 57 1 42 1 11 81527 736630
 16 51 1 50 1 42 1 3 48820 367266
 17 63 1 59 1 41 1 8 87454 852252
 18 71 0 70 0 34 1 10 69961 686661
 19 74 1 71 1 66 1 7 165716 1465932
 20 38 1 31 1 30 1 10 17355 123109
 36 2506005
 587 233 220 16997465 106588987
 20
 1 41 1 39 1 26 1 10 23545 228568
 2 110 0 40 1 34 1 5 85252 772365
 3 94 1 77 1 52 1 8 170477 1115264
 4 119 1 96 1 71 1 2 435559 3676517
 5 67 1 63 1 47 1 5 84669 760891
 6 61 1 43 1 31 1 10 40622 249506
 7 72 0 53 1 35 1 7 77703 610187
 8 64 1 38 1 38 1 7 45665 395833
 9 110 0 71 1 45 1 13 143015 873678
 10 73 1 71 1 52 1 9 121717 814533
 11 95 1 92 1 55 1 7 286023 2354091
 12 86 0 74 0 31 1 7 84948 528483
 13 99 1 62 1 52 1 8 158841 1122732
 14 81 0 44 1 31 1 7 47034 383844
 15 113 1 94 1 70 1 2 406690 3444903
 16 109 0 100 0 28 1 5 151605 1154437
 17 63 0 34 1 30 1 6 38091 348149
 18 111 0 43 1 28 1 4 68844 564425
 19 48 1 35 1 28 1 4 21733 146694
 20 97 0 53 1 38 1 7 116696 902120
 37 2506105
 587 233 220 13212694 103247070
 20
 1 98 0 73 1 44 1 4 176615 1256122
 2 60 1 60 1 38 1 5 76269 568632
 3 105 1 73 1 60 1 5 219972 1421633
 4 90 1 77 1 52 1 7 202379 1518586
 5 66 0 58 0 24 1 4 50550 443684
 6 106 1 76 1 55 1 4 201877 1839729
 7 55 1 44 1 36 1 4 48141 458531
 8 82 0 58 0 23 1 8 46204 426866
 9 74 1 61 1 58 1 10 146045 1140855
 10 81 0 39 1 24 1 4 33572 264948
 11 71 1 65 1 39 1 5 93552 852222
 12 105 0 97 0 47 1 5 217303 1787168
 13 114 1 97 1 69 1 5 404043 3708004
 14 103 1 78 1 55 1 6 186128 1416976
 15 93 1 66 1 55 1 6 179068 1704748
 16 78 1 75 1 74 1 3 239133 1901759
 17 118 0 67 1 58 1 4 273403 2476251
 18 91 0 61 0 22 1 2 62527 444635
 19 96 0 58 0 24 1 4 75938 548943
 20 80 1 76 1 44 1 4 110317 777898
 38 2506205
 587 233 220 12390271 108789044
 20
 1 104 0 94 1 50 1 4 202305 1553861
 2 102 0 87 0 36 1 4 160176 1068012
 3 115 0 42 1 33 1 10 65675 477432
 4 61 1 58 1 32 1 11 60795 426210
 5 70 1 62 1 48 1 5 86561 864200
 6 91 1 79 1 78 1 4 303648 2329888
 7 90 1 57 1 53 1 6 122470 1077114
 8 78 0 68 0 25 1 4 72319 544878
 9 77 1 44 1 39 1 8 66341 503665
 10 97 1 89 1 56 1 9 236667 1654034
 11 58 0 38 1 26 1 2 31979 299980
 12 64 1 44 1 33 1 5 47714 403654
 13 57 0 38 1 25 1 7 30065 231151
 14 70 0 65 0 28 1 4 74105 558313
 15 93 1 73 1 61 1 6 242896 2355999
 16 61 1 47 1 46 1 6 61389 457536
 17 111 0 72 0 26 1 7 94287 765537
 18 102 1 78 1 63 1 8 200563 1373399
 19 88 1 65 1 62 1 7 180830 1740982
 20 63 1 51 1 38 1 3 54004 456225
 39 2506305
 587 233 220 16070945 110667172
 20
 1 89 1 56 1 45 1 12 126832 1247202
 2 53 1 37 1 34 1 7 39642 350594
 3 54 0 35 1 25 1 8 21281 205318
 4 73 0 39 1 33 1 10 50782 467696
 5 73 1 39 1 38 1 6 55370 528704
 6 50 1 42 1 29 1 8 36219 328986
 7 62 1 59 1 54 1 10 113305 850423
 8 98 0 53 1 44 1 5 118160 888512
 9 94 0 32 1 31 1 10 53481 421244
 10 97 0 64 0 28 1 10 91652 749185
 11 102 0 77 1 42 1 8 177084 1551623
 12 80 1 75 1 44 1 3 134702 1078438
 13 93 0 52 1 41 1 13 111364 1024934
 14 77 0 51 1 38 1 5 79352 491882
 15 57 1 54 1 52 1 8 70250 673124
 16 105 0 97 0 46 1 8 252921 2095638
 17 103 1 76 1 54 1 9 190728 1440103
 18 72 0 53 1 34 1 7 62731 457942
 19 42 1 38 1 35 1 12 27642 261161
 20 61 1 58 1 46 1 8 89431 545078
 40 2506405
 587 233 220 15255745 100351832
 20
 1 85 1 77 1 62 1 2 217070 2089530
 2 94 0 63 1 32 1 5 105957 1055010
 3 83 1 75 1 45 1 4 138554 841827
 4 95 1 95 1 54 1 6 261366 1822608
 5 76 0 76 0 30 1 7 86408 614874
 6 113 0 66 1 44 1 3 147609 1063614
 7 108 1 71 1 61 1 4 209674 2021265
 8 118 0 62 1 37 1 6 135774 1249688
 9 93 1 58 1 48 1 11 120659 835464
 10 60 0 32 1 29 1 9 32978 322471
 11 97 1 75 1 59 1 7 221962 2139237
 12 105 0 56 1 35 1 3 96055 856682
 13 67 1 58 1 53 1 8 110896 1073782
 14 96 0 51 1 37 1 5 94104 861070
 15 91 0 52 1 32 1 6 62096 415012
 16 73 0 70 0 32 1 6 90504 748681
 17 96 0 80 0 22 1 10 101205 717826
 18 94 1 82 1 66 1 8 254058 2386047
 19 95 1 76 1 73 1 2 274561 1711249
 20 64 0 29 1 23 1 7 22256 195174
 41 2506505
 587 233 220 17008720 128863116
 20
 1 109 1 80 1 68 1 3 241854 1585482
 2 90 0 45 1 31 1 6 75263 486462
 3 66 1 56 1 34 1 9 68188 657070
 4 76 0 66 1 34 1 8 89649 753919
 5 111 0 80 1 53 1 8 230738 1907768
 6 86 0 59 0 29 1 5 65409 537087
 7 80 1 72 1 63 1 2 181878 1405569
 8 81 0 47 0 22 1 6 40712 305061
 9 114 1 80 1 64 1 6 305752 2167926
 10 90 0 37 1 32 1 10 56176 515812
 11 75 1 48 1 40 1 8 72810 580306
 12 67 1 52 1 45 1 5 63193 562437
 13 88 1 82 1 74 1 7 258967 1881675
 14 100 0 63 0 23 1 9 74404 558487
 15 103 0 53 1 48 1 5 155008 1268811
 16 79 1 44 1 41 1 8 66512 541041
 17 89 1 85 1 50 1 5 189178 1442676
 18 60 1 54 1 44 1 4 69155 456562
 19 65 0 52 1 27 1 6 42079 418005
 20 88 1 71 1 45 1 7 115006 1120290
 42 2506605
 587 233 220 15158836 104698678
 20
 1 76 1 74 1 50 1 8 134951 1305595
 2 86 0 40 1 29 1 7 52161 441276
 3 66 1 55 1 48 1 5 88115 757534
 4 75 0 57 1 37 1 4 64383 498300
 5 102 0 83 0 29 1 8 117713 784644
 6 74 1 58 1 52 1 4 112631 833150
 7 89 0 65 1 36 1 5 88675 800189
 8 99 1 68 1 67 1 5 247816 2181898
 9 80 1 78 1 66 1 5 175007 1437659
 10 65 1 57 1 45 1 5 94677 728548
 11 112 0 59 1 30 1 3 92827 574756
 12 79 1 75 1 68 1 8 213140 2014614
 13 97 0 48 1 30 1 11 77927 719766
 14 73 0 70 0 31 1 3 72538 675169
 15 90 0 83 1 44 1 4 134050 1014671
 16 101 1 93 1 64 1 4 348347 2847180
 17 89 1 82 1 78 1 8 336188 2211063
 18 85 0 54 0 26 1 4 60137 548072
 19 57 1 34 1 29 1 3 27972 252457
 20 78 1 71 1 68 1 4 196664 1253233
 43 2506705
 587 233 220 17831629 128320446
 20
 1 82 1 80 1 71 1 7 268638 2445759
 2 66 0 37 1 27 1 5 35089 238408
 3 77 0 76 0 31 1 3 104019 1020541
 4 100 0 56 1 38 1 2 102637 615926
 5 93 1 86 1 67 1 3 320160 2729889
 6 89 0 76 0 30 1 3 111879 1040151
 7 98 1 90 1 67 1 6 297403 2135526
 8 87 0 52 1 42 1 2 87884 632097
 9 53 1 42 1 35 1 5 32795 202559
 10 116 0 53 1 36 1 3 112681 732387
 11 85 1 79 1 46 1 2 176950 1211222
 12 106 0 91 0 24 1 4 131393 1032179
 13 112 0 84 1 46 1 10 212132 1839441
 14 89 1 56 1 47 1 7 133288 1044662
 15 62 1 51 1 39 1 3 54234 399029
 16 69 1 67 1 50 1 8 134015 959281
 17 93 0 74 1 46 1 5 163417 1218294
 18 74 0 48 1 35 1 2 65286 643275
 19 95 1 87 1 66 1 10 295930 2097596
 20 84 0 54 1 30 1 6 56214 354163
 44 2506805
 587 233 220 17814774 159210021
 20
 1 114 0 67 0 25 1 13 89262 660764
 2 92 0 79 0 25 1 12 98581 669496
 3 89 0 87 0 36 1 12 157712 1045762
 4 95 0 71 1 36 1 3 98640 873245
 5 90 0 83 1 43 1 5 147779 1377333
 6 93 0 39 1 28 1 11 52227 340123
 7 69 0 54 1 31 1 11 56684 462388
 8 107 0 61 1 37 1 3 143653 936708
 9 98 0 52 1 40 1 8 115402 808125
 10 83 1 69 1 60 1 6 156034 1011927
 11 98 1 63 1 58 1 9 153061 988947
 12 45 1 40 1 26 1 9 24504 220261
 13 63 1 44 1 36 1 9 52667 444306
 14 96 0 56 1 43 1 8 111139 1103609
 15 88 0 42 1 35 1 9 55636 459112
 16 40 1 37 1 36 1 11 31435 254577
 17 97 1 74 1 67 1 6 220916 1783532
 18 76 1 45 1 42 1 3 58241 564667
 19 64 1 43 1 42 1 4 63129 444046
 20 91 0 53 1 37 1 4 88650 613123
 45 2506905
 587 233 220 17315930 169893492
 20
 1 63 0 55 1 31 1 5 58675 543842
 2 120 0 43 1 23 1 4 64728 475897
 3 97 1 72 1 57 1 7 183953 1440267
 4 77 1 76 1 42 1 4 136906 918739
 5 93 0 74 0 20 1 11 71672 479374
 6 65 1 63 1 43 1 9 102933 1024049
 7 108 0 71 1 40 1 13 131786 1046507
 8 79 0 36 1 21 1 7 31593 251150
 9 68 0 62 0 26 1 7 57264 427320
 10 68 1 50 1 40 1 5 66739 641901
 11 79 0 42 1 31 1 6 51920 434794
 12 76 0 56 1 38 1 9 69691 548866
 13 80 1 79 1 51 1 7 140104 1346292
 14 115 0 69 0 29 1 3 114688 1053892
 15 113 0 50 1 30 1 6 92354 556268
 16 96 0 90 0 22 1 6 88545 691663
 17 60 0 41 1 26 1 13 37443 373060
 18 118 0 93 0 36 1 7 211835 1649456
 19 80 0 72 0 33 1 5 98599 911303
 20 98 1 96 1 76 1 6 412289 2697512
 46 2507005
 587 233 220 17014677 144027192
 20
 1 86 0 58 1 36 1 7 79323 543528
 2 71 0 69 0 22 1 2 56865 479424
 3 108 0 78 1 54 1 4 186664 1840204
 4 104 1 58 1 57 1 7 188511 1650385
 5 96 1 65 1 58 1 6 160104 1273667
 6 58 0 37 1 26 1 7 31839 211259
 7 73 1 72 1 49 1 3 106311 1044373
 8 98 1 67 1 56 1 10 170157 1539578
 9 117 0 89 0 23 1 8 96460 949143
 10 109 1 76 1 73 1 6 256411 1706934
 11 95 0 61 1 34 1 6 80805 543120
 12 106 0 73 1 49 1 4 185794 1387294
 13 66 1 39 1 35 1 5 52546 420807
 14 82 1 76 1 43 1 1 112423 830241
 15 93 0 87 0 26 1 9 97391 967743
 16 68 1 64 1 63 1 6 162193 1574688
 17 70 0 53 1 30 1 3 44908 318584
 18 68 0 65 0 30 1 9 60934 477134
 19 94 0 57 0 26 1 6 72882 622820
 20 104 0 79 0 38 1 7 160930 1177643
 47 2507105
 587 233 220 12105087 99803472
 20
 1 118 0 54 1 42 1 8 139585 1361960
 2 112 0 95 0 20 1 7 94579 800753
 3 118 0 38 1 37 1 8 66851 508356
 4 76 0 38 1 38 1 5 57163 450142
 5 100 0 56 1 34 1 9 109465 810178
 6 100 0 73 1 50 1 8 185827 1295343
 7 75 0 58 1 36 1 10 71264 556005
 8 76 1 51 1 41 1 7 72757 570193
 9 82 0 75 1 39 1 6 141383 1057310
 10 84 1 76 1 44 1 8 154436 1340590
 11 80 1 68 1 50 1 9 161032 1441702
 12 61 0 46 1 28 1 7 41047 308934
 13 80 1 75 1 51 1 4 179163 1466721
 14 92 1 62 1 49 1 6 111968 1097167
 15 72 0 48 0 21 1 10 30608 254274
 16 54 1 37 1 33 1 7 33602 328602
 17 46 1 37 1 34 1 10 25833 210076
 18 109 0 37 1 24 1 4 53781 417935
 19 63 1 56 1 33 1 6 56451 498871
 20 111 1 62 1 61 1 11 192400 1752001
 48 2507205
 587 233 220 12047805 107008614
 20
 1 59 1 49 1 48 1 1 70340 564574
 2 79 1 63 1 46 1 4 97346 823580
 3 95 0 58 1 38 1 6 96437 747835
 4 95 0 79 1 47 1 4 162136 1094758
 5 72 0 46 1 27 1 7 42426 419846
 6 88 1 74 1 72 1 5 272686 2554582
 7 90 1 77 1 67 1 5 243376 1712730
 8 96 0 59 1 36 1 9 113103 945751
 9 62 1 55 1 46 1 6 68686 577901
 10 92 0 77 1 43 1 6 133456 980860
 11 100 0 66 1 41 1 5 152255 1358968
 12 76 1 72 1 44 1 7 114944 919317
 13 95 0 68 1 35 1 8 92254 625009
 14 108 0 66 1 48 1 10 153512 1031027
 15 86 1 78 1 52 1 2 208988 1961601
 16 92 0 86 0 40 1 10 163054 1073836
 17 66 1 39 1 38 1 5 44344 356868
 18 85 1 80 1 59 1 5 181785 1558508
 19 86 0 71 0 33 1 6 118141 780871
 20 118 0 45 1 23 1 2 57823 413801
 49 2507305
 587 233 220 13137242 121507795
 20
 1 91 0 54 1 45 1 8 88649 632880
 2 105 1 77 1 72 1 5 310557 2753702
 3 79 1 78 1 48 1 6 162454 1205623
 4 109 1 76 1 59 1 5 250686 2216827
 5 48 1 37 1 30 1 10 30995 247429
 6 44 1 37 1 27 1 6 23569 207405
 7 79 1 76 1 54 1 5 175439 1566443
 8 116 0 78 0 20 1 6 103472 1028070
 9 101 0 71 1 49 1 6 200103 1770772
 10 102 0 100 0 49 1 4 296376 2312008
 11 105 0 43 1 22 1 6 40901 312466
 12 107 1 84 1 61 1 9 278807 1821551
 13 110 0 71 0 23 1 2 105777 762109
 14 75 0 39 1 34 1 7 50054 341325
 15 73 0 47 1 32 1 6 55825 352612
 16 60 0 60 0 25 1 9 52695 421516
 17 43 1 33 1 31 1 7 18393 178879
 18 100 1 74 1 57 1 7 208910 1982633
 19 93 0 47 1 41 1 10 98308 801048
 20 45 1 33 1 28 1 7 24708 228096
 50 2507405
 587 233 220 17717679 122135033
 20
 1 60 1 40 1 32 1 7 32397 297572
 2 98 1 75 1 55 1 3 194608 1421984
 3 60 1 59 1 39 1 6 79036 613897
 4 81 0 56 1 40 1 9 107812 1053254
 5 119 0 34 1 25 1 13 47101 313558
 6 107 0 61 1 42 1 13 126275 1191357
 7 108 0 85 0 20 1 9 95076 610443
 8 97 0 66 1 45 1 6 138035 865598
 9 66 0 35 1 26 1 4 25092 246177
 10 69 0 32 1 20 1 6 21665 188144
 11 78 0 63 1 38 1 5 91309 827890
 12 95 0 77 1 47 1 4 139954 1016628
 13 40 1 34 1 30 1 9 20625 193895
 14 88 0 42 0 20 1 9 44255 379548
 15 103 1 84 1 69 1 10 264498 2158136
 16 119 0 72 0 34 1 10 156272 1110533
 17 115 0 61 1 47 1 5 193285 1517454
 18 68 0 50 1 28 1 8 44591 343540
 19 71 0 63 0 24 1 6 47329 425602
 20 87 0 68 1 40 1 7 126923 1021269
 51 2507505
 587 233 220 13909253 111933837
 20
 1 66 1 64 1 36 1 6 75606 734274
 2 97 1 73 1 49 1 4 143521 1195061
 3 69 1 60 1 43 1 8 87751 700472
 4 52 0 37 1 20 1 10 22143 142504
 5 109 0 63 1 37 1 11 103147 855826
 6 79 0 57 0 24 1 11 62882 535668
 7 95 0 72 0 22 1 6 70450 567766
 8 65 1 50 1 39 1 10 65791 567385
 9 98 0 42 1 30 1 14 71603 545958
 10 53 1 40 1 36 1 9 41854 261139
 11 82 1 54 1 51 1 10 108398 1006629
 12 77 0 33 1 31 1 7 47253 361026
 13 66 1 56 1 49 1 8 84111 566731
 14 101 1 68 1 62 1 6 171193 1358613
 15 82 1 64 1 46 1 8 120139 786708
 16 88 1 83 1 58 1 5 202485 1587183
 17 108 0 51 1 29 1 10 86362 789420
 18 91 1 76 1 62 1 9 208261 1828537
 19 61 0 32 1 25 1 7 26068 182205
 20 70 0 47 1 30 1 7 44090 378561
 52 2507605
 587 233 220 12828758 95987926
 20
 1 96 0 72 0 31 1 6 116741 973162
 2 75 1 72 1 47 1 6 141419 1303713
 3 80 0 25 1 20 1 7 20780 199389
 4 114 1 94 1 61 1 9 290718 2529044
 5 100 0 40 1 39 1 9 80122 576636
 6 72 1 51 1 48 1 6 93078 772157
 7 36 1 28 1 24 1 3 13141 120469
 8 85 0 58 1 35 1 5 87404 830818
 9 85 1 84 1 58 1 5 225593 1827087
 10 95 0 48 0 24 1 8 47367 455906
 11 115 0 70 0 25 1 3 114196 957147
 12 108 0 49 1 42 1 8 112320 939894
 13 73 0 64 0 26 1 7 66016 503615
 14 68 1 54 1 35 1 3 53151 423480
 15 83 1 62 1 60 1 6 147270 1129906
 16 57 1 56 1 43 1 11 57014 455018
 17 101 1 57 1 56 1 12 137708 1349239
 18 56 1 48 1 42 1 4 64588 545581
 19 93 0 55 1 38 1 9 111476 745185
 20 53 1 53 1 53 1 11 88174 759501
 53 2507705
 587 233 220 16271244 105420956
 20
 1 78 0 37 1 27 1 6 34609 218502
 2 89 0 70 0 25 1 10 63220 509678
 3 90 0 84 0 41 1 11 151398 1340750
 4 85 0 75 1 42 1 7 126622 874366
 5 91 0 77 1 44 1 3 174377 1077306
 6 114 1 87 1 71 1 8 321667 1994615
 7 90 0 37 1 25 1 5 40135 303017
 8 105 1 80 1 77 1 4 340672 3189319
 9 74 1 71 1 50 1 6 112315 725792
 10 62 1 57 1 55 1 6 89171 844916
 11 89 0 45 1 26 1 5 44761 308317
 12 65 1 54 1 47 1 5 88420 573307
 13 79 0 62 0 28 1 2 66075 430641
 14 84 0 40 1 35 1 9 48323 466074
 15 55 1 44 1 42 1 4 45171 406795
 16 115 0 30 1 29 1 6 41696 335502
 17 93 0 60 0 25 1 8 63726 470560
 18 96 1 83 1 50 1 7 203608 1227723
 19 86 1 75 1 62 1 5 238342 1662728
 20 76 0 60 1 36 1 5 93024 796283
 54 2507805
 587 233 220 13942453 100690905
 20
 1 99 0 68 0 23 1 10 64844 556437
 2 68 1 52 1 40 1 10 72254 445604
 3 101 1 66 1 61 1 10 236044 1618167
 4 57 0 56 0 22 1 6 29423 265451
 5 81 1 54 1 47 1 11 120016 925952
 6 86 0 34 1 25 1 5 38967 366990
 7 54 0 46 1 27 1 8 28891 278238
 8 95 0 65 1 34 1 7 98134 859882
 9 105 0 57 1 29 1 9 89739 646044
 10 120 0 63 0 28 1 7 126142 1128903
 11 64 1 62 1 42 1 9 96427 758674
 12 78 0 65 0 21 1 7 57275 412895
 13 98 0 94 0 45 1 6 234296 1925357
 14 94 0 58 0 26 1 5 75159 528748
 15 113 0 81 1 51 1 5 254424 1702500
 16 83 1 80 1 76 1 6 246286 2044913
 17 86 1 64 1 53 1 6 170505 1250658
 18 68 0 44 1 33 1 5 47854 291324
 19 52 1 40 1 31 1 7 31166 277748
 20 95 0 67 1 38 1 4 102100 970804
 55 2507905
 587 233 220 12958774 119435120
 20
 1 100 0 94 0 28 1 8 148165 1076630
 2 81 1 78 1 66 1 10 224136 2110063
 3 111 0 49 0 21 1 9 68389 425578
 4 119 0 63 1 37 1 5 137673 1373819
 5 72 0 50 1 30 1 5 50371 420211
 6 58 1 58 1 40 1 7 55093 440583
 7 108 0 55 1 29 1 13 88813 867823
 8 54 1 49 1 38 1 7 44223 441651
 9 69 1 46 1 44 1 7 68302 672608
 10 88 1 71 1 61 1 7 226556 1665751
 11 83 0 58 1 35 1 5 99662 710490
 12 108 0 77 0 37 1 7 125558 892206
 13 108 1 62 1 57 1 4 156113 1113052
 14 73 0 61 1 31 1 9 70942 612444
 15 92 0 46 1 43 1 9 95341 726939
 16 62 1 53 1 51 1 7 97178 687916
 17 79 0 69 0 20 1 6 53922 403117
 18 74 1 39 1 38 1 7 55649 538929
 19 92 0 70 0 28 1 2 74060 525002
 20 78 1 73 1 61 1 8 203783 1309338
 56 2508005
 587 233 220 17919085 169179897
 20
 1 90 0 41 1 34 1 7 58424 397660
 2 64 0 32 1 28 1 18 26830 221456
 3 42 1 31 1 31 1 11 22107 168973
 4 94 0 90 0 44 1 4 154367 1533666
 5 68 1 63 1 53 1 8 126484 804132
 6 55 0 30 1 21 1 6 15748 100788
 7 72 0 64 0 31 1 7 63696 609961
 8 75 0 56 1 34 1 4 68502 680430
 9 62 0 34 1 31 1 7 31788 290019
 10 79 0 55 1 32 1 8 80927 707992
 11 99 0 74 0 27 1 5 83067 783907
 12 89 1 54 1 48 1 11 99917 649130
 13 93 0 78 0 32 1 8 135342 854670
 14 119 0 80 1 59 1 3 266657 2566055
 15 80 1 72 1 42 1 10 100698 917496
 16 111 0 47 1 27 1 9 68576 636274
 17 73 1 72 1 49 1 6 136048 1051036
 18 115 0 87 0 32 1 14 177060 1271667
 19 100 1 66 1 61 1 8 209793 1767877
 20 80 0 61 0 23 1 8 50590 361626
 57 2508105
 587 233 220 14651645 95320702
 20
 1 85 0 73 1 40 1 4 140920 1353167
 2 73 1 62 1 54 1 6 98892 728330
 3 90 0 63 1 41 1 7 105396 815631
 4 75 0 61 0 24 1 5 65653 645096
 5 57 1 53 1 44 1 4 75164 631685
 6 93 0 70 1 45 1 7 174825 1142077
 7 73 0 36 1 33 1 9 36647 350410
 8 95 1 80 1 75 1 5 243210 1993633
 9 93 1 89 1 78 1 5 269051 1637272
 10 113 1 87 1 65 1 6 375090 2358293
 11 72 0 46 1 30 1 8 52221 385612
 12 100 1 78 1 70 1 3 275562 2607570
 13 53 1 47 1 34 1 6 38868 290074
 14 87 1 54 1 46 1 5 87839 645677
 15 52 1 41 1 37 1 7 33410 213942
 16 79 0 76 0 33 1 8 111308 894350
 17 77 1 77 1 65 1 8 223738 1598432
 18 65 0 59 0 27 1 9 42207 324029
 19 54 1 42 1 31 1 7 34737 301900
 20 87 1 45 1 44 1 8 87572 759664
 58 2508205
 587 233 220 17927591 119621977
 20
 1 105 0 81 1 46 1 11 164804 1158575
 2 115 1 81 1 61 1 9 255298 1843408
 3 72 0 51 0 23 1 4 41718 306981
 4 65 1 56 1 33 1 4 68695 680142
 5 60 0 44 0 21 1 6 26327 178665
 6 85 1 69 1 65 1 4 165466 1297911
 7 90 0 82 0 35 1 4 118947 1070650
 8 115 1 94 1 64 1 5 358538 2653821
 9 80 0 53 1 33 1 8 69738 665139
 10 95 0 81 0 37 1 6 160397 1036765
 11 66 1 46 1 45 1 5 56229 474279
 12 109 0 36 1 25 1 4 47078 360075
 13 89 1 62 1 50 1 9 137080 1001829
 14 54 0 32 1 27 1 8 19606 152623
 15 79 0 33 1 32 1 4 41479 335039
 16 80 1 50 1 47 1 5 90557 723847
 17 81 1 57 1 44 1 1 91993 730078
 18 107 0 31 1 21 1 7 36880 242104
 19 91 1 85 1 80 1 5 292126 2221905
 20 93 0 68 0 27 1 7 83817 686936
 59 2508305
 587 233 220 12837008 96706598
 20
 1 76 1 52 1 46 1 9 82181 560388
 2 66 0 59 1 31 1 7 69808 518095
 3 62 1 55 1 44 1 9 79378 593441
 4 95 0 46 1 36 1 9 80383 706460
 5 63 1 59 1 35 1 7 54722 448185
 6 100 0 37 1 32 1 7 56158 461120
 7 91 0 54 1 37 1 4 84915 804968
 8 49 1 44 1 36 1 4 40681 296352
 9 109 0 66 1 49 1 4 197365 1860144
 10 69 0 48 1 27 1 5 37964 376218
 11 109 1 85 1 62 1 5 230332 2104059
 12 48 1 47 1 42 1 8 54473 328167
 13 77 1 67 1 48 1 6 143630 909902
 14 112 1 79 1 76 1 7 277687 2203547
 15 102 0 40 1 28 1 9 65617 646031
 16 106 1 99 1 65 1 4 306061 2314902
 17 86 1 73 1 50 1 5 127891 834173
 18 79 1 76 1 57 1 7 163486 1512568
 19 61 1 56 1 39 1 8 64289 437024
 20 100 0 86 0 30 1 5 107013 1047512
 60 2508405
 587 233 220 13605946 86099557
 20
 1 78 1 72 1 58 1 5 162159 1443530
 2 107 1 57 1 57 1 6 196684 1600560
 3 72 1 64 1 37 1 7 85819 642130
 4 93 0 66 0 26 1 6 74740 523242
 5 116 0 67 1 35 1 13 143851 1248515
 6 101 0 56 1 39 1 11 92930 673138
 7 108 0 100 0 39 1 6 239804 2183675
 8 64 1 55 1 33 1 7 55965 464431
 9 73 1 65 1 53 1 8 120304 1161656
 10 106 0 41 1 35 1 6 68547 630201
 11 82 0 78 0 28 1 5 87167 790140
 12 79 1 59 1 58 1 2 162151 1620969
 13 92 0 84 0 22 1 5 98691 647145
 14 80 1 65 1 50 1 5 134458 956905
 15 82 0 77 0 24 1 3 71526 704354
 16 74 1 73 1 51 1 6 122054 820699
 17 90 0 43 1 40 1 4 89209 576116
 18 98 1 70 1 51 1 7 146247 1448660
 19 69 0 32 1 30 1 7 34930 281349
 20 107 0 69 1 53 1 7 231636 1762307
 61 2508505
 587 233 220 16000402 104516651
 20
 1 109 1 68 1 64 1 1 200116 1851500
 2 84 1 58 1 55 1 6 114231 1070053
 3 96 0 83 0 24 1 2 80500 546936
 4 74 0 67 1 37 1 3 94389 715706
 5 107 1 73 1 70 1 5 299539 2038617
 6 80 1 73 1 54 1 6 139265 1109441
 7 72 0 41 1 33 1 4 45388 325741
 8 84 1 79 1 74 1 7 200427 1781479
 9 40 0 37 1 20 1 3 16625 164482
 10 74 1 73 1 42 1 5 109593 1042902
 11 55 1 48 1 33 1 8 38235 291488
 12 109 1 74 1 70 1 5 255594 1860171
 13 107 0 44 1 39 1 7 80086 615999
 14 99 0 51 1 47 1 5 129287 1239378
 15 80 0 62 1 38 1 6 109350 1030095
 16 46 1 43 1 37 1 4 40255 326711
 17 94 0 69 1 36 1 6 111735 794784
 18 98 0 64 1 48 1 5 145378 1191479
 19 99 1 91 1 70 1 6 328057 3201168
 20 113 0 76 1 52 1 6 190033 1774096
 62 2508605
 587 233 220 16054346 129522714
 20
 1 70 1 63 1 50 1 8 117275 775520
 2 100 0 53 1 34 1 8 83469 829955
 3 93 0 78 1 45 1 4 165292 1070915
 4 100 0 55 1 48 1 4 148613 1093201
 5 98 1 73 1 50 1 8 154162 1519278
 6 69 1 45 1 43 1 4 79051 477283
 7 43 1 42 1 36 1 7 33228 212848
 8 104 1 92 1 63 1 5 265350 1700573
 9 93 0 36 1 26 1 6 36149 247409
 10 50 1 45 1 41 1 8 51707 381423
 11 119 0 67 1 50 1 6 223677 1637639
 12 82 0 49 1 30 1 3 64146 556613
 13 80 0 55 1 31 1 5 76052 722198
 14 105 0 73 1 37 1 8 136022 1092451
 15 76 1 76 1 42 1 5 142045 874051
 16 102 0 96 0 22 1 11 104903 676056
 17 120 0 99 0 36 1 7 180291 1187747
 18 89 1 70 1 58 1 5 204139 1307999
 19 60 1 54 1 46 1 6 82970 649416
 20 120 0 38 1 35 1 8 92150 764024
 63 2508705
 587 233 220 16447632 122467216
 20
 1 82 1 76 1 59 1 4 173536 1335492
 2 60 1 51 1 50 1 3 86664 578067
 3 104 1 66 1 61 1 9 238104 1650821
 4 71 0 36 1 28 1 5 35173 267009
 5 89 0 77 0 26 1 1 78883 507294
 6 108 1 84 1 66 1 7 271334 2152605
 7 90 0 51 1 45 1 5 122163 1034734
 8 48 1 35 1 33 1 4 25074 181584
 9 89 1 57 1 52 1 6 106600 641312
 10 99 1 77 1 58 1 5 204370 1366888
 11 92 1 86 1 66 1 5 247132 1912312
 12 93 0 80 1 46 1 10 204148 1558783
 13 72 1 45 1 39 1 6 59088 560831
 14 73 0 46 1 24 1 5 40617 297666
 15 112 0 71 1 37 1 6 155921 1558961
 16 70 1 69 1 69 1 4 199212 1355447
 17 112 0 64 0 27 1 2 104104 954076
 18 52 1 42 1 39 1 6 44736 305797
 19 120 0 84 0 23 1 7 108257 1080927
 20 94 0 61 1 36 1 7 104930 1027568
 64 2508805
 587 233 220 16493722 136431521
 20
 1 114 0 54 0 20 1 6 53141 364336
 2 92 1 87 1 50 1 6 237879 1792941
 3 114 0 43 1 26 1 4 51379 496905
 4 93 0 69 1 42 1 5 132562 1135130
 5 80 1 79 1 64 1 5 209600 1828756
 6 99 0 80 0 29 1 5 123603 1196861
 7 60 1 54 1 47 1 3 83101 568015
 8 54 1 53 1 32 1 3 46586 395189
 9 113 1 75 1 68 1 15 259113 1920094
 10 67 1 66 1 49 1 4 127292 833598
 11 65 0 30 1 21 1 3 20939 131277
 12 110 0 63 0 29 1 4 87565 544670
 13 75 0 60 0 27 1 7 69290 492294
 14 95 0 71 1 40 1 2 156926 1056318
 15 92 1 74 1 67 1 11 182495 1272968
 16 55 1 43 1 38 1 6 43801 349718
 17 105 0 32 1 31 1 4 49367 491888
 18 90 1 81 1 46 1 4 171149 1098100
 19 90 0 60 1 38 1 8 112050 969011
 20 77 0 42 1 22 1 3 36488 232463
 65 2508905
 587 233 220 17760187 107376718
 20
 1 55 0 50 1 26 1 5 42486 322948
 2 48 1 42 1 37 1 4 37772 348358
 3 47 1 34 1 26 1 12 18672 121775
 4 104 0 74 1 50 1 7 224055 1959444
 5 83 0 70 1 40 1 6 101252 744905
 6 53 1 52 1 38 1 12 50225 404560
 7 108 0 69 1 49 1 8 158875 1102587
 8 78 1 73 1 72 1 10 219528 1841012
 9 77 0 62 0 24 1 10 56403 525484
 10 74 0 34 1 21 1 5 27026 217191
 11 49 1 38 1 37 1 9 29426 292442
 12 79 1 50 1 40 1 10 80706 562687
 13 75 0 44 1 35 1 11 68643 516830
 14 98 1 69 1 57 1 5 184758 1455016
 15 72 0 62 1 36 1 12 84077 675784
 16 98 0 93 0 41 1 9 190939 1345135
 17 98 0 60 1 35 1 7 115422 939251
 18 62 0 40 1 31 1 11 45206 366157
 19 68 1 59 1 37 1 9 83106 648261
 20 60 1 49 1 45 1 6 73847 444436
 66 2509005
 587 233 220 15711666 119274526
 20
 1 87 0 45 1 32 1 14 51829 504038
 2 84 1 63 1 46 1 4 106073 647236
 3 84 1 67 1 44 1 8 122425 744292
 4 76 0 55 1 30 1 6 57578 436150
 5 87 1 78 1 61 1 3 182669 1727049
 6 115 0 77 1 53 1 4 246689 1868070
 7 78 1 72 1 51 1 4 134909 1098205
 8 93 1 91 1 62 1 5 245774 2452859
 9 48 1 41 1 40 1 10 46283 338535
 10 92 1 82 1 53 1 4 167912 1153573
 11 102 1 69 1 54 1 7 172900 1691366
 12 80 0 52 1 34 1 5 70383 650854
 13 90 1 71 1 60 1 6 227950 2085110
 14 66 1 43 1 42 1 3 57714 379745
 15 73 1 58 1 52 1 6 129989 1174090
 16 66 0 66 0 26 1 5 54806 365965
 17 91 0 40 1 28 1 4 56471 361251
 18 72 0 34 1 33 1 7 46202 319864
 19 120 1 98 1 74 1 6 512736 4723422
 20 68 1 56 1 43 1 6 87082 792641
 67 2509105
 587 233 220 16642961 156117626
 20
 1 119 0 41 1 38 1 5 93196 583410
 2 90 0 44 1 35 1 5 65020 464024
 3 67 0 55 0 27 1 7 55032 337936
 4 71 1 47 1 36 1 4 48884 417270
 5 90 1 55 1 51 1 6 125137 978986
 6 87 0 68 1 40 1 3 119938 745872
 7 87 0 53 1 36 1 11 78719 599357
 8 113 0 47 1 34 1 6 91342 807815
 9 97 0 56 1 35 1 9 100918 651419
 10 90 0 60 0 25 1 11 78795 644298
 11 88 1 75 1 70 1 6 274912 1863903
 12 111 0 64 1 51 1 9 159335 1174260
 13 105 0 77 0 31 1 13 137890 1292699
 14 91 0 33 1 29 1 6 48644 440831
 15 53 1 34 1 31 1 10 31041 288757
 16 73 0 40 1 34 1 11 54922 482834
 17 84 1 56 1 44 1 12 99909 812823
 18 113 0 81 0 29 1 8 148598 1350150
 19 89 1 53 1 51 1 10 100749 615913
 20 62 0 30 1 26 1 10 27774 194035
 68 2509205
 587 233 220 17409474 128758579
 20
 1 60 1 44 1 36 1 4 49033 321881
 2 76 1 42 1 40 1 3 70790 462116
 3 65 1 49 1 48 1 6 80715 720981
 4 109 0 92 1 51 1 5 239082 2216434
 5 93 0 42 1 31 1 6 71673 439595
 6 83 1 64 1 59 1 3 176507 1754276
 7 96 1 90 1 55 1 4 235462 1963675
 8 52 1 42 1 31 1 5 29704 179005
 9 98 1 72 1 61 1 6 225345 1547772
 10 118 0 98 1 57 1 7 277605 1969363
 11 48 1 31 1 25 1 2 16377 129996
 12 75 1 67 1 50 1 4 124878 1176837
 13 120 0 66 0 32 1 8 148777 1335501
 14 91 1 76 1 65 1 5 262641 2234510
 15 102 0 71 1 49 1 9 208660 1322753
 16 93 1 89 1 59 1 6 244821 1912845
 17 76 0 48 0 23 1 7 44707 421654
 18 63 0 53 0 23 1 4 34325 239678
 19 83 0 59 0 27 1 6 75891 553318
 20 85 1 69 1 53 1 5 182073 1397480
 69 2509305
 587 233 220 17719508 129125353
 20
 1 91 0 50 1 32 1 7 84266 554809
 2 118 0 66 1 40 1 13 184168 1387017
 3 75 0 69 0 32 1 11 91639 682513
 4 81 0 73 0 32 1 5 79289 738881
 5 97 0 69 0 33 1 8 95188 585001
 6 97 0 31 1 27 1 9 34188 256132
 7 57 1 54 1 29 1 9 47228 312193
 8 77 1 71 1 62 1 7 176882 1701266
 9 116 0 84 0 27 1 7 127786 1239321
 10 85 0 30 1 29 1 7 33887 332167
 11 112 0 51 1 41 1 7 116971 965850
 12 87 0 81 0 23 1 5 76357 477558
 13 49 1 44 1 26 1 5 32608 231311
 14 63 1 59 1 38 1 10 64009 568325
 15 82 0 44 1 33 1 8 57021 344471
 16 63 1 61 1 44 1 8 100760 846187
 17 69 1 53 1 52 1 9 101334 923133
 18 104 0 78 0 25 1 7 83227 816550
 19 119 0 65 1 37 1 5 158409 1450718
 20 76 1 76 1 68 1 8 187308 1638249
 70 2509405
 587 233 220 15066438 140126790
 20
 1 56 0 32 1 28 1 3 21552 209321
 2 92 0 68 1 39 1 6 105348 886421
 3 90 0 86 0 29 1 5 104187 988074
 4 73 1 54 1 52 1 7 102074 995125
 5 114 0 100 0 45 1 4 303773 2345205
 6 94 0 51 1 36 1 5 95768 679662
 7 108 0 59 1 38 1 8 100925 656295
 8 89 1 82 1 61 1 7 189536 1753327
 9 81 1 71 1 43 1 7 122423 877443
 10 61 1 53 1 37 1 8 49983 369335
 11 85 1 70 1 58 1 7 141830 1342404
 12 111 0 98 0 39 1 8 230495 1825043
 13 66 1 62 1 59 1 3 103867 726766
 14 117 0 87 1 49 1 6 234679 1478020
 15 70 1 62 1 40 1 5 97162 666077
 16 36 1 30 1 30 1 4 18589 160651
 17 80 1 62 1 57 1 5 119378 845495
 18 73 1 72 1 54 1 6 158396 1581027
 19 89 0 67 1 41 1 4 143535 919304
 20 82 0 51 1 38 1 3 86868 739824
 71 2509505
 587 233 220 15143851 123218005
 20
 1 99 1 64 1 62 1 9 168875 1364459
 2 110 0 43 1 37 1 12 74041 511408
 3 96 1 73 1 50 1 5 147672 1335453
 4 114 0 53 1 35 1 11 96494 617955
 5 105 0 27 1 22 1 3 33799 287398
 6 75 1 66 1 51 1 3 104801 794961
 7 72 1 61 1 48 1 3 119954 724521
 8 102 0 46 1 32 1 7 68967 444137
 9 59 1 57 1 45 1 5 66548 637742
 10 111 0 45 1 33 1 4 82705 549237
 11 90 1 74 1 58 1 11 223115 2181931
 12 55 1 51 1 34 1 3 40763 404528
 13 98 0 73 0 21 1 7 71923 659599
 14 85 0 61 1 35 1 8 98388 778145
 15 41 1 35 1 31 1 8 20321 195762
 16 89 1 86 1 77 1 4 328091 2670690
 17 61 1 55 1 47 1 5 82781 531441
 18 96 0 66 1 45 1 6 116622 784722
 19 98 1 79 1 58 1 6 226578 1956201
 20 89 0 61 1 34 1 7 94797 931677
 72 2509605
 587 233 220 12096684 102503528
 20
 1 96 1 95 1 68 1 8 277612 1745665
 2 69 1 61 1 35 1 4 84743 725448
 3 107 1 70 1 55 1 3 217811 1940739
 4 92 0 85 0 34 1 4 143757 1296163
 5 96 0 60 1 31 1 4 88094 874200
 6 66 1 38 1 38 1 5 50005 374985
 7 63 1 57 1 36 1 6 59221 520572
 8 51 1 31 1 31 1 6 19927 125240
 9 100 0 75 1 44 1 8 163409 1620020
 10 78 1 66 1 53 1 6 109145 712259
 11 33 1 32 1 29 1 4 17656 148568
 12 81 1 72 1 45 1 12 144521 873953
 13 88 0 57 1 38 1 9 82772 608339
 14 52 0 34 1 21 1 6 19190 159060
 15 112 0 69 0 31 1 6 109953 1074202
 16 63 1 59 1 57 1 9 86404 627705
 17 76 1 65 1 48 1 6 134891 1281587
 18 92 0 60 1 46 1 7 112552 950228
 19 118 0 55 1 52 1 7 166984 1019980
 20 96 0 93 0 22 1 7 86510 655889
 73 2509705
 587 233 220 12815925 105192866
 20
 1 90 0 73 1 37 1 7 104240 862500
 2 102 0 95 0 33 1 4 183554 1790289
 3 117 0 38 1 30 1 7 77269 533553
 4 75 1 73 1 57 1 7 179436 1616705
 5 86 0 36 1 34 1 8 55752 458478
 6 101 1 81 1 62 1 4 219710 1642988
 7 90 1 66 1 65 1 10 213229 1674455
 8 76 1 69 1 51 1 6 149183 1336400
 9 65 0 30 1 30 1 5 29488 267559
 10 61 1 46 1 37 1 6 56602 522008
 11 96 0 52 1 45 1 6 92749 688450
 12 112 0 57 0 27 1 7 99457 801735
 13 103 1 93 1 54 1 2 261957 1873058
 14 110 1 84 1 68 1 7 260737 2310763
 15 92 0 30 1 27 1 10 32355 295200
 16 116 0 48 1 33 1 5 95477 680766
 17 70 1 43 1 40 1 3 49111 440727
 18 87 1 64 1 54 1 5 138465 1089179
 19 88 0 82 0 32 1 9 133899 930006
 20 102 0 76 1 45 1 3 179800 1581659
 74 2509805
 587 233 220 13500182 133973895
 20
 1 86 1 79 1 69 1 6 220725 1762150
 2 53 1 46 1 31 1 3 31838 207267
 3 96 0 51 1 37 1 5 90314 572702
 4 119 0 55 1 54 1 5 206013 1240408
 5 77 0 74 0 37 1 7 122199 1118877
 6 96 0 73 0 24 1 3 93838 816107
 7 75 1 67 1 54 1 8 153380 1265791
 8 88 1 71 1 61 1 7 158083 1452922
 9 120 0 93 0 46 1 3 288740 2584831
 10 104 1 70 1 69 1 5 218427 1613081
 11 72 1 69 1 61 1 5 133674 956663
 12 68 1 51 1 43 1 4 66940 632837
 13 118 0 71 1 53 1 5 206994 1506490
 14 78 1 57 1 54 1 8 122505 1207858
 15 72 0 67 0 22 1 4 58559 580696
 16 84 0 82 0 34 1 3 101532 714188
 17 74 0 72 0 33 1 8 71426 573687
 18 48 1 37 1 36 1 7 33232 306130
 19 69 1 57 1 36 1 4 81202 700227
 20 109 1 68 1 59 1 8 259126 1812518
 75 2509905
 587 233 220 14136233 84957653
 20
 1 101 0 81 0 24 1 8 101508 885975
 2 94 0 72 0 29 1 5 105702 873956
 3 79 1 72 1 47 1 7 142822 882229
 4 90 0 36 1 35 1 5 61810 499882
 5 68 1 51 1 40 1 5 69196 581882
 6 48 1 45 1 35 1 11 36327 362579
 7 108 1 84 1 69 1 9 352311 2406681
 8 91 0 45 1 31 1 7 59520 397168
 9 84 1 80 1 62 1 4 169899 1441535
 10 77 1 71 1 41 1 6 101581 991372
 11 91 0 78 1 42 1 5 124423 930213
 12 82 1 80 1 60 1 10 164532 1022123
 13 89 0 42 1 26 1 3 39495 330017
 14 45 1 41 1 30 1 3 24249 204063
 15 79 0 51 1 29 1 8 47564 343177
 16 56 0 53 0 20 1 10 30211 210163
 17 117 0 78 0 39 1 7 151877 1455121
 18 84 0 78 1 42 1 2 129936 917106
 19 118 0 66 1 46 1 7 186962 1612184
 20 116 0 42 1 30 1 7 63920 443006
 76 2510005
 587 233 220 13525759 85390268
 20
 1 77 0 42 1 30 1 6 50183 391570
 2 98 0 45 1 28 1 3 58566 519555
 3 61 1 58 1 32 1 3 50033 310269
 4 92 1 77 1 61 1 4 210792 1519883
 5 58 0 44 1 27 1 4 28729 181858
 6 108 0 72 1 50 1 7 225224 1785566
 7 93 1 72 1 71 1 8 217550 1696332
 8 111 0 49 1 30 1 5 93209 824127
 9 79 1 66 1 49 1 5 146350 881423
 10 85 0 74 1 39 1 3 114726 1008856
 11 106 0 34 1 33 1 5 67507 434350
 12 113 1 91 1 76 1 11 435616 4311830
 13 57 1 49 1 43 1 9 58425 502384
 14 103 0 80 0 27 1 4 93170 903689
 15 74 0 66 0 31 1 7 90754 878227
 16 112 0 66 0 29 1 4 92994 747929
 17 110 1 83 1 67 1 4 365001 2501842
 18 119 0 56 1 36 1 1 104115 970589
 19 97 0 87 0 22 1 8 89240 885630
 20 53 0 31 1 25 1 4 23061 152638
 77 2510105
 587 233 220 17131518 143964440
 20
 1 73 0 73 0 36 1 11 92398 701883
 2 87 0 49 1 26 1 9 52418 454058
 3 68 1 53 1 44 1 6 85958 612309
 4 73 0 57 1 33 1 6 61889 509179
 5 65 1 49 1 47 1 7 86984 548388
 6 80 0 65 1 35 1 11 107946 809262
 7 72 0 35 1 26 1 13 36626 330964
 8 75 1 68 1 40 1 8 91121 552826
 9 104 0 53 1 34 1 9 106797 1051512
 10 97 0 93 0 45 1 6 208272 1320563
 11 79 1 54 1 49 1 7 87477 723511
 12 52 1 32 1 27 1 13 20861 144019
 13 84 1 72 1 59 1 8 178310 1656657
 14 74 1 71 1 53 1 9 129129 1199094
 15 102 0 70 0 27 1 9 101024 637726
 16 80 1 79 1 52 1 6 142073 956270
 17 102 0 87 0 35 1 8 180636 1714747
 18 70 0 31 1 27 1 5 35003 233456
 19 60 1 57 1 51 1 3 80681 567495
 20 84 0 76 0 38 1 4 131461 930476
 78 2510205
 587 233 220 15724103 107229654
 20
 1 105 0 68 1 42 1 6 126793 1010275
 2 75 0 37 1 24 1 7 39955 315333
 3 79 0 73 0 26 1 11 73266 529301
 4 95 0 53 1 38 1 8 104920 816940
 5 50 1 41 1 40 1 9 48772 346796
 6 80 1 59 1 52 1 6 108460 795071
 7 90 0 74 0 35 1 5 133441 985637
 8 87 1 60 1 60 1 7 176243 1554808
 9 68 1 50 1 39 1 3 71700 432581
 10 78 0 64 0 25 1 7 64811 549227
 11 73 1 65 1 52 1 8 124201 1178067
 12 83 0 48 1 38 1 8 61387 473633
 13 87 1 76 1 44 1 6 143706 1140046
 14 60 0 38 1 26 1 10 27722 179781
 15 82 1 65 1 64 1 4 160375 1247359
 16 52 1 48 1 38 1 6 47686 475551
 17 95 1 91 1 63 1 10 233522 1575740
 18 111 0 75 0 25 1 4 85755 632245
 19 117 0 81 0 36 1 8 192006 1594731
 20 67 1 45 1 38 1 9 68671 656660
 79 2510305
 587 233 220 14829608 106659552
 20
 1 64 1 48 1 46 1 6 66224 633800
 2 79 0 25 1 22 1 9 19125 167875
 3 89 0 85 0 33 1 12 114349 849429
 4 79 0 66 1 34 1 12 102226 707922
 5 79 0 54 1 31 1 10 79347 529434
 6 115 0 95 0 22 1 7 133185 1315351
 7 76 1 54 1 44 1 10 103441 997690
 8 80 0 44 1 29 1 8 52372 417434
 9 66 0 33 1 26 1 6 25173 154344
 10 50 1 32 1 32 1 8 25299 174340
 11 116 0 93 0 21 1 14 120328 813610
 12 113 0 64 1 50 1 6 175567 1054413
 13 101 0 80 0 31 1 4 144718 986781
 14 96 0 76 1 46 1 8 144469 1065133
 15 61 0 61 0 26 1 5 40469 380350
 16 108 0 26 1 23 1 9 33279 222681
 17 96 0 88 0 31 1 7 148541 1277317
 18 80 1 61 1 47 1 9 106740 981142
 19 87 0 74 0 35 1 11 107368 657619
 20 61 1 51 1 50 1 5 66788 431907
 80 2510405
 587 233 220 16673105 125578898
 20
 1 78 1 59 1 54 1 4 107085 745351
 2 120 0 52 0 20 1 10 53714 358212
 3 100 1 67 1 54 1 5 213469 2066157
 4 91 0 59 1 37 1 6 100118 717225
 5 112 0 57 1 56 1 7 205379 1438366
 6 88 0 46 1 34 1 3 62798 557526
 7 108 0 78 1 53 1 8 209799 1264258
 8 100 0 48 1 29 1 12 81529 811268
 9 89 0 88 0 21 1 6 69890 541821
 10 90 0 40 1 21 1 10 42363 328314
 11 89 0 37 1 36 1 4 52315 451056
 12 62 0 53 0 20 1 9 32090 194054
 13 116 0 48 1 40 1 7 105358 682324
 14 64 0 49 1 32 1 5 43546 301212
 15 63 1 56 1 41 1 3 70447 659522
 16 76 1 75 1 70 1 6 185984 1391979
 17 100 1 81 1 59 1 4 263804 1937480
 18 102 1 95 1 74 1 8 375307 2508020
 19 66 1 56 1 50 1 6 90998 714367
 20 58 0 33 1 22 1 5 20806 163132
 81 2510505
 587 233 220 16796067 125544252
 20
 1 110 0 60 1 55 1 2 215723 1893396
 2 80 1 78 1 71 1 6 235040 2185953
 3 110 0 75 1 50 1 1 177135 1700575
 4 100 0 72 1 40 1 4 126882 1051222
 5 103 0 60 1 32 1 5 108120 831504
 6 70 1 60 1 49 1 7 92844 610730
 7 80 1 72 1 62 1 6 184242 1762492
 8 120 1 74 1 67 1 8 351241 2113220
 9 75 0 52 1 37 1 5 58607 423840
 10 57 1 54 1 48 1 6 81767 676923
 11 62 1 55 1 53 1 5 100567 945800
 12 83 0 73 0 36 1 6 93934 875050
 13 75 1 64 1 40 1 7 90736 596820
 14 98 0 80 0 31 1 6 141126 1126894
 15 112 0 100 1 52 1 3 249538 1631654
 16 56 1 49 1 44 1 6 61700 435595
 17 74 0 28 1 26 1 4 25762 184746
 18 68 1 67 1 52 1 5 106859 721036
 19 116 0 96 0 27 1 10 136333 1253839
 20 92 0 65 1 45 1 8 115885 1035419
 82 2510605
 587 233 220 17297310 167628754
 20
 1 65 1 51 1 50 1 6 77473 501535
 2 113 0 78 0 28 1 9 104498 991963
 3 120 0 35 1 32 1 5 58757 389744
 4 71 0 53 0 20 1 7 42555 393391
 5 94 1 70 1 64 1 4 220037 1772917
 6 64 0 33 1 32 1 10 39138 365218
 7 71 0 35 1 21 1 7 25975 226551
 8 85 1 59 1 49 1 4 114231 1022402
 9 108 0 62 1 53 1 7 154872 1193182
 10 116 0 56 0 25 1 6 93799 724735
 11 75 0 69 1 35 1 8 91145 910215
 12 114 0 85 1 53 1 5 267847 1759918
 13 55 0 35 1 20 1 6 19534 138981
 14 89 1 72 1 66 1 5 248317 1874144
 15 92 1 62 1 47 1 7 149581 1017514
 16 103 0 99 0 42 1 7 249816 1538740
 17 66 0 55 1 32 1 8 51784 360946
 18 93 0 62 1 39 1 5 128481 785115
 19 86 1 64 1 50 1 5 133362 1214419
 20 75 1 71 1 68 1 10 190747 1558615
 83 2510705
 587 233 220 13563001 121430410
 20
 1 83 1 71 1 46 1 13 140734 1062206
 2 76 1 63 1 54 1 4 115002 779789
 3 91 0 56 1 40 1 8 109409 944782
 4 61 1 42 1 34 1 7 44526 400746
 5 84 1 67 1 47 1 6 156089 1242805
 6 95 1 79 1 57 1 8 213151 1334505
 7 90 0 80 0 23 1 4 66974 402596
 8 69 0 43 1 28 1 7 38022 295655
 9 72 1 69 1 48 1 7 140028 843062
 10 83 1 64 1 58 1 4 182840 1194586
 11 99 0 94 0 24 1 8 102495 923741
 12 96 1 69 1 53 1 7 193714 1752803
 13 71 1 70 1 36 1 7 85549 833798
 14 57 1 52 1 45 1 5 63033 432678
 15 99 0 71 1 43 1 8 169284 1482841
 16 72 0 71 0 27 1 9 56350 461631
 17 59 0 37 1 22 1 6 19370 164864
 18 86 1 56 1 44 1 10 118668 839910
 19 80 1 55 1 41 1 6 100983 844616
 20 78 0 58 1 30 1 5 74613 715542
 84 2510805
 587 233 220 16615621 132542075
 20
 1 114 0 77 1 42 1 8 203675 1932889
 2 105 1 81 1 74 1 5 356162 2231279
 3 76 1 73 1 50 1 9 111051 1072652
 4 104 0 91 0 41 1 10 173296 1135530
 5 75 0 70 0 23 1 6 70138 459493
 6 93 0 67 0 20 1 8 51247 335275
 7 89 0 54 0 25 1 6 59947 372493
 8 89 0 46 1 28 1 10 53587 351350
 9 36 1 35 1 24 1 7 13385 106840
 10 72 0 50 1 29 1 8 54328 525944
 11 72 1 41 1 38 1 9 54292 417673
 12 84 0 32 1 24 1 9 26028 236192
 13 85 0 53 1 31 1 5 73347 656143
 14 115 0 94 0 38 1 5 184734 1327613
 15 60 1 51 1 38 1 10 53157 486258
 16 74 1 46 1 40 1 8 66312 578769
 17 52 1 50 1 41 1 10 58771 385210
 18 85 1 58 1 50 1 10 136526 1350394
 19 116 0 78 0 34 1 5 133229 1032156
 20 85 0 53 1 41 1 6 104960 930294
 85 2510905
 587 233 220 17284341 121428863
 20
 1 55 0 37 1 22 1 5 20770 142946
 2 72 0 55 1 31 1 10 71072 614908
 3 61 1 56 1 36 1 4 62725 419964
 4 76 0 72 0 22 1 5 69685 590340
 5 74 1 66 1 61 1 5 146457 1014607
 6 43 1 39 1 32 1 8 28936 274751
 7 108 0 98 0 27 1 4 131482 1223335
 8 109 1 73 1 65 1 6 300467 2608039
 9 97 0 92 0 40 1 7 152225 953619
 10 109 1 80 1 62 1 6 313434 3022222
 11 57 1 57 1 45 1 3 68605 442215
 12 114 0 43 1 41 1 6 119401 1111449
 13 100 1 69 1 67 1 6 271152 2352836
 14 82 0 68 0 24 1 4 59478 474449
 15 97 0 34 1 31 1 3 48908 474406
 16 99 1 95 1 60 1 7 301700 2912247
 17 79 1 45 1 45 1 7 66876 520639
 18 44 1 35 1 30 1 2 25690 217555
 19 85 1 65 1 55 1 6 140905 1174272
 20 100 1 91 1 76 1 4 309142 2885709
 86 2511005
 587 233 220 15882661 155660345
 20
 1 87 0 33 1 28 1 8 44662 349776
 2 97 1 70 1 57 1 8 222402 1465134
 3 71 1 57 1 38 1 9 74149 698756
 4 63 1 53 1 47 1 6 67673 508200
 5 77 0 56 1 37 1 7 69734 558648
 6 102 0 67 1 47 1 5 189147 1247660
 7 72 0 31 1 29 1 7 34905 303402
 8 84 0 58 1 38 1 6 105070 853694
 9 84 1 57 1 56 1 6 150684 1462337
 10 88 0 76 0 33 1 5 95112 893799
 11 109 1 76 1 73 1 10 361584 2960980
 12 57 1 55 1 54 1 2 88038 617678
 13 115 0 26 1 25 1 7 37418 367217
 14 71 1 50 1 41 1 8 76786 551336
 15 102 0 59 0 29 1 8 89688 705377
 16 69 1 67 1 45 1 5 122834 1159139
 17 50 1 46 1 38 1 5 38389 292525
 18 78 0 76 0 38 1 10 104349 694388
 19 95 0 55 1 31 1 3 95411 587672
 20 98 0 83 0 38 1 9 154232 999120
 87 2511105
 587 233 220 12506027 87673100
 20
 1 119 0 34 1 28 1 5 64834 582019
 2 84 1 69 1 48 1 6 145510 1117970
 3 97 1 82 1 78 1 7 367984 2919181
 4 109 0 43 1 33 1 6 68621 645255
 5 80 1 75 1 47 1 5 115238 968929
 6 74 0 62 0 30 1 11 71405 583079
 7 40 1 35 1 31 1 10 21892 176390
 8 58 0 43 1 26 1 3 35938 291657
 9 111 1 73 1 71 1 4 288687 2157864
 10 95 0 66 1 43 1 7 115799 874864
 11 96 0 82 0 28 1 8 126704 1001900
 12 84 1 73 1 66 1 5 223751 1756058
 13 62 1 42 1 38 1 6 44902 442705
 14 108 1 91 1 58 1 9 233768 1842298
 15 96 0 81 0 25 1 2 79320 762127
 16 42 1 35 1 31 1 4 26761 245404
 17 75 0 54 1 30 1 5 58150 559815
 18 117 0 50 1 33 1 7 94941 753619
 19 115 0 68 1 49 1 6 204307 1424587
 20 105 1 66 1 60 1 1 214604 1704714
 88 2511205
 587 233 220 15946429 109868128
 20
 1 100 0 60 1 40 1 5 143094 903042
 2 89 0 67 1 34 1 4 121142 935443
 3 92 0 80 0 38 1 7 119812 731401
 4 90 0 81 0 24 1 12 97581 614571
 5 84 0 52 1 38 1 8 91788 572868
 6 77 1 54 1 46 1 6 76558 627997
 7 90 0 49 1 33 1 5 80414 737019
 8 78 0 45 1 27 1 9 49568 418490
 9 76 0 57 0 28 1 11 58794 536096
 10 102 0 38 1 27 1 4 45819 346417
 11 55 1 45 1 39 1 7 43974 330875
 12 115 0 78 0 29 1 4 148341 1285629
 13 98 1 58 1 53 1 6 147630 989352
 14 75 1 64 1 44 1 11 107544 674363
 15 61 0 57 0 20 1 5 29659 242666
 16 94 1 92 1 78 1 6 307940 2594465
 17 114 0 58 1 42 1 7 135403 1238920
 18 98 0 67 0 27 1 7 97783 911661
 19 85 1 79 1 45 1 12 134857 940352
 20 111 0 49 0 22 1 6 67680 637948
 89 2511305
 587 233 220 15896380 126098818
 20
 1 95 0 92 0 46 1 4 212743 1566226
 2 65 1 60 1 40 1 5 88551 696123
 3 103 1 62 1 59 1 3 208673 1572060
 4 71 1 65 1 52 1 9 108194 1032307
 5 119 0 87 0 28 1 6 119626 856981
 6 109 1 92 1 78 1 6 343982 2590943
 7 58 1 54 1 35 1 6 47536 321889
 8 98 1 73 1 64 1 5 267286 1879596
 9 44 1 44 1 40 1 1 38578 309528
 10 70 0 69 1 35 1 7 71314 599790
 11 119 0 61 1 58 1 5 248437 2323366
 12 89 1 55 1 45 1 10 128675 801434
 13 75 1 68 1 58 1 5 125637 1035341
 14 43 1 37 1 30 1 3 24824 158122
 15 95 0 77 1 41 1 9 178376 1450485
 16 65 1 63 1 63 1 4 109721 738797
 17 107 1 70 1 62 1 6 270639 1847953
 18 109 0 69 0 21 1 4 81290 703162
 19 54 0 34 1 21 1 4 18924 128076
 20 118 0 45 1 32 1 3 88294 878414
 90 2511405
 587 233 220 15741101 155348694
 20
 1 91 0 52 1 33 1 5 62993 502549
 2 87 1 81 1 63 1 3 266373 1878183
 3 113 0 79 1 45 1 6 189963 1694991
 4 114 0 52 1 45 1 8 115355 737895
 5 110 1 90 1 66 1 6 329078 2808720
 6 81 0 41 1 31 1 4 42046 347321
 7 108 0 67 1 37 1 5 120758 959534
 8 118 0 82 1 57 1 4 323478 2427190
 9 96 0 60 0 30 1 4 75713 681514
 10 43 1 42 1 36 1 5 34761 293580
 11 93 1 78 1 77 1 6 265319 2529601
 12 85 0 62 0 25 1 6 58687 391798
 13 93 0 83 0 30 1 5 122760 1190379
 14 101 1 87 1 77 1 3 325882 3225334
 15 112 0 72 1 56 1 7 235751 2076948
 16 49 1 39 1 31 1 7 34780 335138
 17 100 0 67 1 38 1 1 119383 1009615
 18 76 1 59 1 41 1 4 108804 704719
 19 114 1 64 1 59 1 4 187459 1251854
 20 91 0 68 0 34 1 4 106454 902359
 91 2511505
 587 233 220 16683660 130414035
 20
 1 86 1 65 1 57 1 4 181703 1641544
 2 61 1 37 1 32 1 3 41501 327383
 3 39 1 33 1 27 1 8 15521 112216
 4 85 0 33 1 26 1 5 35995 221104
 5 101 0 94 0 42 1 3 229108 1984942
 6 65 1 53 1 46 1 4 93710 701865
 7 76 1 72 1 39 1 5 95461 951841
 8 47 1 42 1 25 1 3 26724 224421
 9 93 1 76 1 60 1 4 225400 2104583
 10 95 1 74 1 51 1 8 144374 1043129
 11 97 0 66 0 32 1 4 90873 761193
 12 116 0 78 0 37 1 6 181402 1751879
 13 98 0 53 1 47 1 5 99293 974031
 14 68 1 63 1 60 1 9 145119 877785
 15 93 1 91 1 68 1 7 244173 1546215
 16 90 0 88 0 35 1 3 147526 1345286
 17 93 1 71 1 66 1 5 208342 1343154
 18 100 1 89 1 70 1 6 272828 2284608
 19 94 0 84 0 35 1 9 112755 857639
 20 74 0 40 1 30 1 5 45374 275903
 92 2511605
 587 233 220 17316622 146800678
 20
 1 96 1 82 1 63 1 6 215476 1531464
 2 74 1 63 1 59 1 7 123212 742839
 3 86 0 60 1 43 1 5 100680 943347
 4 90 1 67 1 57 1 10 158226 1462290
 5 97 1 91 1 80 1 6 404648 2756685
 6 116 0 61 0 28 1 2 83175 551365
 7 86 0 41 1 35 1 4 55510 394753
 8 67 0 44 1 26 1 7 42465 399978
 9 115 0 79 0 31 1 10 147703 1008922
 10 62 1 59 1 46 1 5 70960 426220
 11 49 1 41 1 39 1 3 46987 430248
 12 55 1 48 1 33 1 10 37830 251669
 13 113 1 89 1 63 1 7 316401 2684510
 14 49 1 36 1 33 1 3 34788 328371
 15 71 1 63 1 54 1 4 110210 889322
 16 62 0 58 0 21 1 7 31593 294020
 17 85 0 75 0 34 1 4 101953 723837
 18 64 1 61 1 50 1 9 115752 1088241
 19 73 1 53 1 48 1 4 108876 877698
 20 57 1 53 1 47 1 5 82948 570217
 93 2511705
 587 233 220 12891830 91730655
 20
 1 78 0 69 1 37 1 4 91739 810986
 2 115 1 90 1 58 1 7 259317 2401435
 3 68 0 53 0 20 1 5 36957 286881
 4 119 0 71 1 47 1 6 230109 1566973
 5 100 1 82 1 57 1 3 244179 1845042
 6 88 1 76 1 52 1 3 185275 1241470
 7 95 0 90 0 43 1 6 167269 1628132
 8 87 1 72 1 62 1 7 158855 1280976
 9 80 1 66 1 47 1 3 148219 1330112
 10 120 1 78 1 67 1 4 300244 2678058
 11 103 1 65 1 60 1 3 238018 1436858
 12 86 1 60 1 50 1 4 137381 1012358
 13 80 0 49 1 37 1 5 76803 746660
 14 94 0 83 0 36 1 4 157423 1406379
 15 92 1 59 1 51 1 6 122199 898634
 16 118 0 67 1 35 1 5 137918 1271177
 17 80 1 78 1 62 1 4 159302 1409030
 18 91 0 58 1 33 1 5 88464 662907
 19 114 0 78 1 49 1 4 218657 1376660
 20 76 1 54 1 40 1 2 76917 468978
 94 2511805
 587 233 220 16012709 130062825
 20
 1 75 1 73 1 69 1 8 216289 1609358
 2 66 1 56 1 40 1 5 76703 567297
 3 64 1 51 1 41 1 8 67888 544619
 4 90 0 52 1 28 1 9 76461 513912
 5 73 0 33 1 28 1 9 35111 288303
 6 91 1 76 1 60 1 7 245275 1504089
 7 54 1 45 1 28 1 10 30843 243533
 8 107 1 81 1 56 1 7 247061 1990040
 9 63 1 53 1 44 1 10 77487 592172
 10 88 1 75 1 50 1 11 181081 1468170
 11 79 0 76 0 20 1 2 51801 323516
 12 116 1 71 1 66 1 7 312631 2508193
 13 84 0 52 1 35 1 6 87209 631773
 14 61 0 56 0 22 1 4 37016 244022
 15 54 1 53 1 31 1 4 36137 230081
 16 86 1 85 1 53 1 6 215389 1606353
 17 84 0 71 0 29 1 8 94681 875145
 18 80 1 52 1 41 1 7 76557 553890
 19 83 0 33 1 26 1 4 31434 298664
 20 99 0 60 1 38 1 2 132500 1209629
 95 2511905
 587 233 220 15452689 93797450
 20
 1 101 0 69 0 20 1 5 76610 628437
 2 108 0 66 1 54 1 8 193255 1499906
 3 74 0 62 1 33 1 9 85085 521029
 4 69 0 61 1 33 1 8 61729 476726
 5 71 0 64 0 31 1 7 83451 564313
 6 38 1 32 1 30 1 6 16352 109964
 7 108 0 47 1 37 1 10 82312 745948
 8 100 0 41 1 36 1 7 85795 625994
 9 99 0 79 0 39 1 8 157925 1406014
 10 83 0 55 0 22 1 7 44769 277358
 11 99 0 49 1 36 1 6 98841 679377
 12 83 0 56 0 22 1 7 59708 462428
 13 66 1 52 1 44 1 6 63080 616687
 14 120 0 69 0 29 1 5 120338 866880
 15 101 0 90 1 50 1 6 227278 1392747
 16 58 1 54 1 39 1 9 66053 627422
 17 88 1 64 1 58 1 4 192876 1553441
 18 82 1 52 1 46 1 7 106037 893309
 19 63 1 63 1 53 1 8 112015 1076761
 20 82 1 67 1 60 1 13 178717 1469446
 96 2512005
 587 233 220 17498254 171484132
 20
 1 64 0 42 1 26 1 9 37854 286068
 2 92 1 58 1 52 1 7 153131 1089880
 3 92 0 85 0 21 1 8 82660 755181
 4 90 0 49 1 33 1 8 70738 519450
 5 54 1 48 1 34 1 6 36606 289453
 6 95 0 62 1 45 1 6 112471 983506
 7 72 1 49 1 46 1 8 93679 677470
 8 56 0 42 1 25 1 10 27694 245823
 9 64 0 34 1 26 1 5 26444 243814
 10 113 0 90 1 54 1 6 235731 1716608
 11 113 0 52 1 42 1 5 123610 872251
 12 94 0 86 0 38 1 6 131601 1051453
 13 81 1 80 1 68 1 5 248613 2023093
 14 87 1 79 1 55 1 9 204704 1370406
 15 81 1 52 1 45 1 13 109797 1001724
 16 113 0 32 1 24 1 10 43457 364579
 17 92 0 57 0 25 1 5 71633 459736
 18 100 0 40 1 33 1 6 78742 504683
 19 113 0 93 0 40 1 6 173158 1698168
 20 74 0 65 0 22 1 13 49439 352066
 97 2512105
 587 233 220 12248299 87797195
 20
 1 74 0 60 1 32 1 7 72225 559806
 2 100 0 50 1 43 1 7 122688 772756
 3 95 0 74 1 42 1 6 173756 1604578
 4 95 0 70 0 30 1 8 87405 660183
 5 45 1 37 1 24 1 4 19380 162475
 6 67 0 60 0 25 1 9 56061 533449
 7 55 1 51 1 35 1 4 56968 457845
 8 76 1 71 1 61 1 6 153795 1032992
 9 119 0 88 1 51 1 8 255199 2421572
 10 98 0 81 0 26 1 6 120731 1043656
 11 86 1 69 1 61 1 7 182689 1445627
 12 117 0 54 1 30 1 3 83785 572090
 13 96 0 40 1 24 1 4 53736 489047
 14 54 1 52 1 41 1 7 61100 376831
 15 89 0 61 1 41 1 8 119747 1190231
 16 82 1 81 1 71 1 8 192904 1238950
 17 97 1 53 1 49 1 5 123010 760708
 18 74 0 72 0 35 1 5 81983 764906
 19 83 1 77 1 47 1 7 122687 1184700
 20 80 1 48 1 45 1 5 90684 814986
 98 2512205
 587 233 220 17715940 129202143
 20
 1 106 0 55 1 38 1 8 96130 892334
 2 69 1 50 1 48 1 11 71133 484623
 3 106 1 63 1 57 1 11 214701 1608000
 4 71 1 66 1 51 1 5 124706 907063
 5 62 1 41 1 36 1 9 40587 349578
 6 75 1 49 1 39 1 7 80975 666276
 7 90 1 64 1 53 1 9 164060 1230739
 8 96 1 79 1 55 1 10 170563 1172311
 9 83 1 75 1 67 1 5 216833 1554773
 10 58 1 48 1 30 1 6 35017 287321
 11 81 0 59 0 24 1 8 67782 653821
 12 71 1 56 1 41 1 4 88110 655850
 13 111 0 76 1 40 1 8 167187 1168289
 14 113 0 27 1 26 1 4 35948 292655
 15 50 1 41 1 36 1 8 42109 276973
 16 57 1 55 1 50 1 7 71061 487635
 17 42 0 25 1 21 1 7 11721 93291
 18 115 0 44 1 29 1 3 64695 561814
 19 78 1 54 1 52 1 9 126541 1032483
 20 87 0 68 0 31 1 5 85564 527904
 99 2512305
 587 233 220 13771778 133632038
 20
 1 51 1 46 1 44 1 9 51821 478934
 2 95 0 92 1 47 1 12 204892 1340623
 3 116 0 39 1 23 1 9 60818 365018
 4 51 1 37 1 32 1 5 27570 230772
 5 117 0 44 1 38 1 8 102139 863711
 6 103 1 89 1 73 1 7 283713 2643699
 7 73 1 55 1 54 1 8 114949 818598
 8 116 0 98 0 40 1 5 261456 2130072
 9 62 0 48 0 22 1 5 26206 221137
 10 106 0 38 1 30 1 9 66504 424124
 11 100 0 40 1 32 1 8 70801 694912
 12 87 0 53 0 26 1 8 57028 541923
 13 57 1 35 1 35 1 9 34700 210412
 14 80 1 75 1 75 1 5 263444 1883781
 15 111 0 88 0 32 1 6 161096 1341841
 16 109 0 42 1 29 1 6 59087 548658
 17 49 1 35 1 29 1 7 25218 221768
 18 92 0 65 0 23 1 4 77705 670207
 19 112 0 32 1 30 1 8 59810 498385
 20 94 0 90 0 30 1 7 106221 755191
 100 2512405
 587 233 220 12171824 114317510
 20
 1 78 1 49 1 47 1 6 80401 726498
 2 46 1 45 1 43 1 4 38473 334028
 3 98 0 44 1 36 1 4 76306 539758
 4 100 0 89 0 31 1 8 161269 1552159
 5 108 0 76 1 47 1 6 203822 1748885
 6 75 0 36 1 28 1 6 39909 314260
 7 108 1 82 1 56 1 5 199254 1831546
 8 45 1 41 1 24 1 4 23431 207686
 9 103 0 48 1 38 1 8 99176 657215
 10 74 1 62 1 46 1 7 113340 888723
 11 96 0 56 1 44 1 11 124496 810143
 12 117 0 64 1 42 1 4 175467 1509626
 13 73 1 71 1 50 1 9 116456 795949
 14 61 1 48 1 47 1 3 57365 559621
 15 91 0 49 1 27 1 9 69236 681081
 16 78 0 77 0 28 1 7 73198 620699
 17 119 0 78 0 34 1 3 156285 1484370
 18 106 1 78 1 63 1 6 282787 2482748
 19 82 1 68 1 62 1 6 190276 1764330
 20 100 1 73 1 53 1 6 175800 1631417
