 100
 1 2502505
 587 233 220 20833552 63740556
 1
 1 108 0 76 0 30 1 122 214715 429430
 2 2502605
 587 233 220 18328875 101666564
 1
 1 49 0 25 1 21 1 1169 22796 45592
 3 2502705
 587 233 220 22769647 177392409
 1
 1 97 0 81 0 27 1 141 175691 351382
 4 2502805
 587 233 220 22242455 117119840
 1
 1 113 0 92 0 33 1 87 225229 450458
 5 2502905
 587 233 220 25330022 185329762
 1
 1 88 0 54 1 39 1 162 165039 330078
 6 2503005
 587 233 220 23291365 83884092
 1
 1 86 1 84 1 45 1 92 243687 487374
 7 2503105
 587 233 220 25006078 92613400
 1
 1 118 0 79 1 51 1 63 309233 618466
 8 2503205
 587 233 220 27066238 95934040
 1
 1 75 1 58 1 57 1 121 203338 406676
 9 2503305
 587 233 220 25486624 139362010
 1
 1 90 1 70 1 63 1 75 287084 574168
 10 2503405
 587 233 220 24081989 148942840
 1
 1 68 0 66 0 31 1 216 109661 219322
 11 2503505
 587 233 220 24833501 155215967
 1
 1 74 1 63 1 61 1 105 228682 457364
 12 2503605
 587 233 220 21402126 169407143
 1
 1 95 1 80 1 57 1 69 377675 755350
 13 2503705
 587 233 220 22549793 176685607
 1
 1 52 0 36 1 25 1 642 28638 57276
 14 2503805
 587 233 220 23265331 131081535
 1
 1 68 0 48 1 31 1 297 66371 132742
 15 2503905
 587 233 220 25309999 139993564
 1
 1 100 0 44 1 37 1 184 117030 234060
 16 2504005
 587 233 220 24024784 110553331
 1
 1 43 1 40 1 39 1 448 50678 101356
 17 2504105
 587 233 220 26539646 73250839
 1
 1 72 0 49 1 35 1 243 93226 186452
 18 2504205
 587 233 220 24203465 176520732
 1
 1 104 0 55 1 30 1 175 104081 208162
 19 2504305
 587 233 220 19444793 120816579
 1
 1 60 0 45 1 26 1 428 42268 84536
 20 2504405
 587 233 220 22093959 144605323
 1
 1 97 1 77 1 66 1 61 418792 837584
 21 2504505
 587 233 220 22443143 110251850
 1
 1 109 1 93 1 72 1 41 600855 1201710
 22 2504605
 587 233 220 24762578 66000973
 1
 1 89 1 78 1 50 1 86 281949 563898
 23 2504705
 587 233 220 18329809 116412006
 1
 1 84 0 81 0 23 1 192 131605 263210
 24 2504805
 587 233 220 19304436 93700167
 1
 1 113 0 80 0 29 1 114 235697 471394
 25 2504905
 587 233 220 22369860 171140559
 1
 1 75 0 54 1 35 1 212 126997 253994
 26 2505005
 587 233 220 19065434 128503989
 1
 1 86 0 71 1 41 1 120 153125 306250
 27 2505105
 587 233 220 27042648 169911633
 1
 1 118 0 66 1 47 1 82 237697 475394
 28 2505205
 587 233 220 24877104 138643493
 1
 1 62 1 59 1 52 1 158 164549 329098
 29 2505305
 587 233 220 26120658 149195427
 1
 1 91 1 58 1 57 1 100 188047 376094
 30 2505405
 587 233 220 25925917 142444784
 1
 1 64 0 53 1 32 1 277 70031 140062
 31 2505505
 587 233 220 25962492 193635139
 1
 1 70 1 63 1 49 1 139 182410 364820
 32 2505605
 587 233 220 23687047 128177680
 1
 1 95 0 76 1 44 1 94 273899 547798
 33 2505705
 587 233 220 25133734 100150273
 1
 1 40 1 36 1 21 1 995 22680 45360
 34 2505805
 587 233 220 18994051 82949543
 1
 1 68 0 35 1 27 1 468 54621 109242
 35 2505905
 587 233 220 26135905 174523934
 1
 1 100 0 33 1 31 1 294 66790 133580
 36 2506005
 587 233 220 18234119 117289439
 1
 1 41 1 39 1 26 1 723 29548 59096
 37 2506105
 587 233 220 18756169 78833398
 1
 1 98 0 73 1 44 1 95 249362 498724
 38 2506205
 587 233 220 23396219 99927197
 1
 1 104 0 94 1 50 1 61 370369 740738
 39 2506305
 587 233 220 24583166 175291797
 1
 1 89 1 56 1 45 1 134 156547 313094
 40 2506405
 587 233 220 19959947 59969541
 1
 1 85 1 77 1 62 1 74 246760 493520
 41 2506505
 587 233 220 21473171 116596205
 1
 1 109 1 80 1 68 1 50 480160 960320
 42 2506605
 587 233 220 20171431 130755493
 1
 1 76 1 74 1 50 1 107 231493 462986
 43 2506705
 587 233 220 26203978 161371899
 1
 1 82 1 80 1 71 1 64 397097 794194
 44 2506805
 587 233 220 21669784 156404970
 1
 1 114 0 67 0 25 1 157 118215 236430
 45 2506905
 587 233 220 24661197 153368610
 1
 1 63 0 55 1 31 1 280 82470 164940
 46 2507005
 587 233 220 25622786 147893869
 1
 1 86 0 58 1 36 1 167 109075 218150
 47 2507105
 587 233 220 25555729 68361088
 1
 1 118 0 54 1 42 1 112 163973 327946
 48 2507205
 587 233 220 23919986 103121544
 1
 1 59 1 49 1 48 1 216 92176 184352
 49 2507305
 587 233 220 19056671 102973635
 1
 1 91 0 54 1 45 1 136 195872 391744
 50 2507405
 587 233 220 26186153 175984931
 1
 1 60 1 40 1 32 1 391 57878 115756
 51 2507505
 587 233 220 23755549 130986235
 1
 1 66 1 64 1 36 1 197 132291 264582
 52 2507605
 587 233 220 24330747 149023505
 1
 1 96 0 72 0 31 1 140 167125 334250
 53 2507705
 587 233 220 25470940 152555754
 1
 1 78 0 37 1 27 1 386 69749 139498
 54 2507805
 587 233 220 21387749 167716623
 1
 1 99 0 68 0 23 1 194 107156 214312
 55 2507905
 587 233 220 21404729 55921251
 1
 1 100 0 94 0 28 1 114 184244 368488
 56 2508005
 587 233 220 22232757 66222992
 1
 1 90 0 41 1 34 1 239 77781 155562
 57 2508105
 587 233 220 22335451 95109252
 1
 1 85 0 73 1 40 1 121 208720 417440
 58 2508205
 587 233 220 19471384 108157801
 1
 1 105 0 81 1 46 1 76 351213 702426
 59 2508305
 587 233 220 25205065 157937160
 1
 1 76 1 52 1 46 1 165 156503 313006
 60 2508405
 587 233 220 19705998 129153870
 1
 1 78 1 72 1 58 1 92 248492 496984
 61 2508505
 587 233 220 19016152 112843901
 1
 1 109 1 68 1 64 1 63 301262 602524
 62 2508605
 587 233 220 22889717 178779450
 1
 1 70 1 63 1 50 1 136 184141 368282
 63 2508705
 587 233 220 20412385 72170710
 1
 1 82 1 76 1 59 1 81 299345 598690
 64 2508805
 587 233 220 26258262 93028444
 1
 1 114 0 54 0 20 1 244 94323 188646
 65 2508905
 587 233 220 19680209 65916895
 1
 1 55 0 50 1 26 1 420 60621 121242
 66 2509005
 587 233 220 22327851 100968584
 1
 1 87 0 45 1 32 1 240 75241 150482
 67 2509105
 587 233 220 20401966 63510399
 1
 1 119 0 41 1 38 1 162 121832 243664
 68 2509205
 587 233 220 18755019 90418687
 1
 1 60 1 44 1 36 1 316 63687 127374
 69 2509305
 587 233 220 18627142 115065088
 1
 1 91 0 50 1 32 1 206 96112 192224
 70 2509405
 587 233 220 26270999 165473827
 1
 1 56 0 32 1 28 1 599 30750 61500
 71 2509505
 587 233 220 24437054 86689792
 1
 1 99 1 64 1 62 1 76 334946 669892
 72 2509605
 587 233 220 18074799 116337054
 1
 1 96 1 95 1 68 1 48 454083 908166
 73 2509705
 587 233 220 21338831 82589690
 1
 1 90 0 73 1 37 1 123 173822 347644
 74 2509805
 587 233 220 21568208 170872906
 1
 1 86 1 79 1 69 1 64 301523 603046
 75 2509905
 587 233 220 26202602 174672370
 1
 1 101 0 81 0 24 1 153 167733 335466
 76 2510005
 587 233 220 25595523 64719672
 1
 1 77 0 42 1 30 1 310 60353 120706
 77 2510105
 587 233 220 18142932 125186932
 1
 1 73 0 73 0 36 1 156 125101 250202
 78 2510205
 587 233 220 21045067 127375781
 1
 1 105 0 68 1 42 1 100 238827 477654
 79 2510305
 587 233 220 23065369 93052101
 1
 1 64 1 48 1 46 1 212 103227 206454
 80 2510405
 587 233 220 18484830 92119536
 1
 1 78 1 59 1 54 1 121 167828 335656
 81 2510505
 587 233 220 26568630 157481006
 1
 1 110 0 60 1 55 1 82 287750 575500
 82 2510605
 587 233 220 18600174 86594994
 1
 1 65 1 51 1 50 1 181 128010 256020
 83 2510705
 587 233 220 23212962 150886507
 1
 1 83 1 71 1 46 1 110 240691 481382
 84 2510805
 587 233 220 24161031 192884508
 1
 1 114 0 77 1 42 1 81 263648 527296
 85 2510905
 587 233 220 21375808 69492500
 1
 1 55 0 37 1 22 1 672 32958 65916
 86 2511005
 587 233 220 19468634 75067918
 1
 1 87 0 33 1 28 1 374 70865 141730
 87 2511105
 587 233 220 18370791 58677723
 1
 1 119 0 34 1 28 1 265 88669 177338
 88 2511205
 587 233 220 24867949 126489047
 1
 1 100 0 60 1 40 1 125 211614 423228
 89 2511305
 587 233 220 26339602 170492511
 1
 1 95 0 92 0 46 1 74 246061 492122
 90 2511405
 587 233 220 18297406 99183775
 1
 1 91 0 52 1 33 1 192 136417 272834
 91 2511505
 587 233 220 23261531 105399205
 1
 1 86 1 65 1 57 1 94 262265 524530
 92 2511605
 587 233 220 26900829 99203130
 1
 1 96 1 82 1 63 1 60 425826 851652
 93 2511705
 587 233 220 18232721 79084196
 1
 1 78 0 69 1 37 1 151 170687 341374
 94 2511805
 587 233 220 18335497 85973265
 1
 1 75 1 73 1 69 1 79 299603 599206
 95 2511905
 587 233 220 23244586 131305375
 1
 1 101 0 69 0 20 1 215 119118 238236
 96 2512005
 587 233 220 25606126 181212606
 1
 1 64 0 42 1 26 1 430 56452 112904
 97 2512105
 587 233 220 20870250 103577048
 1
 1 74 0 60 1 32 1 211 97897 195794
 98 2512205
 587 233 220 25958518 191036055
 1
 1 106 0 55 1 38 1 135 148753 297506
 99 2512305
 587 233 220 26530320 184035183
 1
 1 51 1 46 1 44 1 291 67376 134752
 100 2512405
 587 233 220 22608762 122973494
 1
 1 78 1 49 1 47 1 167 122893 245786
