 100
 1 2502505
 587 233 220 20911358 166823036
 3
 1 108 0 76 0 30 1 40 172793 345586
 2 110 0 43 1 25 1 33 88059 176118
 3 92 1 81 1 55 1 39 251243 502486
 2 2502605
 587 233 220 23066448 161457793
 3
 1 49 0 25 1 21 1 41 15911 31822
 2 60 1 51 1 41 1 53 110432 220864
 3 103 1 76 1 64 1 44 387247 774494
 3 2502705
 587 233 220 23481238 125979782
 3
 1 97 0 81 0 27 1 41 152796 305592
 2 102 0 78 0 39 1 42 248022 496044
 3 113 0 46 1 36 1 44 142202 284404
 4 2502805
 587 233 220 25343302 75005085
 3
 1 113 0 92 0 33 1 67 209825 419650
 2 52 1 37 1 28 1 60 47660 95320
 3 57 1 33 1 29 1 70 45023 90046
 5 2502905
 587 233 220 20764848 103384111
 3
 1 88 0 54 1 39 1 51 162175 324350
 2 94 0 54 1 36 1 38 141627 283254
 3 87 0 77 1 43 1 47 230455 460910
 6 2503005
 587 233 220 22278202 85006727
 3
 1 86 1 84 1 45 1 56 269435 538870
 2 81 0 45 1 34 1 56 75426 150852
 3 70 1 54 1 37 1 35 111840 223680
 7 2503105
 587 233 220 20613928 103218156
 3
 1 118 0 79 1 51 1 37 363602 727204
 2 86 0 32 1 31 1 44 61869 123738
 3 64 1 58 1 52 1 45 156871 313742
 8 2503205
 587 233 220 24252602 189764959
 3
 1 75 1 58 1 57 1 58 220338 440676
 2 57 1 37 1 30 1 66 48061 96122
 3 79 0 74 0 35 1 56 158163 316326
 9 2503305
 587 233 220 22956107 112918967
 3
 1 90 1 70 1 63 1 29 287820 575640
 2 84 0 78 0 28 1 32 144333 288666
 3 94 0 85 0 39 1 40 193131 386262
 10 2503405
 587 233 220 25495067 120918243
 3
 1 68 0 66 0 31 1 44 90137 180274
 2 120 0 34 1 26 1 41 78451 156902
 3 95 1 76 1 60 1 45 337845 675690
 11 2503505
 587 233 220 26270196 208039867
 3
 1 74 1 63 1 61 1 33 252548 505096
 2 71 0 60 0 25 1 36 71343 142686
 3 106 1 80 1 59 1 33 417166 834332
 12 2503605
 587 233 220 22472368 76280814
 3
 1 95 1 80 1 57 1 38 382474 764948
 2 112 0 87 0 23 1 29 159874 319748
 3 116 0 41 1 40 1 37 141146 282292
 13 2503705
 587 233 220 23670880 152998849
 3
 1 52 0 36 1 25 1 112 33017 66034
 2 63 0 37 1 21 1 76 31645 63290
 3 100 0 61 1 36 1 96 165721 331442
 14 2503805
 587 233 220 19993218 122586962
 3
 1 68 0 48 1 31 1 45 84546 169092
 2 104 1 80 1 63 1 41 427778 855556
 3 82 0 46 0 21 1 46 61400 122800
 15 2503905
 587 233 220 20438298 87837631
 3
 1 100 0 44 1 37 1 32 118738 237476
 2 90 1 78 1 55 1 49 266805 533610
 3 65 1 57 1 42 1 38 113649 227298
 16 2504005
 587 233 220 21688084 170509127
 3
 1 43 1 40 1 39 1 49 45750 91500
 2 97 0 76 1 40 1 51 264834 529668
 3 67 1 63 1 47 1 59 130914 261828
 17 2504105
 587 233 220 20584067 124907706
 3
 1 72 0 49 1 35 1 72 84471 168942
 2 75 1 66 1 47 1 76 139638 279276
 3 78 0 30 1 22 1 65 31647 63294
 18 2504205
 587 233 220 19914467 149335357
 3
 1 104 0 55 1 30 1 25 119152 238304
 2 92 1 89 1 73 1 24 408014 816028
 3 88 0 88 0 43 1 33 227471 454942
 19 2504305
 587 233 220 24228809 130911597
 3
 1 60 0 45 1 26 1 40 50234 100468
 2 71 1 43 1 39 1 40 73942 147884
 3 99 1 71 1 64 1 50 278732 557464
 20 2504405
 587 233 220 26946959 193747060
 3
 1 97 1 77 1 66 1 28 302134 604268
 2 81 1 69 1 69 1 32 252890 505780
 3 109 0 53 0 24 1 28 123946 247892
 21 2504505
 587 233 220 21534794 59095617
 3
 1 109 1 93 1 72 1 27 587313 1174626
 2 95 0 67 0 32 1 26 180415 360830
 3 119 0 45 1 36 1 26 140359 280718
 22 2504605
 587 233 220 20267999 83054650
 3
 1 89 1 78 1 50 1 29 215488 430976
 2 73 1 65 1 46 1 51 157071 314142
 3 94 0 66 1 39 1 36 210039 420078
 23 2504705
 587 233 220 18241194 50124145
 3
 1 84 0 81 0 23 1 50 104341 208682
 2 115 1 72 1 64 1 34 367197 734394
 3 77 0 49 1 25 1 44 64863 129726
 24 2504805
 587 233 220 19284082 93369602
 3
 1 113 0 80 0 29 1 35 175654 351308
 2 98 1 65 1 62 1 34 327349 654698
 3 60 1 59 1 46 1 45 117551 235102
 25 2504905
 587 233 220 18294092 128917710
 3
 1 75 0 54 1 35 1 47 107889 215778
 2 107 0 60 1 49 1 45 221808 443616
 3 70 1 67 1 42 1 47 125001 250002
 26 2505005
 587 233 220 20527523 71861579
 3
 1 86 0 71 1 41 1 46 217947 435894
 2 75 1 58 1 58 1 41 168067 336134
 3 100 0 81 0 27 1 37 164260 328520
 27 2505105
 587 233 220 22309743 129437862
 3
 1 118 0 66 1 47 1 39 244439 488878
 2 99 0 56 0 25 1 34 91844 183688
 3 91 1 83 1 48 1 30 290985 581970
 28 2505205
 587 233 220 20160673 56925158
 3
 1 62 1 59 1 52 1 32 149487 298974
 2 54 1 52 1 50 1 39 105680 211360
 3 102 1 69 1 65 1 40 361052 722104
 29 2505305
 587 233 220 19762150 126881053
 3
 1 91 1 58 1 57 1 40 196199 392398
 2 92 1 78 1 53 1 33 234439 468878
 3 112 0 48 1 28 1 36 109977 219954
 30 2505405
 587 233 220 26694007 102340401
 3
 1 64 0 53 1 32 1 154 67862 135724
 2 51 1 42 1 28 1 117 38574 77148
 3 49 1 32 1 30 1 134 30986 61972
 31 2505505
 587 233 220 18239087 132225525
 3
 1 70 1 63 1 49 1 45 150123 300246
 2 84 1 54 1 49 1 42 143690 287380
 3 89 0 70 1 42 1 42 211401 422802
 32 2505605
 587 233 220 24821692 112275006
 3
 1 95 0 76 1 44 1 57 204667 409334
 2 81 0 47 1 34 1 58 108124 216248
 3 71 0 52 1 30 1 40 70464 140928
 33 2505705
 587 233 220 25853200 133948671
 3
 1 40 1 36 1 21 1 84 20121 40242
 2 76 0 45 1 31 1 103 80928 161856
 3 63 1 54 1 51 1 95 115602 231204
 34 2505805
 587 233 220 22610182 133685887
 3
 1 68 0 35 1 27 1 47 43633 87266
 2 118 0 57 1 43 1 54 211957 423914
 3 73 0 72 0 36 1 59 136162 272324
 35 2505905
 587 233 220 18350123 49614983
 3
 1 100 0 33 1 31 1 46 90721 181442
 2 84 0 68 1 42 1 58 196559 393118
 3 95 0 84 0 31 1 46 208420 416840
 36 2506005
 587 233 220 25876919 76307133
 3
 1 41 1 39 1 26 1 57 29221 58442
 2 110 0 40 1 34 1 70 104532 209064
 3 94 1 77 1 52 1 45 277557 555114
 37 2506105
 587 233 220 24536914 75677484
 3
 1 98 0 73 1 44 1 25 256497 512994
 2 60 1 60 1 38 1 37 109636 219272
 3 105 1 73 1 60 1 37 282248 564496
 38 2506205
 587 233 220 19955991 70876533
 3
 1 104 0 94 1 50 1 34 326092 652184
 2 102 0 87 0 36 1 25 240584 481168
 3 115 0 42 1 33 1 34 133307 266614
 39 2506305
 587 233 220 26851483 163932056
 3
 1 89 1 56 1 45 1 97 149594 299188
 2 53 1 37 1 34 1 69 53304 106608
 3 54 0 35 1 25 1 77 31798 63596
 40 2506405
 587 233 220 25354503 183236568
 3
 1 85 1 77 1 62 1 28 310453 620906
 2 94 0 63 1 32 1 39 153701 307402
 3 83 1 75 1 45 1 40 224763 449526
 41 2506505
 587 233 220 19436505 97915373
 3
 1 109 1 80 1 68 1 35 512758 1025516
 2 90 0 45 1 31 1 37 102091 204182
 3 66 1 56 1 34 1 37 81813 163626
 42 2506605
 587 233 220 23398218 175175277
 3
 1 76 1 74 1 50 1 50 191190 382380
 2 86 0 40 1 29 1 61 63026 126052
 3 66 1 55 1 48 1 57 113899 227798
 43 2506705
 587 233 220 26069547 99353160
 3
 1 82 1 80 1 71 1 35 402619 805238
 2 66 0 37 1 27 1 49 43672 87344
 3 77 0 76 0 31 1 57 158754 317508
 44 2506805
 587 233 220 22181194 172416673
 3
 1 114 0 67 0 25 1 61 123411 246822
 2 92 0 79 0 25 1 44 127423 254846
 3 89 0 87 0 36 1 37 245654 491308
 45 2506905
 587 233 220 26070768 139045818
 3
 1 63 0 55 1 31 1 51 88656 177312
 2 120 0 43 1 23 1 39 77384 154768
 3 97 1 72 1 57 1 50 302681 605362
 46 2507005
 587 233 220 18531441 88412926
 3
 1 86 0 58 1 36 1 37 113806 227612
 2 71 0 69 0 22 1 37 75291 150582
 3 108 0 78 1 54 1 42 285517 571034
 47 2507105
 587 233 220 19560621 60386430
 3
 1 118 0 54 1 42 1 51 229203 458406
 2 112 0 95 0 20 1 41 161385 322770
 3 118 0 38 1 37 1 45 119345 238690
 48 2507205
 587 233 220 21202492 153891907
 3
 1 59 1 49 1 48 1 43 95936 191872
 2 79 1 63 1 46 1 54 163995 327990
 3 95 0 58 1 38 1 56 174423 348846
 49 2507305
 587 233 220 27077231 124831688
 3
 1 91 0 54 1 45 1 32 164057 328114
 2 105 1 77 1 72 1 24 381649 763298
 3 79 1 78 1 48 1 30 254370 508740
 50 2507405
 587 233 220 22210670 130998495
 3
 1 60 1 40 1 32 1 64 65304 130608
 2 98 1 75 1 55 1 40 275871 551742
 3 60 1 59 1 39 1 64 101626 203252
 51 2507505
 587 233 220 19312556 122706463
 3
 1 66 1 64 1 36 1 47 129908 259816
 2 97 1 73 1 49 1 49 255032 510064
 3 69 1 60 1 43 1 33 157374 314748
 52 2507605
 587 233 220 26861168 194511335
 3
 1 96 0 72 0 31 1 61 163414 326828
 2 75 1 72 1 47 1 56 185396 370792
 3 80 0 25 1 20 1 70 28718 57436
 53 2507705
 587 233 220 22333379 98796642
 3
 1 78 0 37 1 27 1 63 65171 130342
 2 89 0 70 0 25 1 52 106964 213928
 3 90 0 84 0 41 1 55 218316 436632
 54 2507805
 587 233 220 25980895 166991710
 3
 1 99 0 68 0 23 1 54 128143 256286
 2 68 1 52 1 40 1 53 110127 220254
 3 101 1 66 1 61 1 35 351117 702234
 55 2507905
 587 233 220 19538033 86934928
 3
 1 100 0 94 0 28 1 40 228790 457580
 2 81 1 78 1 66 1 36 266154 532308
 3 111 0 49 0 21 1 38 90849 181698
 56 2508005
 587 233 220 23148018 113024195
 3
 1 90 0 41 1 34 1 133 91709 183418
 2 64 0 32 1 28 1 131 36304 72608
 3 42 1 31 1 31 1 144 34599 69198
 57 2508105
 587 233 220 23167805 134139790
 3
 1 85 0 73 1 40 1 39 162763 325526
 2 73 1 62 1 54 1 42 181128 362256
 3 90 0 63 1 41 1 43 146369 292738
 58 2508205
 587 233 220 23708790 121212221
 3
 1 105 0 81 1 46 1 38 245199 490398
 2 115 1 81 1 61 1 22 425939 851878
 3 72 0 51 0 23 1 32 55534 111068
 59 2508305
 587 233 220 25108239 64375442
 3
 1 76 1 52 1 46 1 74 155149 310298
 2 66 0 59 1 31 1 52 82952 165904
 3 62 1 55 1 44 1 69 91442 182884
 60 2508405
 587 233 220 21494870 62375048
 3
 1 78 1 72 1 58 1 36 249694 499388
 2 107 1 57 1 57 1 37 244781 489562
 3 72 1 64 1 37 1 32 118839 237678
 61 2508505
 587 233 220 26695398 175810065
 3
 1 109 1 68 1 64 1 28 416463 832926
 2 84 1 58 1 55 1 31 172959 345918
 3 96 0 83 0 24 1 42 162653 325306
 62 2508605
 587 233 220 20183643 59163057
 3
 1 70 1 63 1 50 1 33 190323 380646
 2 100 0 53 1 34 1 39 135160 270320
 3 93 0 78 1 45 1 48 260069 520138
 63 2508705
 587 233 220 20785215 68035451
 3
 1 82 1 76 1 59 1 32 267864 535728
 2 60 1 51 1 50 1 29 95647 191294
 3 104 1 66 1 61 1 33 311904 623808
 64 2508805
 587 233 220 19519321 78863596
 3
 1 114 0 54 0 20 1 42 91593 183186
 2 92 1 87 1 50 1 46 250591 501182
 3 114 0 43 1 26 1 51 85149 170298
 65 2508905
 587 233 220 24753182 173225137
 3
 1 55 0 50 1 26 1 160 53983 107966
 2 48 1 42 1 37 1 167 65831 131662
 3 47 1 34 1 26 1 149 26098 52196
 66 2509005
 587 233 220 24635133 193959393
 3
 1 87 0 45 1 32 1 47 105866 211732
 2 84 1 63 1 46 1 52 147196 294392
 3 84 1 67 1 44 1 46 202889 405778
 67 2509105
 587 233 220 25224638 109316824
 3
 1 119 0 41 1 38 1 57 132517 265034
 2 90 0 44 1 35 1 79 96745 193490
 3 67 0 55 0 27 1 85 61862 123724
 68 2509205
 587 233 220 20602374 97782618
 3
 1 60 1 44 1 36 1 74 78407 156814
 2 76 1 42 1 40 1 81 86348 172696
 3 65 1 49 1 48 1 83 117650 235300
 69 2509305
 587 233 220 19257239 78662578
 3
 1 91 0 50 1 32 1 52 117119 234238
 2 118 0 66 1 40 1 48 224143 448286
 3 75 0 69 0 32 1 44 136675 273350
 70 2509405
 587 233 220 19464040 103703122
 3
 1 56 0 32 1 28 1 46 38899 77798
 2 92 0 68 1 39 1 69 206762 413524
 3 90 0 86 0 29 1 48 183779 367558
 71 2509505
 587 233 220 19346488 142570839
 3
 1 99 1 64 1 62 1 38 267400 534800
 2 110 0 43 1 37 1 30 114478 228956
 3 96 1 73 1 50 1 28 217732 435464
 72 2509605
 587 233 220 22501915 139871296
 3
 1 96 1 95 1 68 1 28 474961 949922
 2 69 1 61 1 35 1 24 91801 183602
 3 107 1 70 1 55 1 22 298409 596818
 73 2509705
 587 233 220 19993677 139067384
 3
 1 90 0 73 1 37 1 44 192531 385062
 2 102 0 95 0 33 1 44 226012 452024
 3 117 0 38 1 30 1 39 81171 162342
 74 2509805
 587 233 220 22709755 116253487
 3
 1 86 1 79 1 69 1 38 306248 612496
 2 53 1 46 1 31 1 47 53918 107836
 3 96 0 51 1 37 1 47 156326 312652
 75 2509905
 587 233 220 19637079 53108322
 3
 1 101 0 81 0 24 1 50 136904 273808
 2 94 0 72 0 29 1 43 118459 236918
 3 79 1 72 1 47 1 44 209019 418038
 76 2510005
 587 233 220 22007031 153808743
 3
 1 77 0 42 1 30 1 89 62045 124090
 2 98 0 45 1 28 1 95 88194 176388
 3 61 1 58 1 32 1 85 101284 202568
 77 2510105
 587 233 220 18622322 79312363
 3
 1 73 0 73 0 36 1 74 155822 311644
 2 87 0 49 1 26 1 67 75340 150680
 3 68 1 53 1 44 1 53 123608 247216
 78 2510205
 587 233 220 26682846 211206500
 3
 1 105 0 68 1 42 1 61 236435 472870
 2 75 0 37 1 24 1 53 50923 101846
 3 79 0 73 0 26 1 55 132127 264254
 79 2510305
 587 233 220 25950701 177743458
 3
 1 64 1 48 1 46 1 79 112511 225022
 2 79 0 25 1 22 1 55 36709 73418
 3 89 0 85 0 33 1 66 177517 355034
 80 2510405
 587 233 220 25305935 95247760
 3
 1 78 1 59 1 54 1 40 204432 408864
 2 120 0 52 0 20 1 57 99683 199366
 3 100 1 67 1 54 1 36 281218 562436
 81 2510505
 587 233 220 22435350 102707442
 3
 1 110 0 60 1 55 1 23 248717 497434
 2 80 1 78 1 71 1 28 323843 647686
 3 110 0 75 1 50 1 22 308562 617124
 82 2510605
 587 233 220 19933095 63884701
 3
 1 65 1 51 1 50 1 51 109876 219752
 2 113 0 78 0 28 1 56 194336 388672
 3 120 0 35 1 32 1 57 106169 212338
 83 2510705
 587 233 220 20778180 148641016
 3
 1 83 1 71 1 46 1 43 175810 351620
 2 76 1 63 1 54 1 46 229251 458502
 3 91 0 56 1 40 1 31 137497 274994
 84 2510805
 587 233 220 24423458 132318597
 3
 1 114 0 77 1 42 1 31 230432 460864
 2 105 1 81 1 74 1 23 561999 1123998
 3 76 1 73 1 50 1 15 229987 459974
 85 2510905
 587 233 220 24912892 80277586
 3
 1 55 0 37 1 22 1 117 33701 67402
 2 72 0 55 1 31 1 103 77383 154766
 3 61 1 56 1 36 1 99 77784 155568
 86 2511005
 587 233 220 27008570 210514229
 3
 1 87 0 33 1 28 1 60 71877 143754
 2 97 1 70 1 57 1 44 334355 668710
 3 71 1 57 1 38 1 52 126070 252140
 87 2511105
 587 233 220 24818403 117522296
 3
 1 119 0 34 1 28 1 39 75628 151256
 2 84 1 69 1 48 1 32 190522 381044
 3 97 1 82 1 78 1 27 533322 1066644
 88 2511205
 587 233 220 25184567 131787346
 3
 1 100 0 60 1 40 1 45 145936 291872
 2 89 0 67 1 34 1 44 133812 267624
 3 92 0 80 0 38 1 37 238629 477258
 89 2511305
 587 233 220 26507630 122931360
 3
 1 95 0 92 0 46 1 32 280168 560336
 2 65 1 60 1 40 1 32 106062 212124
 3 103 1 62 1 59 1 32 291808 583616
 90 2511405
 587 233 220 22654830 78787132
 3
 1 91 0 52 1 33 1 30 109926 219852
 2 87 1 81 1 63 1 26 297140 594280
 3 113 0 79 1 45 1 34 282937 565874
 91 2511505
 587 233 220 20640023 141209994
 3
 1 86 1 65 1 57 1 66 267254 534508
 2 61 1 37 1 32 1 80 51216 102432
 3 39 1 33 1 27 1 92 21745 43490
 92 2511605
 587 233 220 18603183 111626299
 3
 1 96 1 82 1 63 1 32 383973 767946
 2 74 1 63 1 59 1 33 194000 388000
 3 86 0 60 1 43 1 23 154655 309310
 93 2511705
 587 233 220 23850304 72201011
 3
 1 78 0 69 1 37 1 26 179141 358282
 2 115 1 90 1 58 1 37 385260 770520
 3 68 0 53 0 20 1 37 57330 114660
 94 2511805
 587 233 220 26067994 103544232
 3
 1 75 1 73 1 69 1 46 294956 589912
 2 66 1 56 1 40 1 55 121241 242482
 3 64 1 51 1 41 1 32 107077 214154
 95 2511905
 587 233 220 19642494 115703431
 3
 1 101 0 69 0 20 1 50 105398 210796
 2 108 0 66 1 54 1 40 319814 639628
 3 74 0 62 1 33 1 49 115669 231338
 96 2512005
 587 233 220 19471757 132821463
 3
 1 64 0 42 1 26 1 62 50403 100806
 2 92 1 58 1 52 1 53 168334 336668
 3 92 0 85 0 21 1 67 123233 246466
 97 2512105
 587 233 220 18866289 123702221
 3
 1 74 0 60 1 32 1 48 121878 243756
 2 100 0 50 1 43 1 50 184091 368182
 3 95 0 74 1 42 1 42 223506 447012
 98 2512205
 587 233 220 21265017 158422929
 3
 1 106 0 55 1 38 1 46 155614 311228
 2 69 1 50 1 48 1 42 121834 243668
 3 106 1 63 1 57 1 34 273505 547010
 99 2512305
 587 233 220 19894081 149193517
 3
 1 51 1 46 1 44 1 64 71318 142636
 2 95 0 92 1 47 1 46 291593 583186
 3 116 0 39 1 23 1 44 74183 148366
 100 2512405
 587 233 220 22871659 120000790
 3
 1 78 1 49 1 47 1 70 149331 298662
 2 46 1 45 1 43 1 75 74044 148088
 3 98 0 44 1 36 1 69 119819 239638
