100
 1 2502505
 587 233 220 21361610 67480612
 5
 1 108 0 76 0 30 1 24 182984 365968
 2 110 0 43 1 25 1 7 87436 174872
 3 92 1 81 1 55 1 22 336013 672026
 4 81 0 33 1 28 1 13 53336 106672
 5 120 1 99 1 73 1 15 571733 1143466
 2 2502605
 587 233 220 22976218 147326537
 5
 1 49 0 25 1 21 1 22 15438 30876
 2 60 1 51 1 41 1 22 83093 166186
 3 103 1 76 1 64 1 28 443171 886342
 4 95 1 70 1 62 1 25 336619 673238
 5 111 0 49 1 26 1 17 117660 235320
 3 2502705
 587 233 220 23569086 154188882
 5
 1 97 0 81 0 27 1 27 143601 287202
 2 102 0 78 0 39 1 31 195315 390630
 3 113 0 46 1 36 1 35 156130 312260
 4 66 1 50 1 42 1 37 116342 232684
 5 101 0 30 1 26 1 36 66840 133680
 4 2502805
 587 233 220 20104820 157847442
 5
 1 113 0 92 0 33 1 37 291146 582292
 2 52 1 37 1 28 1 44 43474 86948
 3 57 1 33 1 29 1 38 46479 92958
 4 99 0 37 1 30 1 39 94661 189322
 5 92 0 64 1 33 1 43 117129 234258
 5 2502905
 587 233 220 19431111 73016250
 5
 1 88 0 54 1 39 1 25 161930 323860
 2 94 0 54 1 36 1 27 159313 318626
 3 87 0 77 1 43 1 21 195020 390040
 4 100 1 80 1 72 1 20 377304 754608
 5 83 0 40 1 36 1 24 94420 188840
 6 2503005
 587 233 220 21058144 138802454
 5
 1 86 1 84 1 45 1 37 285287 570574
 2 81 0 45 1 34 1 30 101656 203312
 3 70 1 54 1 37 1 31 106509 213018
 4 71 1 61 1 52 1 18 192205 384410
 5 78 1 73 1 40 1 26 179874 359748
 7 2503105
 587 233 220 22207637 99737506
 5
 1 118 0 79 1 51 1 28 293170 586340
 2 86 0 32 1 31 1 31 67844 135688
 3 64 1 58 1 52 1 28 173495 346990
 4 42 1 42 1 32 1 39 41787 83574
 5 64 1 55 1 43 1 40 121536 243072
 8 2503205
 587 233 220 24560229 93097004
 5
 1 75 1 58 1 57 1 20 199697 399394
 2 57 1 37 1 30 1 24 38644 77288
 3 79 0 74 0 35 1 30 150533 301066
 4 104 1 99 1 74 1 20 657671 1315342
 5 55 1 46 1 31 1 28 70575 141150
 9 2503305
 587 233 220 18847356 140208314
 5
 1 90 1 70 1 63 1 16 257021 514042
 2 84 0 78 0 28 1 28 163334 326668
 3 94 0 85 0 39 1 20 271345 542690
 4 80 1 76 1 54 1 23 210050 420100
 5 69 1 50 1 45 1 31 96205 192410
 10 2503405
 587 233 220 19523191 134397813
 5
 1 68 0 66 0 31 1 32 90756 181512
 2 120 0 34 1 26 1 32 86704 173408
 3 95 1 76 1 60 1 35 367946 735892
 4 61 1 47 1 34 1 30 71076 142152
 5 53 1 45 1 36 1 45 67310 134620
 11 2503505
 587 233 220 19066727 54083163
 5
 1 74 1 63 1 61 1 22 205909 411818
 2 71 0 60 0 25 1 12 91799 183598
 3 106 1 80 1 59 1 25 367793 735586
 4 109 0 76 1 42 1 24 274930 549860
 5 118 0 56 0 22 1 11 105931 211862
 12 2503605
 587 233 220 21848179 83232279
 5
 1 95 1 80 1 57 1 24 389101 778202
 2 112 0 87 0 23 1 17 181658 363316
 3 116 0 41 1 40 1 12 127318 254636
 4 98 1 80 1 56 1 16 369567 739134
 5 108 1 60 1 59 1 17 243255 486510
 13 2503705
 587 233 220 23453515 128666929
 5
 1 52 0 36 1 25 1 53 33376 66752
 2 63 0 37 1 21 1 50 39973 79946
 3 100 0 61 1 36 1 35 186357 372714
 4 79 0 52 1 36 1 37 90973 181946
 5 99 0 63 1 36 1 53 136708 273416
 14 2503805
 587 233 220 21421211 54375897
 5
 1 68 0 48 1 31 1 22 83647 167294
 2 104 1 80 1 63 1 16 342518 685036
 3 82 0 46 0 21 1 20 66084 132168
 4 114 1 78 1 60 1 16 478641 957282
 5 90 1 74 1 66 1 21 298960 597920
 15 2503905
 587 233 220 23514737 61991894
 5
 1 100 0 44 1 37 1 21 109340 218680
 2 90 1 78 1 55 1 24 305150 610300
 3 65 1 57 1 42 1 27 113723 227446
 4 85 0 58 1 41 1 29 158402 316804
 5 81 1 69 1 50 1 26 230792 461584
 16 2504005
 587 233 220 18493647 142735839
 5
 1 43 1 40 1 39 1 30 57403 114806
 2 97 0 76 1 40 1 30 222699 445398
 3 67 1 63 1 47 1 28 148436 296872
 4 98 0 57 1 38 1 40 154841 309682
 5 73 0 71 0 27 1 35 106452 212904
 17 2504105
 587 233 220 21697091 98423159
 5
 1 72 0 49 1 35 1 22 96032 192064
 2 75 1 66 1 47 1 23 186777 373554
 3 78 0 30 1 22 1 27 34827 69654
 4 119 1 79 1 79 1 19 600295 1200590
 5 76 1 65 1 62 1 21 206384 412768
 18 2504205
 587 233 220 20013621 52760488
 5
 1 104 0 55 1 30 1 21 137945 275890
 2 92 1 89 1 73 1 17 474002 948004
 3 88 0 88 0 43 1 13 200841 401682
 4 90 1 60 1 60 1 25 199899 399798
 5 79 1 53 1 41 1 22 145111 290222
 19 2504305
 587 233 220 20373310 104725246
 5
 1 60 0 45 1 26 1 27 44293 88586
 2 71 1 43 1 39 1 25 81704 163408
 3 99 1 71 1 64 1 29 293884 587768
 4 61 1 41 1 40 1 30 83005 166010
 5 83 1 79 1 43 1 32 199007 398014
 20 2504405
 587 233 220 22258757 161852907
 5
 1 97 1 77 1 66 1 24 320418 640836
 2 81 1 69 1 69 1 23 252946 505892
 3 109 0 53 0 24 1 24 96348 192696
 4 98 0 33 1 20 1 20 44810 89620
 5 86 0 56 1 34 1 29 127077 254154
 21 2504505
 587 233 220 19968496 71831681
 5
 1 109 1 93 1 72 1 15 627273 1254546
 2 95 0 67 0 32 1 17 136745 273490
 3 119 0 45 1 36 1 23 151065 302130
 4 95 1 78 1 62 1 12 357803 715606
 5 116 0 89 0 32 1 17 238819 477638
 22 2504605
 587 233 220 24481887 150713024
 5
 1 89 1 78 1 50 1 22 243283 486566
 2 73 1 65 1 46 1 14 147120 294240
 3 94 0 66 1 39 1 32 196619 393238
 4 66 1 59 1 42 1 21 142389 284778
 5 106 1 93 1 70 1 11 462913 925826
 23 2504705
 587 233 220 19405131 132028045
 5
 1 84 0 81 0 23 1 30 99213 198426
 2 115 1 72 1 64 1 19 385220 770440
 3 77 0 49 1 25 1 18 58027 116054
 4 40 1 37 1 22 1 24 28446 56892
 5 97 0 96 0 46 1 29 262863 525726
 24 2504805
 587 233 220 19380387 80365450
 5
 1 113 0 80 0 29 1 17 234592 469184
 2 98 1 65 1 62 1 18 308622 617244
 3 60 1 59 1 46 1 19 105531 211062
 4 100 1 97 1 64 1 17 553690 1107380
 5 99 0 88 0 23 1 22 123996 247992
 25 2504905
 587 233 220 18127797 67827968
 5
 1 75 0 54 1 35 1 40 91415 182830
 2 107 0 60 1 49 1 24 200364 400728
 3 70 1 67 1 42 1 31 147259 294518
 4 78 1 71 1 44 1 29 213909 427818
 5 78 0 61 0 27 1 28 77753 155506
 26 2505005
 587 233 220 23513975 96171138
 5
 1 86 0 71 1 41 1 41 193802 387604
 2 75 1 58 1 58 1 35 174131 348262
 3 100 0 81 0 27 1 29 172164 344328
 4 59 0 42 1 24 1 29 43359 86718
 5 69 0 37 1 30 1 35 49444 98888
 27 2505105
 587 233 220 24733265 188026117
 5
 1 118 0 66 1 47 1 26 265670 531340
 2 99 0 56 0 25 1 22 108782 217564
 3 91 1 83 1 48 1 22 313922 627844
 4 104 0 66 1 40 1 23 171202 342404
 5 75 0 60 1 33 1 21 108935 217870
 28 2505205
 587 233 220 22828359 142665402
 5
 1 62 1 59 1 52 1 22 171110 342220
 2 54 1 52 1 50 1 19 86623 173246
 3 102 1 69 1 65 1 25 310132 620264
 4 97 0 76 1 46 1 26 254944 509888
 5 52 1 50 1 37 1 30 70444 140888
 29 2505305
 587 233 220 21206616 85804865
 5
 1 91 1 58 1 57 1 32 235805 471610
 2 92 1 78 1 53 1 29 296802 593604
 3 112 0 48 1 28 1 32 95415 190830
 4 78 0 47 1 26 1 34 74240 148480
 5 41 1 40 1 28 1 29 38431 76862
 30 2505405
 587 233 220 26002986 151773682
 5
 1 64 0 53 1 32 1 40 66327 132654
 2 51 1 42 1 28 1 46 36135 72270
 3 49 1 32 1 30 1 31 34941 69882
 4 109 1 68 1 59 1 41 346220 692440
 5 66 0 43 1 32 1 38 73302 146604
 31 2505505
 587 233 220 20626914 92672940
 5
 1 70 1 63 1 49 1 31 147816 295632
 2 84 1 54 1 49 1 27 178559 357118
 3 89 0 70 1 42 1 24 187888 375776
 4 80 0 48 1 39 1 32 95046 190092
 5 114 0 47 1 42 1 28 171900 343800
 32 2505605
 587 233 220 24278696 97607673
 5
 1 95 0 76 1 44 1 31 193216 386432
 2 81 0 47 1 34 1 30 82110 164220
 3 71 0 52 1 30 1 29 90526 181052
 4 96 0 52 1 28 1 31 100720 201440
 5 104 0 80 1 50 1 21 281016 562032
 33 2505705
 587 233 220 26182014 152450241
 5
 1 40 1 36 1 21 1 20 21872 43744
 2 76 0 45 1 31 1 25 71154 142308
 3 63 1 54 1 51 1 21 123195 246390
 4 114 1 77 1 69 1 26 437735 875470
 5 95 1 57 1 53 1 24 219217 438434
 34 2505805
 587 233 220 24666819 196041959
 5
 1 68 0 35 1 27 1 28 51040 102080
 2 118 0 57 1 43 1 31 200821 401642
 3 73 0 72 0 36 1 28 123198 246396
 4 85 1 58 1 50 1 34 172095 344190
 5 86 0 56 1 33 1 35 142101 284202
 35 2505905
 587 233 220 18756911 138547283
 5
 1 100 0 33 1 31 1 24 72309 144618
 2 84 0 68 1 42 1 28 209568 419136
 3 95 0 84 0 31 1 40 193765 387530
 4 57 1 39 1 30 1 27 45992 91984
 5 76 1 71 1 60 1 28 218638 437276
 36 2506005
 587 233 220 20480088 131709276
 5
 1 41 1 39 1 26 1 24 33104 66208
 2 110 0 40 1 34 1 13 101266 202532
 3 94 1 77 1 52 1 33 268328 536656
 4 119 1 96 1 71 1 13 580099 1160198
 5 67 1 63 1 47 1 21 138159 276318
 37 2506105
 587 233 220 25312026 83155799
 5
 1 98 0 73 1 44 1 20 201766 403532
 2 60 1 60 1 38 1 16 87645 175290
 3 105 1 73 1 60 1 23 286558 573116
 4 90 1 77 1 52 1 24 265670 531340
 5 66 0 58 0 24 1 22 71589 143178
 38 2506205
 587 233 220 26203290 115257236
 5
 1 104 0 94 1 50 1 26 345646 691292
 2 102 0 87 0 36 1 17 284428 568856
 3 115 0 42 1 33 1 21 120404 240808
 4 61 1 58 1 32 1 25 94289 188578
 5 70 1 62 1 48 1 27 140545 281090
 39 2506305
 587 233 220 21309706 134963529
 5
 1 89 1 56 1 45 1 61 136351 272702
 2 53 1 37 1 34 1 61 44723 89446
 3 54 0 35 1 25 1 41 34434 68868
 4 73 0 39 1 33 1 54 58236 116472
 5 73 1 39 1 38 1 49 77019 154038
 40 2506405
 587 233 220 24811655 171351567
 5
 1 85 1 77 1 62 1 13 317233 634466
 2 94 0 63 1 32 1 19 137387 274774
 3 83 1 75 1 45 1 21 216963 433926
 4 95 1 95 1 54 1 24 344970 689940
 5 76 0 76 0 30 1 19 126739 253478
 41 2506505
 587 233 220 25632874 148275445
 5
 1 109 1 80 1 68 1 20 435474 870948
 2 90 0 45 1 31 1 17 86156 172312
 3 66 1 56 1 34 1 20 103495 206990
 4 76 0 66 1 34 1 21 105567 211134
 5 111 0 80 1 53 1 20 357693 715386
 42 2506605
 587 233 220 23769894 132575810
 5
 1 76 1 74 1 50 1 29 216674 433348
 2 86 0 40 1 29 1 30 77642 155284
 3 66 1 55 1 48 1 30 136164 272328
 4 75 0 57 1 37 1 37 99350 198700
 5 102 0 83 0 29 1 32 172320 344640
 43 2506705
 587 233 220 26821641 162393932
 5
 1 82 1 80 1 71 1 16 375156 750312
 2 66 0 37 1 27 1 16 43977 87954
 3 77 0 76 0 31 1 19 163055 326110
 4 100 0 56 1 38 1 29 162763 325526
 5 93 1 86 1 67 1 22 328924 657848
 44 2506805
 587 233 220 24499814 131716225
 5
 1 114 0 67 0 25 1 31 142969 285938
 2 92 0 79 0 25 1 33 125608 251216
 3 89 0 87 0 36 1 26 194735 389470
 4 95 0 71 1 36 1 23 172138 344276
 5 90 0 83 1 43 1 16 193102 386204
 45 2506905
 587 233 220 25575279 94070661
 5
 1 63 0 55 1 31 1 26 74995 149990
 2 120 0 43 1 23 1 46 71736 143472
 3 97 1 72 1 57 1 25 308415 616830
 4 77 1 76 1 42 1 26 213249 426498
 5 93 0 74 0 20 1 38 89691 179382
 46 2507005
 587 233 220 25442121 88048745
 5
 1 86 0 58 1 36 1 18 113879 227758
 2 71 0 69 0 22 1 20 70013 140026
 3 108 0 78 1 54 1 22 342963 685926
 4 104 1 58 1 57 1 19 293366 586732
 5 96 1 65 1 58 1 22 257608 515216
 47 2507105
 587 233 220 25253695 74525266
 5
 1 118 0 54 1 42 1 27 215384 430768
 2 112 0 95 0 20 1 35 167086 334172
 3 118 0 38 1 37 1 39 114196 228392
 4 76 0 38 1 38 1 29 82553 165106
 5 100 0 56 1 34 1 30 153649 307298
 48 2507205
 587 233 220 23933604 80383449
 5
 1 59 1 49 1 48 1 18 88996 177992
 2 79 1 63 1 46 1 28 182088 364176
 3 95 0 58 1 38 1 29 139259 278518
 4 95 0 79 1 47 1 35 268192 536384
 5 72 0 46 1 27 1 29 54902 109804
 49 2507305
 587 233 220 23034071 88099984
 5
 1 91 0 54 1 45 1 18 155675 311350
 2 105 1 77 1 72 1 18 487583 975166
 3 79 1 78 1 48 1 18 204631 409262
 4 109 1 76 1 59 1 18 320855 641710
 5 48 1 37 1 30 1 22 40432 80864
 50 2507405
 587 233 220 21537224 115179419
 5
 1 60 1 40 1 32 1 32 47337 94674
 2 98 1 75 1 55 1 38 297838 595676
 3 60 1 59 1 39 1 15 93600 187200
 4 81 0 56 1 40 1 38 140781 281562
 5 119 0 34 1 25 1 32 78900 157800
 51 2507505
 587 233 220 23186576 72616910
 5
 1 66 1 64 1 36 1 30 102874 205748
 2 97 1 73 1 49 1 34 221258 442516
 3 69 1 60 1 43 1 37 123815 247630
 4 52 0 37 1 20 1 28 32986 65972
 5 109 0 63 1 37 1 23 180303 360606
 52 2507605
 587 233 220 26831784 170931296
 5
 1 96 0 72 0 31 1 17 149211 298422
 2 75 1 72 1 47 1 24 172654 345308
 3 80 0 25 1 20 1 17 28469 56938
 4 114 1 94 1 61 1 26 459415 918830
 5 100 0 40 1 39 1 17 95212 190424
 53 2507705
 587 233 220 24168747 183307628
 5
 1 78 0 37 1 27 1 38 47062 94124
 2 89 0 70 0 25 1 24 98323 196646
 3 90 0 84 0 41 1 24 212235 424470
 4 85 0 75 1 42 1 25 237894 475788
 5 91 0 77 1 44 1 30 238585 477170
 54 2507805
 587 233 220 25942839 122123209
 5
 1 99 0 68 0 23 1 34 130114 260228
 2 68 1 52 1 40 1 26 119528 239056
 3 101 1 66 1 61 1 37 362713 725426
 4 57 0 56 0 22 1 22 55834 111668
 5 81 1 54 1 47 1 22 143769 287538
 55 2507905
 587 233 220 22664153 62335158
 5
 1 100 0 94 0 28 1 25 186567 373134
 2 81 1 78 1 66 1 27 336061 672122
 3 111 0 49 0 21 1 20 78738 157476
 4 119 0 63 1 37 1 29 184250 368500
 5 72 0 50 1 30 1 16 80692 161384
 56 2508005
 587 233 220 23546214 115957044
 5
 1 90 0 41 1 34 1 46 78419 156838
 2 64 0 32 1 28 1 26 46874 93748
 3 42 1 31 1 31 1 36 27640 55280
 4 94 0 90 0 44 1 33 322319 644638
 5 68 1 63 1 53 1 40 136899 273798
 57 2508105
 587 233 220 18619808 76581452
 5
 1 85 0 73 1 40 1 24 206446 412892
 2 73 1 62 1 54 1 37 195128 390256
 3 90 0 63 1 41 1 27 162402 324804
 4 75 0 61 0 24 1 34 74601 149202
 5 57 1 53 1 44 1 37 80155 160310
 58 2508205
 587 233 220 20132197 78967954
 5
 1 105 0 81 1 46 1 26 288327 576654
 2 115 1 81 1 61 1 25 502305 1004610
 3 72 0 51 0 23 1 20 69286 138572
 4 65 1 56 1 33 1 21 82525 165050
 5 60 0 44 0 21 1 22 35037 70074
 59 2508305
 587 233 220 18228684 53432160
 5
 1 76 1 52 1 46 1 45 113346 226692
 2 66 0 59 1 31 1 39 93576 187152
 3 62 1 55 1 44 1 34 124485 248970
 4 95 0 46 1 36 1 43 125034 250068
 5 63 1 59 1 35 1 40 116836 233672
 60 2508405
 587 233 220 19881317 50212860
 5
 1 78 1 72 1 58 1 23 278879 557758
 2 107 1 57 1 57 1 30 297832 595664
 3 72 1 64 1 37 1 20 152524 305048
 4 93 0 66 0 26 1 20 135199 270398
 5 116 0 67 1 35 1 20 180836 361672
 61 2508505
 587 233 220 23478666 123055521
 5
 1 109 1 68 1 64 1 12 383930 767860
 2 84 1 58 1 55 1 19 168877 337754
 3 96 0 83 0 24 1 11 158647 317294
 4 74 0 67 1 37 1 15 151824 303648
 5 107 1 73 1 70 1 26 478508 957016
 62 2508605
 587 233 220 21632591 98675042
 5
 1 70 1 63 1 50 1 21 142021 284042
 2 100 0 53 1 34 1 17 126946 253892
 3 93 0 78 1 45 1 19 228658 457316
 4 100 0 55 1 48 1 26 215057 430114
 5 98 1 73 1 50 1 26 319128 638256
 63 2508705
 587 233 220 25828815 160897450
 5
 1 82 1 76 1 59 1 24 220804 441608
 2 60 1 51 1 50 1 17 118429 236858
 3 104 1 66 1 61 1 28 365848 731696
 4 71 0 36 1 28 1 24 56369 112738
 5 89 0 77 0 26 1 27 115698 231396
 64 2508805
 587 233 220 26667974 69320515
 5
 1 114 0 54 0 20 1 25 109588 219176
 2 92 1 87 1 50 1 18 350440 700880
 3 114 0 43 1 26 1 32 104648 209296
 4 93 0 69 1 42 1 26 222258 444516
 5 80 1 79 1 64 1 21 351024 702048
 65 2508905
 587 233 220 26832385 122800064
 5
 1 55 0 50 1 26 1 30 46787 93574
 2 48 1 42 1 37 1 41 53136 106272
 3 47 1 34 1 26 1 44 30608 61216
 4 104 0 74 1 50 1 39 272679 545358
 5 83 0 70 1 40 1 33 197190 394380
 66 2509005
 587 233 220 19282001 82161047
 5
 1 87 0 45 1 32 1 28 76064 152128
 2 84 1 63 1 46 1 25 198583 397166
 3 84 1 67 1 44 1 28 171701 343402
 4 76 0 55 1 30 1 29 112599 225198
 5 87 1 78 1 61 1 23 291781 583562
 67 2509105
 587 233 220 26118817 126234668
 5
 1 119 0 41 1 38 1 32 116943 233886
 2 90 0 44 1 35 1 28 107263 214526
 3 67 0 55 0 27 1 40 78598 157196
 4 71 1 47 1 36 1 38 80766 161532
 5 90 1 55 1 51 1 46 163810 327620
 68 2509205
 587 233 220 22998692 75819262
 5
 1 60 1 44 1 36 1 21 60603 121206
 2 76 1 42 1 40 1 25 80595 161190
 3 65 1 49 1 48 1 23 111456 222912
 4 109 0 92 1 51 1 35 395918 791836
 5 93 0 42 1 31 1 26 88071 176142
 69 2509305
 587 233 220 18141755 80179583
 5
 1 91 0 50 1 32 1 33 126704 253408
 2 118 0 66 1 40 1 30 264546 529092
 3 75 0 69 0 32 1 30 135460 270920
 4 81 0 73 0 32 1 24 121700 243400
 5 97 0 69 0 33 1 29 186067 372134
 70 2509405
 587 233 220 26426870 162099375
 5
 1 56 0 32 1 28 1 21 39667 79334
 2 92 0 68 1 39 1 25 177513 355026
 3 90 0 86 0 29 1 33 189145 378290
 4 73 1 54 1 52 1 23 165376 330752
 5 114 0 100 0 45 1 21 440519 881038
 71 2509505
 587 233 220 24466548 187438176
 5
 1 99 1 64 1 62 1 29 236623 473246
 2 110 0 43 1 37 1 21 111345 222690
 3 96 1 73 1 50 1 24 308654 617308
 4 114 0 53 1 35 1 23 157994 315988
 5 105 0 27 1 22 1 25 49324 98648
 72 2509605
 587 233 220 21590612 135089740
 5
 1 96 1 95 1 68 1 20 373279 746558
 2 69 1 61 1 35 1 15 110531 221062
 3 107 1 70 1 55 1 19 318736 637472
 4 92 0 85 0 34 1 18 226800 453600
 5 96 0 60 1 31 1 16 111174 222348
 73 2509705
 587 233 220 22455073 79460851
 5
 1 90 0 73 1 37 1 27 168402 336804
 2 102 0 95 0 33 1 26 261391 522782
 3 117 0 38 1 30 1 29 82948 165896
 4 75 1 73 1 57 1 29 273034 546068
 5 86 0 36 1 34 1 21 74737 149474
 74 2509805
 587 233 220 25621215 140220100
 5
 1 86 1 79 1 69 1 19 410967 821934
 2 53 1 46 1 31 1 26 57654 115308
 3 96 0 51 1 37 1 25 115415 230830
 4 119 0 55 1 54 1 23 284804 569608
 5 77 0 74 0 37 1 31 178938 357876
 75 2509905
 587 233 220 20989660 154687306
 5
 1 101 0 81 0 24 1 35 122215 244430
 2 94 0 72 0 29 1 37 176124 352248
 3 79 1 72 1 47 1 31 193130 386260
 4 90 0 36 1 35 1 31 86005 172010
 5 68 1 51 1 40 1 29 123642 247284
 76 2510005
 587 233 220 24920534 163793271
 5
 1 77 0 42 1 30 1 34 71678 143356
 2 98 0 45 1 28 1 42 97899 195798
 3 61 1 58 1 32 1 40 82063 164126
 4 92 1 77 1 61 1 33 362188 724376
 5 58 0 44 1 27 1 39 55746 111492
 77 2510105
 587 233 220 21330320 158191378
 5
 1 73 0 73 0 36 1 41 120084 240168
 2 87 0 49 1 26 1 50 75786 151572
 3 68 1 53 1 44 1 45 136433 272866
 4 73 0 57 1 33 1 37 121727 243454
 5 65 1 49 1 47 1 29 107695 215390
 78 2510205
 587 233 220 22029821 161060842
 5
 1 105 0 68 1 42 1 39 189750 379500
 2 75 0 37 1 24 1 41 42263 84526
 3 79 0 73 0 26 1 33 116142 232284
 4 95 0 53 1 38 1 39 121864 243728
 5 50 1 41 1 40 1 39 56309 112618
 79 2510305
 587 233 220 26416853 150358823
 5
 1 64 1 48 1 46 1 50 119527 239054
 2 79 0 25 1 22 1 43 36578 73156
 3 89 0 85 0 33 1 39 189597 379194
 4 79 0 66 1 34 1 35 117843 235686
 5 79 0 54 1 31 1 39 102134 204268
 80 2510405
 587 233 220 23285413 100748288
 5
 1 78 1 59 1 54 1 21 193287 386574
 2 120 0 52 0 20 1 25 85346 170692
 3 100 1 67 1 54 1 25 263648 527296
 4 91 0 59 1 37 1 22 129818 259636
 5 112 0 57 1 56 1 23 261048 522096
 81 2510505
 587 233 220 24317321 155455440
 5
 1 110 0 60 1 55 1 11 244817 489634
 2 80 1 78 1 71 1 21 359772 719544
 3 110 0 75 1 50 1 22 340024 680048
 4 100 0 72 1 40 1 12 223655 447310
 5 103 0 60 1 32 1 20 161152 322304
 82 2510605
 587 233 220 19522140 62818224
 5
 1 65 1 51 1 50 1 31 129272 258544
 2 113 0 78 0 28 1 24 188684 377368
 3 120 0 35 1 32 1 29 108126 216252
 4 71 0 53 0 20 1 36 65241 130482
 5 94 1 70 1 64 1 29 362711 725422
 83 2510705
 587 233 220 26299657 192405186
 5
 1 83 1 71 1 46 1 30 193732 387464
 2 76 1 63 1 54 1 27 155488 310976
 3 91 0 56 1 40 1 28 165358 330716
 4 61 1 42 1 34 1 25 67092 134184
 5 84 1 67 1 47 1 26 222118 444236
 84 2510805
 587 233 220 20552860 105486592
 5
 1 114 0 77 1 42 1 25 252071 504142
 2 105 1 81 1 74 1 17 533770 1067540
 3 76 1 73 1 50 1 16 171574 343148
 4 104 0 91 0 41 1 9 281392 562784
 5 75 0 70 0 23 1 18 90331 180662
 85 2510905
 587 233 220 21639294 126460119
 5
 1 55 0 37 1 22 1 42 38371 76742
 2 72 0 55 1 31 1 45 74157 148314
 3 61 1 56 1 36 1 37 97079 194158
 4 76 0 72 0 22 1 41 90836 181672
 5 74 1 66 1 61 1 44 185669 371338
 86 2511005
 587 233 220 22105932 70737653
 5
 1 87 0 33 1 28 1 35 57044 114088
 2 97 1 70 1 57 1 33 259327 518654
 3 71 1 57 1 38 1 28 99437 198874
 4 63 1 53 1 47 1 37 101922 203844
 5 77 0 56 1 37 1 27 116717 233434
 87 2511105
 587 233 220 27046336 183037732
 5
 1 119 0 34 1 28 1 25 81457 162914
 2 84 1 69 1 48 1 21 190418 380836
 3 97 1 82 1 78 1 22 543646 1087292
 4 109 0 43 1 33 1 16 99668 199336
 5 80 1 75 1 47 1 18 192401 384802
 88 2511205
 587 233 220 18619855 63849196
 5
 1 100 0 60 1 40 1 29 197166 394332
 2 89 0 67 1 34 1 31 158103 316206
 3 92 0 80 0 38 1 28 246759 493518
 4 90 0 81 0 24 1 27 105640 211280
 5 84 0 52 1 38 1 25 120823 241646
 89 2511305
 587 233 220 25101523 142556780
 5
 1 95 0 92 0 46 1 19 347252 694504
 2 65 1 60 1 40 1 19 127373 254746
 3 103 1 62 1 59 1 25 337516 675032
 4 71 1 65 1 52 1 14 153409 306818
 5 119 0 87 0 28 1 23 180133 360266
 90 2511405
 587 233 220 21852176 104955666
 5
 1 91 0 52 1 33 1 17 116901 233802
 2 87 1 81 1 63 1 14 297805 595610
 3 113 0 79 1 45 1 15 347245 694490
 4 114 0 52 1 45 1 22 223682 447364
 5 110 1 90 1 66 1 14 446826 893652
 91 2511505
 587 233 220 21993967 91423720
 5
 1 86 1 65 1 57 1 25 194644 389288
 2 61 1 37 1 32 1 31 56993 113986
 3 39 1 33 1 27 1 32 21750 43500
 4 85 0 33 1 26 1 38 47352 94704
 5 101 0 94 0 42 1 40 296338 592676
 92 2511605
 587 233 220 23817268 120519256
 5
 1 96 1 82 1 63 1 17 331100 662200
 2 74 1 63 1 59 1 21 224883 449766
 3 86 0 60 1 43 1 22 159277 318554
 4 90 1 67 1 57 1 11 267197 534394
 5 97 1 91 1 80 1 10 554530 1109060
 93 2511705
 587 233 220 21834506 101177825
 5
 1 78 0 69 1 37 1 12 161293 322586
 2 115 1 90 1 58 1 13 505639 1011278
 3 68 0 53 0 20 1 16 61274 122548
 4 119 0 71 1 47 1 26 278177 556354
 5 100 1 82 1 57 1 18 339066 678132
 94 2511805
 587 233 220 20848694 157155949
 5
 1 75 1 73 1 69 1 36 306091 612182
 2 66 1 56 1 40 1 39 125309 250618
 3 64 1 51 1 41 1 38 99890 199780
 4 90 0 52 1 28 1 30 88509 177018
 5 73 0 33 1 28 1 25 59045 118090
 95 2511905
 587 233 220 25589438 67655293
 5
 1 101 0 69 0 20 1 27 107895 215790
 2 108 0 66 1 54 1 36 239042 478084
 3 74 0 62 1 33 1 26 131987 263974
 4 69 0 61 1 33 1 28 110594 221188
 5 71 0 64 0 31 1 32 102996 205992
 96 2512005
 587 233 220 18557663 115071815
 5
 1 64 0 42 1 26 1 41 52471 104942
 2 92 1 58 1 52 1 41 224065 448130
 3 92 0 85 0 21 1 35 116897 233794
 4 90 0 49 1 33 1 45 92016 184032
 5 54 1 48 1 34 1 40 54325 108650
 97 2512105
 587 233 220 19954589 68598520
 5
 1 74 0 60 1 32 1 32 113890 227780
 2 100 0 50 1 43 1 33 130366 260732
 3 95 0 74 1 42 1 37 241267 482534
 4 95 0 70 0 30 1 31 134395 268790
 5 45 1 37 1 24 1 32 35829 71658
 98 2512205
 587 233 220 22656410 57179682
 5
 1 106 0 55 1 38 1 33 136567 273134
 2 69 1 50 1 48 1 32 110655 221310
 3 106 1 63 1 57 1 20 259343 518686
 4 71 1 66 1 51 1 33 193245 386490
 5 62 1 41 1 36 1 20 57718 115436
 99 2512305
 587 233 220 26645145 196348913
 5
 1 51 1 46 1 44 1 47 62429 124858
 2 95 0 92 1 47 1 32 337541 675082
 3 116 0 39 1 23 1 30 91679 183358
 4 51 1 37 1 32 1 28 42041 84082
 5 117 0 44 1 38 1 37 149554 299108
 100 2512405
 587 233 220 19308161 56423324
 5
 1 78 1 49 1 47 1 24 128820 257640
 2 46 1 45 1 43 1 25 62119 124238
 3 98 0 44 1 36 1 33 113883 227766
 4 100 0 89 0 31 1 34 178227 356454
 5 108 0 76 1 47 1 23 272932 545864
