100
 1 2502505
 587 233 220 20791738 83776607
 8
 1 108 0 76 0 30 1 24 192588 385176
 2 110 0 43 1 25 1 9 71756 143512
 3 92 1 81 1 55 1 8 254111 508222
 4 81 0 33 1 28 1 11 64319 128638
 5 120 1 99 1 73 1 11 540849 1081698
 6 111 0 70 1 48 1 10 332570 665140
 7 98 0 72 1 46 1 12 244808 489616
 8 95 0 66 0 31 1 9 127907 255814
 2 2502605
 587 233 220 24716011 102530411
 8
 1 49 0 25 1 21 1 16 15515 31030
 2 60 1 51 1 41 1 8 111437 222874
 3 103 1 76 1 64 1 16 337453 674906
 4 95 1 70 1 62 1 18 369957 739914
 5 111 0 49 1 26 1 18 120883 241766
 6 85 1 84 1 72 1 16 440967 881934
 7 48 1 36 1 31 1 17 38088 76176
 8 86 0 76 0 38 1 6 150130 300260
 3 2502705
 587 233 220 21779304 131013661
 8
 1 97 0 81 0 27 1 10 174272 348544
 2 102 0 78 0 39 1 20 198414 396828
 3 113 0 46 1 36 1 18 126327 252654
 4 66 1 50 1 42 1 21 93318 186636
 5 101 0 30 1 26 1 16 63592 127184
 6 100 0 56 1 35 1 17 156460 312920
 7 91 0 50 1 40 1 22 121405 242810
 8 106 1 61 1 56 1 19 258545 517090
 4 2502805
 587 233 220 26244490 202819979
 8
 1 113 0 92 0 33 1 23 232922 465844
 2 52 1 37 1 28 1 22 37105 74210
 3 57 1 33 1 29 1 26 38926 77852
 4 99 0 37 1 30 1 17 69345 138690
 5 92 0 64 1 33 1 23 122485 244970
 6 119 0 59 1 39 1 26 223580 447160
 7 54 1 52 1 49 1 18 108617 217234
 8 75 0 45 1 35 1 30 99624 199248
 5 2502905
 587 233 220 22216383 59772223
 8
 1 88 0 54 1 39 1 16 136869 273738
 2 94 0 54 1 36 1 14 143123 286246
 3 87 0 77 1 43 1 20 176342 352684
 4 100 1 80 1 72 1 16 455808 911616
 5 83 0 40 1 36 1 6 76828 153656
 6 91 0 54 0 22 1 15 85141 170282
 7 109 0 58 1 54 1 17 211365 422730
 8 94 0 55 1 30 1 9 109389 218778
 6 2503005
 587 233 220 27046984 106169729
 8
 1 86 1 84 1 45 1 23 276893 553786
 2 81 0 45 1 34 1 24 78122 156244
 3 70 1 54 1 37 1 24 88733 177466
 4 71 1 61 1 52 1 12 174884 349768
 5 78 1 73 1 40 1 18 165714 331428
 6 69 1 63 1 46 1 14 177514 355028
 7 72 1 67 1 56 1 13 168214 336428
 8 75 0 75 0 36 1 15 135709 271418
 7 2503105
 587 233 220 20588430 114588920
 8
 1 118 0 79 1 51 1 18 329783 659566
 2 86 0 32 1 31 1 14 62639 125278
 3 64 1 58 1 52 1 18 152892 305784
 4 42 1 42 1 32 1 19 45077 90154
 5 64 1 55 1 43 1 14 115703 231406
 6 84 0 70 0 35 1 18 180531 361062
 7 76 0 57 1 36 1 23 126525 253050
 8 95 1 60 1 55 1 20 207598 415196
 8 2503205
 587 233 220 24051223 156010043
 8
 1 75 1 58 1 57 1 11 191346 382692
 2 57 1 37 1 30 1 14 40318 80636
 3 79 0 74 0 35 1 11 138068 276136
 4 104 1 99 1 74 1 10 677717 1355434
 5 55 1 46 1 31 1 20 67993 135986
 6 99 0 98 0 33 1 10 274696 549392
 7 90 1 85 1 59 1 12 297752 595504
 8 115 0 74 1 44 1 16 316104 632208
 9 2503305
 587 233 220 23381155 170491738
 8
 1 90 1 70 1 63 1 6 242359 484718
 2 84 0 78 0 28 1 17 151513 303026
 3 94 0 85 0 39 1 19 222432 444864
 4 80 1 76 1 54 1 16 256733 513466
 5 69 1 50 1 45 1 16 128835 257670
 6 70 1 57 1 37 1 17 124790 249580
 7 94 1 61 1 54 1 18 236294 472588
 8 92 0 44 1 29 1 24 71460 142920
 10 2503405
 587 233 220 22392047 113908481
 8
 1 68 0 66 0 31 1 18 98195 196390
 2 120 0 34 1 26 1 27 77598 155196
 3 95 1 76 1 60 1 17 293198 586396
 4 61 1 47 1 34 1 19 60161 120322
 5 53 1 45 1 36 1 25 60386 120772
 6 80 1 52 1 42 1 22 154644 309288
 7 109 0 63 0 28 1 22 130512 261024
 8 74 0 64 1 35 1 30 103128 206256
 11 2503505
 587 233 220 25455323 99454693
 8
 1 74 1 63 1 61 1 17 228204 456408
 2 71 0 60 0 25 1 13 89858 179716
 3 106 1 80 1 59 1 10 442539 885078
 4 109 0 76 1 42 1 15 282592 565184
 5 118 0 56 0 22 1 19 99211 198422
 6 105 0 67 1 43 1 16 246009 492018
 7 72 1 65 1 37 1 20 151639 303278
 8 84 1 59 1 54 1 9 162050 324100
 12 2503605
 587 233 220 25572037 72596320
 8
 1 95 1 80 1 57 1 13 329147 658294
 2 112 0 87 0 23 1 15 173697 347394
 3 116 0 41 1 40 1 14 158735 317470
 4 98 1 80 1 56 1 10 341951 683902
 5 108 1 60 1 59 1 10 236011 472022
 6 82 1 77 1 67 1 8 353739 707478
 7 67 1 46 1 36 1 19 88188 176376
 8 104 0 72 1 44 1 14 204577 409154
 13 2503705
 587 233 220 22929116 145429732
 8
 1 52 0 36 1 25 1 35 36107 72214
 2 63 0 37 1 21 1 20 38738 77476
 3 100 0 61 1 36 1 27 136903 273806
 4 79 0 52 1 36 1 21 125394 250788
 5 99 0 63 1 36 1 17 135925 271850
 6 97 0 49 1 30 1 24 109940 219880
 7 90 1 69 1 55 1 25 301677 603354
 8 91 0 33 1 28 1 30 72862 145724
 14 2503805
 587 233 220 26452151 149576368
 8
 1 68 0 48 1 31 1 12 79143 158286
 2 104 1 80 1 63 1 14 446247 892494
 3 82 0 46 0 21 1 13 56987 113974
 4 114 1 78 1 60 1 14 321020 642040
 5 90 1 74 1 66 1 12 367307 734614
 6 112 0 54 1 36 1 8 193644 387288
 7 71 1 64 1 54 1 17 199323 398646
 8 74 0 53 1 33 1 14 109718 219436
 15 2503905
 587 233 220 27061969 205101349
 8
 1 100 0 44 1 37 1 11 113287 226574
 2 90 1 78 1 55 1 11 232453 464906
 3 65 1 57 1 42 1 12 132484 264968
 4 85 0 58 1 41 1 13 129360 258720
 5 81 1 69 1 50 1 15 246368 492736
 6 84 1 78 1 51 1 20 226661 453322
 7 109 1 73 1 73 1 11 469868 939736
 8 73 1 58 1 52 1 10 143870 287740
 16 2504005
 587 233 220 26185082 175684994
 8
 1 43 1 40 1 39 1 21 47638 95276
 2 97 0 76 1 40 1 12 203622 407244
 3 67 1 63 1 47 1 15 175780 351560
 4 98 0 57 1 38 1 13 132789 265578
 5 73 0 71 0 27 1 16 104934 209868
 6 66 1 56 1 41 1 15 124464 248928
 7 82 1 75 1 72 1 28 357232 714464
 8 93 0 71 1 43 1 8 193777 387554
 17 2504105
 587 233 220 18082311 67643566
 8
 1 72 0 49 1 35 1 12 75496 150992
 2 75 1 66 1 47 1 8 151404 302808
 3 78 0 30 1 22 1 11 45636 91272
 4 119 1 79 1 79 1 15 545414 1090828
 5 76 1 65 1 62 1 15 252048 504096
 6 119 1 81 1 65 1 10 447890 895780
 7 91 0 77 0 36 1 5 194132 388264
 8 113 0 89 0 27 1 10 210092 420184
 18 2504205
 587 233 220 24289884 80265716
 8
 1 104 0 55 1 30 1 11 137599 275198
 2 92 1 89 1 73 1 11 474510 949020
 3 88 0 88 0 43 1 11 264745 529490
 4 90 1 60 1 60 1 9 246005 492010
 5 79 1 53 1 41 1 7 104169 208338
 6 96 0 91 0 28 1 10 201319 402638
 7 100 1 90 1 79 1 14 436954 873908
 8 73 0 42 1 32 1 12 79976 159952
 19 2504305
 587 233 220 25011906 77945000
 8
 1 60 0 45 1 26 1 25 57835 115670
 2 71 1 43 1 39 1 10 76973 153946
 3 99 1 71 1 64 1 19 349424 698848
 4 61 1 41 1 40 1 17 81605 163210
 5 83 1 79 1 43 1 30 196589 393178
 6 63 1 52 1 35 1 26 86100 172200
 7 54 0 33 1 20 1 24 24957 49914
 8 62 1 57 1 51 1 25 140683 281366
 20 2504405
 587 233 220 24939567 107511251
 8
 1 97 1 77 1 66 1 16 437121 874242
 2 81 1 69 1 69 1 21 331819 663638
 3 109 0 53 0 24 1 15 86234 172468
 4 98 0 33 1 20 1 18 49179 98358
 5 86 0 56 1 34 1 15 144846 289692
 6 76 0 50 1 35 1 16 85574 171148
 7 109 0 42 1 22 1 14 63911 127822
 8 82 1 69 1 42 1 20 144959 289918
 21 2504505
 587 233 220 21323975 144563465
 8
 1 109 1 93 1 72 1 11 512216 1024432
 2 95 0 67 0 32 1 11 139004 278008
 3 119 0 45 1 36 1 13 165973 331946
 4 95 1 78 1 62 1 13 372885 745770
 5 116 0 89 0 32 1 15 263212 526424
 6 98 0 65 1 38 1 11 186547 373094
 7 72 0 51 0 24 1 7 78471 156942
 8 102 0 88 0 26 1 13 174449 348898
 22 2504605
 587 233 220 19872275 106346442
 8
 1 89 1 78 1 50 1 12 296401 592802
 2 73 1 65 1 46 1 12 153741 307482
 3 94 0 66 1 39 1 11 151924 303848
 4 66 1 59 1 42 1 21 129603 259206
 5 106 1 93 1 70 1 16 538429 1076858
 6 80 1 71 1 62 1 13 255827 511654
 7 60 0 36 1 26 1 19 50094 100188
 8 72 0 31 1 31 1 7 54120 108240
 23 2504705
 587 233 220 22236706 61696140
 8
 1 84 0 81 0 23 1 13 127506 255012
 2 115 1 72 1 64 1 20 388270 776540
 3 77 0 49 1 25 1 16 67188 134376
 4 40 1 37 1 22 1 8 21184 42368
 5 97 0 96 0 46 1 17 343606 687212
 6 95 0 43 1 25 1 13 86907 173814
 7 90 0 69 0 28 1 22 150657 301314
 8 56 1 51 1 49 1 21 85210 170420
 24 2504805
 587 233 220 26136938 69903834
 8
 1 113 0 80 0 29 1 15 201085 402170
 2 98 1 65 1 62 1 11 257313 514626
 3 60 1 59 1 46 1 9 108922 217844
 4 100 1 97 1 64 1 16 503563 1007126
 5 99 0 88 0 23 1 12 171752 343504
 6 106 0 49 1 33 1 15 113472 226944
 7 78 0 54 1 30 1 20 99856 199712
 8 71 1 68 1 41 1 14 136469 272938
 25 2504905
 587 233 220 25189693 104882014
 8
 1 75 0 54 1 35 1 21 114343 228686
 2 107 0 60 1 49 1 20 214158 428316
 3 70 1 67 1 42 1 13 168971 337942
 4 78 1 71 1 44 1 12 167070 334140
 5 78 0 61 0 27 1 20 91159 182318
 6 78 1 73 1 48 1 20 190718 381436
 7 109 0 87 0 32 1 13 261680 523360
 8 91 0 87 0 25 1 16 130238 260476
 26 2505005
 587 233 220 25501547 156344789
 8
 1 86 0 71 1 41 1 24 222475 444950
 2 75 1 58 1 58 1 23 185899 371798
 3 100 0 81 0 27 1 20 157945 315890
 4 59 0 42 1 24 1 24 49738 99476
 5 69 0 37 1 30 1 15 53189 106378
 6 63 1 50 1 36 1 13 77683 155366
 7 96 0 72 0 34 1 24 177718 355436
 8 111 0 71 0 29 1 18 156560 313120
 27 2505105
 587 233 220 20474500 124141883
 8
 1 118 0 66 1 47 1 14 279138 558276
 2 99 0 56 0 25 1 19 90729 181458
 3 91 1 83 1 48 1 14 311087 622174
 4 104 0 66 1 40 1 15 194232 388464
 5 75 0 60 1 33 1 14 89186 178372
 6 113 1 78 1 60 1 17 345114 690228
 7 36 1 36 1 29 1 12 29532 59064
 8 56 1 48 1 40 1 15 93699 187398
 28 2505205
 587 233 220 22505258 70090075
 8
 1 62 1 59 1 52 1 21 134727 269454
 2 54 1 52 1 50 1 9 112268 224536
 3 102 1 69 1 65 1 16 374031 748062
 4 97 0 76 1 46 1 18 213256 426512
 5 52 1 50 1 37 1 18 59105 118210
 6 93 0 85 0 23 1 20 156590 313180
 7 90 0 38 1 38 1 20 82931 165862
 8 66 1 60 1 40 1 21 117033 234066
 29 2505305
 587 233 220 22857168 172327869
 8
 1 91 1 58 1 57 1 20 253132 506264
 2 92 1 78 1 53 1 21 295628 591256
 3 112 0 48 1 28 1 24 93077 186154
 4 78 0 47 1 26 1 27 72328 144656
 5 41 1 40 1 28 1 28 37501 75002
 6 57 1 47 1 32 1 24 60971 121942
 7 54 1 47 1 40 1 30 86431 172862
 8 85 0 80 0 25 1 20 115460 230920
 30 2505405
 587 233 220 19422246 76280077
 8
 1 64 0 53 1 32 1 23 96668 193336
 2 51 1 42 1 28 1 20 38680 77360
 3 49 1 32 1 30 1 24 29160 58320
 4 109 1 68 1 59 1 15 364821 729642
 5 66 0 43 1 32 1 21 74508 149016
 6 120 0 71 1 47 1 21 247453 494906
 7 109 0 57 1 41 1 19 174967 349934
 8 100 0 70 0 28 1 18 137182 274364
 31 2505505
 587 233 220 20975968 115850622
 8
 1 70 1 63 1 49 1 19 175330 350660
 2 84 1 54 1 49 1 19 178623 357246
 3 89 0 70 1 42 1 14 168827 337654
 4 80 0 48 1 39 1 16 113914 227828
 5 114 0 47 1 42 1 13 177511 355022
 6 92 0 62 1 34 1 22 164370 328740
 7 72 1 66 1 43 1 17 142454 284908
 8 120 0 55 1 46 1 16 247612 495224
 32 2505605
 587 233 220 22946501 105468652
 8
 1 95 0 76 1 44 1 16 199891 399782
 2 81 0 47 1 34 1 21 89503 179006
 3 71 0 52 1 30 1 22 87295 174590
 4 96 0 52 1 28 1 13 106676 213352
 5 104 0 80 1 50 1 21 260634 521268
 6 77 1 64 1 57 1 20 225272 450544
 7 75 0 45 1 36 1 17 94483 188966
 8 65 1 49 1 39 1 11 77797 155594
 33 2505705
 587 233 220 23436325 101954891
 8
 1 40 1 36 1 21 1 14 19501 39002
 2 76 0 45 1 31 1 15 74441 148882
 3 63 1 54 1 51 1 20 147124 294248
 4 114 1 77 1 69 1 17 508459 1016918
 5 95 1 57 1 53 1 20 205983 411966
 6 92 0 36 1 20 1 14 48284 96568
 7 90 1 84 1 47 1 15 239185 478370
 8 84 0 69 0 24 1 16 91410 182820
 34 2505805
 587 233 220 18586049 63173189
 8
 1 68 0 35 1 27 1 20 47114 94228
 2 118 0 57 1 43 1 17 235808 471616
 3 73 0 72 0 36 1 23 167474 334948
 4 85 1 58 1 50 1 24 181601 363202
 5 86 0 56 1 33 1 13 110185 220370
 6 99 0 44 1 31 1 24 101481 202962
 7 93 1 54 1 49 1 14 166147 332294
 8 89 0 69 0 26 1 29 103681 207362
 35 2505905
 587 233 220 22098709 106604033
 8
 1 100 0 33 1 31 1 13 66489 132978
 2 84 0 68 1 42 1 18 213281 426562
 3 95 0 84 0 31 1 18 171165 342330
 4 57 1 39 1 30 1 25 49575 99150
 5 76 1 71 1 60 1 20 255820 511640
 6 71 1 68 1 46 1 24 168216 336432
 7 109 0 51 1 26 1 15 91282 182564
 8 109 0 54 1 45 1 16 199471 398942
 36 2506005
 587 233 220 21322118 55460071
 8
 1 41 1 39 1 26 1 17 34478 68956
 2 110 0 40 1 34 1 11 129960 259920
 3 94 1 77 1 52 1 10 286767 573534
 4 119 1 96 1 71 1 21 606233 1212466
 5 67 1 63 1 47 1 16 151620 303240
 6 61 1 43 1 31 1 11 60268 120536
 7 72 0 53 1 35 1 10 90117 180234
 8 64 1 38 1 38 1 15 66226 132452
 37 2506105
 587 233 220 20857978 157808046
 8
 1 98 0 73 1 44 1 13 262403 524806
 2 60 1 60 1 38 1 12 95498 190996
 3 105 1 73 1 60 1 9 335278 670556
 4 90 1 77 1 52 1 21 316259 632518
 5 66 0 58 0 24 1 12 65605 131210
 6 106 1 76 1 55 1 20 331327 662654
 7 55 1 44 1 36 1 11 73753 147506
 8 82 0 58 0 23 1 14 92827 185654
 38 2506205
 587 233 220 24020908 181958309
 8
 1 104 0 94 1 50 1 14 358171 716342
 2 102 0 87 0 36 1 14 286474 572948
 3 115 0 42 1 33 1 10 118900 237800
 4 61 1 58 1 32 1 14 77339 154678
 5 70 1 62 1 48 1 9 171805 343610
 6 91 1 79 1 78 1 13 420283 840566
 7 90 1 57 1 53 1 17 226099 452198
 8 78 0 68 0 25 1 12 81114 162228
 39 2506305
 587 233 220 18545872 57648217
 8
 1 89 1 56 1 45 1 36 198082 396164
 2 53 1 37 1 34 1 28 42727 85454
 3 54 0 35 1 25 1 31 38238 76476
 4 73 0 39 1 33 1 33 64498 128996
 5 73 1 39 1 38 1 20 93550 187100
 6 50 1 42 1 29 1 31 38279 76558
 7 62 1 59 1 54 1 25 118956 237912
 8 98 0 53 1 44 1 28 162242 324484
 40 2506405
 587 233 220 22268376 150452144
 8
 1 85 1 77 1 62 1 10 325117 650234
 2 94 0 63 1 32 1 7 139173 278346
 3 83 1 75 1 45 1 11 244841 489682
 4 95 1 95 1 54 1 15 296723 593446
 5 76 0 76 0 30 1 10 136895 273790
 6 113 0 66 1 44 1 11 273768 547536
 7 108 1 71 1 61 1 14 416498 832996
 8 118 0 62 1 37 1 8 168016 336032
 41 2506505
 587 233 220 23092280 87075795
 8
 1 109 1 80 1 68 1 12 384695 769390
 2 90 0 45 1 31 1 24 85887 171774
 3 66 1 56 1 34 1 11 108406 216812
 4 76 0 66 1 34 1 18 127855 255710
 5 111 0 80 1 53 1 15 371459 742918
 6 86 0 59 0 29 1 17 101699 203398
 7 80 1 72 1 63 1 12 269646 539292
 8 81 0 47 0 22 1 15 54309 108618
 42 2506605
 587 233 220 21313822 58933021
 8
 1 76 1 74 1 50 1 20 185927 371854
 2 86 0 40 1 29 1 15 76137 152274
 3 66 1 55 1 48 1 14 141635 283270
 4 75 0 57 1 37 1 13 123937 247874
 5 102 0 83 0 29 1 23 193219 386438
 6 74 1 58 1 52 1 17 189698 379396
 7 89 0 65 1 36 1 18 147990 295980
 8 99 1 68 1 67 1 11 290597 581194
 43 2506705
 587 233 220 24949410 81188791
 8
 1 82 1 80 1 71 1 11 288875 577750
 2 66 0 37 1 27 1 5 49696 99392
 3 77 0 76 0 31 1 12 126745 253490
 4 100 0 56 1 38 1 14 148334 296668
 5 93 1 86 1 67 1 11 352712 705424
 6 89 0 76 0 30 1 12 140057 280114
 7 98 1 90 1 67 1 14 517074 1034148
 8 87 0 52 1 42 1 13 138670 277340
 44 2506805
 587 233 220 25542577 139942627
 8
 1 114 0 67 0 25 1 23 134779 269558
 2 92 0 79 0 25 1 19 130416 260832
 3 89 0 87 0 36 1 22 207189 414378
 4 95 0 71 1 36 1 17 165871 331742
 5 90 0 83 1 43 1 18 216426 432852
 6 93 0 39 1 28 1 19 68401 136802
 7 69 0 54 1 31 1 13 77942 155884
 8 107 0 61 1 37 1 11 152882 305764
 45 2506905
 587 233 220 23434205 167964108
 8
 1 63 0 55 1 31 1 14 68377 136754
 2 120 0 43 1 23 1 20 77644 155288
 3 97 1 72 1 57 1 27 281442 562884
 4 77 1 76 1 42 1 14 166369 332738
 5 93 0 74 0 20 1 19 86523 173046
 6 65 1 63 1 43 1 13 149662 299324
 7 108 0 71 1 40 1 18 192878 385756
 8 79 0 36 1 21 1 22 41490 82980
 46 2507005
 587 233 220 20472777 104763400
 8
 1 86 0 58 1 36 1 12 116901 233802
 2 71 0 69 0 22 1 13 82445 164890
 3 108 0 78 1 54 1 14 390127 780254
 4 104 1 58 1 57 1 19 281064 562128
 5 96 1 65 1 58 1 11 317937 635874
 6 58 0 37 1 26 1 12 39946 79892
 7 73 1 72 1 49 1 16 204301 408602
 8 98 1 67 1 56 1 13 308071 616142
 47 2507105
 587 233 220 24617797 149594782
 8
 1 118 0 54 1 42 1 13 236403 472806
 2 112 0 95 0 20 1 21 132885 265770
 3 118 0 38 1 37 1 20 128744 257488
 4 76 0 38 1 38 1 19 76860 153720
 5 100 0 56 1 34 1 19 168209 336418
 6 100 0 73 1 50 1 20 326666 653332
 7 75 0 58 1 36 1 19 138581 277162
 8 76 1 51 1 41 1 17 107895 215790
 48 2507205
 587 233 220 22752588 166571735
 8
 1 59 1 49 1 48 1 7 117530 235060
 2 79 1 63 1 46 1 13 204101 408202
 3 95 0 58 1 38 1 13 136047 272094
 4 95 0 79 1 47 1 12 307081 614162
 5 72 0 46 1 27 1 12 69822 139644
 6 88 1 74 1 72 1 14 407479 814958
 7 90 1 77 1 67 1 18 309759 619518
 8 96 0 59 1 36 1 14 168232 336464
 49 2507305
 587 233 220 19078983 132562382
 8
 1 91 0 54 1 45 1 13 166723 333446
 2 105 1 77 1 72 1 15 366496 732992
 3 79 1 78 1 48 1 10 221205 442410
 4 109 1 76 1 59 1 12 410253 820506
 5 48 1 37 1 30 1 13 34159 68318
 6 44 1 37 1 27 1 9 32617 65234
 7 79 1 76 1 54 1 17 259604 519208
 8 116 0 78 0 20 1 16 140364 280728
 50 2507405
 587 233 220 21005638 53901778
 8
 1 60 1 40 1 32 1 16 59042 118084
 2 98 1 75 1 55 1 23 341445 682890
 3 60 1 59 1 39 1 18 99619 199238
 4 81 0 56 1 40 1 14 118832 237664
 5 119 0 34 1 25 1 10 80969 161938
 6 107 0 61 1 42 1 19 209049 418098
 7 108 0 85 0 20 1 20 152568 305136
 8 97 0 66 1 45 1 16 239052 478104
 51 2507505
 587 233 220 25769227 193429636
 8
 1 66 1 64 1 36 1 13 95710 191420
 2 97 1 73 1 49 1 30 230942 461884
 3 69 1 60 1 43 1 21 131308 262616
 4 52 0 37 1 20 1 24 32544 65088
 5 109 0 63 1 37 1 24 224611 449222
 6 79 0 57 0 24 1 20 69981 139962
 7 95 0 72 0 22 1 20 93710 187420
 8 65 1 50 1 39 1 13 113003 226006
 52 2507605
 587 233 220 20899083 59162305
 8
 1 96 0 72 0 31 1 13 158591 317182
 2 75 1 72 1 47 1 21 156157 312314
 3 80 0 25 1 20 1 14 34082 68164
 4 114 1 94 1 61 1 19 511455 1022910
 5 100 0 40 1 39 1 20 130171 260342
 6 72 1 51 1 48 1 13 123625 247250
 7 36 1 28 1 24 1 27 19498 38996
 8 85 0 58 1 35 1 16 122482 244964
 53 2507705
 587 233 220 18306951 116094041
 8
 1 78 0 37 1 27 1 15 61927 123854
 2 89 0 70 0 25 1 15 109542 219084
 3 90 0 84 0 41 1 12 231792 463584
 4 85 0 75 1 42 1 9 209028 418056
 5 91 0 77 1 44 1 12 200621 401242
 6 114 1 87 1 71 1 10 607229 1214458
 7 90 0 37 1 25 1 14 65320 130640
 8 105 1 80 1 77 1 13 491625 983250
 54 2507805
 587 233 220 19902353 116576986
 8
 1 99 0 68 0 23 1 29 114628 229256
 2 68 1 52 1 40 1 25 121351 242702
 3 101 1 66 1 61 1 21 364772 729544
 4 57 0 56 0 22 1 25 56301 112602
 5 81 1 54 1 47 1 29 166117 332234
 6 86 0 34 1 25 1 15 54566 109132
 7 54 0 46 1 27 1 18 58173 116346
 8 95 0 65 1 34 1 16 164605 329210
 55 2507905
 587 233 220 24977302 117511621
 8
 1 100 0 94 0 28 1 22 228551 457102
 2 81 1 78 1 66 1 15 362675 725350
 3 111 0 49 0 21 1 24 85568 171136
 4 119 0 63 1 37 1 21 216511 433022
 5 72 0 50 1 30 1 18 68270 136540
 6 58 1 58 1 40 1 25 91411 182822
 7 108 0 55 1 29 1 17 104653 209306
 8 54 1 49 1 38 1 12 85175 170350
 56 2508005
 587 233 220 20623610 83241152
 8
 1 90 0 41 1 34 1 40 84303 168606
 2 64 0 32 1 28 1 20 38019 76038
 3 42 1 31 1 31 1 21 28725 57450
 4 94 0 90 0 44 1 22 243991 487982
 5 68 1 63 1 53 1 23 194433 388866
 6 55 0 30 1 21 1 27 24676 49352
 7 72 0 64 0 31 1 29 104432 208864
 8 75 0 56 1 34 1 30 111585 223170
 57 2508105
 587 233 220 19813482 71081090
 8
 1 85 0 73 1 40 1 11 182348 364696
 2 73 1 62 1 54 1 12 194177 388354
 3 90 0 63 1 41 1 18 162773 325546
 4 75 0 61 0 24 1 15 97869 195738
 5 57 1 53 1 44 1 11 85450 170900
 6 93 0 70 1 45 1 17 263327 526654
 7 73 0 36 1 33 1 15 68055 136110
 8 95 1 80 1 75 1 19 478292 956584
 58 2508205
 587 233 220 18134395 58457211
 8
 1 105 0 81 1 46 1 16 293885 587770
 2 115 1 81 1 61 1 12 411222 822444
 3 72 0 51 0 23 1 12 65712 131424
 4 65 1 56 1 33 1 8 88767 177534
 5 60 0 44 0 21 1 8 42954 85908
 6 85 1 69 1 65 1 10 242570 485140
 7 90 0 82 0 35 1 9 210692 421384
 8 115 1 94 1 64 1 12 553885 1107770
 59 2508305
 587 233 220 21185795 88544354
 8
 1 76 1 52 1 46 1 25 117029 234058
 2 66 0 59 1 31 1 35 84387 168774
 3 62 1 55 1 44 1 23 134389 268778
 4 95 0 46 1 36 1 16 99575 199150
 5 63 1 59 1 35 1 30 80894 161788
 6 100 0 37 1 32 1 30 98990 197980
 7 91 0 54 1 37 1 33 144701 289402
 8 49 1 44 1 36 1 24 60703 121406
 60 2508405
 587 233 220 22592999 90518799
 8
 1 78 1 72 1 58 1 15 235042 470084
 2 107 1 57 1 57 1 19 215822 431644
 3 72 1 64 1 37 1 17 102979 205958
 4 93 0 66 0 26 1 11 140513 281026
 5 116 0 67 1 35 1 15 204710 409420
 6 101 0 56 1 39 1 11 186387 372774
 7 108 0 100 0 39 1 14 252895 505790
 8 64 1 55 1 33 1 12 85133 170266
 61 2508505
 587 233 220 25074779 158107159
 8
 1 109 1 68 1 64 1 8 384566 769132
 2 84 1 58 1 55 1 10 192485 384970
 3 96 0 83 0 24 1 14 157328 314656
 4 74 0 67 1 37 1 6 112706 225412
 5 107 1 73 1 70 1 10 417877 835754
 6 80 1 73 1 54 1 12 241540 483080
 7 72 0 41 1 33 1 11 63395 126790
 8 84 1 79 1 74 1 19 332546 665092
 62 2508605
 587 233 220 22257958 151181222
 8
 1 70 1 63 1 50 1 14 180341 360682
 2 100 0 53 1 34 1 11 128965 257930
 3 93 0 78 1 45 1 12 199019 398038
 4 100 0 55 1 48 1 16 161244 322488
 5 98 1 73 1 50 1 11 309490 618980
 6 69 1 45 1 43 1 15 85086 170172
 7 43 1 42 1 36 1 19 40114 80228
 8 104 1 92 1 63 1 16 510484 1020968
 63 2508705
 587 233 220 20508559 98738342
 8
 1 82 1 76 1 59 1 17 268202 536404
 2 60 1 51 1 50 1 9 94678 189356
 3 104 1 66 1 61 1 12 363363 726726
 4 71 0 36 1 28 1 16 45697 91394
 5 89 0 77 0 26 1 20 142651 285302
 6 108 1 84 1 66 1 14 454560 909120
 7 90 0 51 1 45 1 13 130014 260028
 8 48 1 35 1 33 1 23 49895 99790
 64 2508805
 587 233 220 23394962 178922907
 8
 1 114 0 54 0 20 1 21 81335 162670
 2 92 1 87 1 50 1 14 306958 613916
 3 114 0 43 1 26 1 9 101502 203004
 4 93 0 69 1 42 1 23 241570 483140
 5 80 1 79 1 64 1 13 247450 494900
 6 99 0 80 0 29 1 24 155874 311748
 7 60 1 54 1 47 1 17 131957 263914
 8 54 1 53 1 32 1 13 56588 113176
 65 2508905
 587 233 220 25426826 162589981
 8
 1 55 0 50 1 26 1 13 43404 86808
 2 48 1 42 1 37 1 17 52258 104516
 3 47 1 34 1 26 1 22 30072 60144
 4 104 0 74 1 50 1 20 236001 472002
 5 83 0 70 1 40 1 20 191234 382468
 6 53 1 52 1 38 1 15 64076 128152
 7 108 0 69 1 49 1 17 298657 597314
 8 78 1 73 1 72 1 16 256656 513312
 66 2509005
 587 233 220 18622026 87979872
 8
 1 87 0 45 1 32 1 15 75245 150490
 2 84 1 63 1 46 1 14 172662 345324
 3 84 1 67 1 44 1 11 192500 385000
 4 76 0 55 1 30 1 9 105611 211222
 5 87 1 78 1 61 1 15 313411 626822
 6 115 0 77 1 53 1 11 413533 827066
 7 78 1 72 1 51 1 9 180213 360426
 8 93 1 91 1 62 1 13 394326 788652
 67 2509105
 587 233 220 22901759 106911730
 8
 1 119 0 41 1 38 1 20 137607 275214
 2 90 0 44 1 35 1 13 108967 217934
 3 67 0 55 0 27 1 17 69554 139108
 4 71 1 47 1 36 1 21 80441 160882
 5 90 1 55 1 51 1 27 172667 345334
 6 87 0 68 1 40 1 19 163125 326250
 7 87 0 53 1 36 1 26 106544 213088
 8 113 0 47 1 34 1 26 154770 309540
 68 2509205
 587 233 220 20903317 132023390
 8
 1 60 1 44 1 36 1 12 70163 140326
 2 76 1 42 1 40 1 15 97440 194880
 3 65 1 49 1 48 1 11 137590 275180
 4 109 0 92 1 51 1 17 417852 835704
 5 93 0 42 1 31 1 15 88695 177390
 6 83 1 64 1 59 1 17 195474 390948
 7 96 1 90 1 55 1 17 320994 641988
 8 52 1 42 1 31 1 15 44377 88754
 69 2509305
 587 233 220 18573681 112930205
 8
 1 91 0 50 1 32 1 27 91385 182770
 2 118 0 66 1 40 1 18 243421 486842
 3 75 0 69 0 32 1 21 101109 202218
 4 81 0 73 0 32 1 20 159392 318784
 5 97 0 69 0 33 1 19 153040 306080
 6 97 0 31 1 27 1 19 62440 124880
 7 57 1 54 1 29 1 22 56922 113844
 8 77 1 71 1 62 1 16 274825 549650
 70 2509405
 587 233 220 21615677 90799728
 8
 1 56 0 32 1 28 1 9 31620 63240
 2 92 0 68 1 39 1 11 164312 328624
 3 90 0 86 0 29 1 19 179000 358000
 4 73 1 54 1 52 1 19 129437 258874
 5 114 0 100 0 45 1 20 420460 840920
 6 94 0 51 1 36 1 9 153125 306250
 7 108 0 59 1 38 1 12 190998 381996
 8 89 1 82 1 61 1 9 380284 760568
 71 2509505
 587 233 220 18960072 139904113
 8
 1 99 1 64 1 62 1 23 263584 527168
 2 110 0 43 1 37 1 16 126048 252096
 3 96 1 73 1 50 1 14 216675 433350
 4 114 0 53 1 35 1 13 160106 320212
 5 105 0 27 1 22 1 18 51287 102574
 6 75 1 66 1 51 1 16 165051 330102
 7 72 1 61 1 48 1 12 143534 287068
 8 102 0 46 1 32 1 19 97291 194582
 72 2509605
 587 233 220 22690965 84692265
 8
 1 96 1 95 1 68 1 13 515890 1031780
 2 69 1 61 1 35 1 15 114359 228718
 3 107 1 70 1 55 1 15 270931 541862
 4 92 0 85 0 34 1 15 213055 426110
 5 96 0 60 1 31 1 23 153670 307340
 6 66 1 38 1 38 1 15 66772 133544
 7 63 1 57 1 36 1 23 94618 189236
 8 51 1 31 1 31 1 19 35301 70602
 73 2509705
 587 233 220 21058015 154193970
 8
 1 90 0 73 1 37 1 16 161220 322440
 2 102 0 95 0 33 1 16 196477 392954
 3 117 0 38 1 30 1 11 85056 170112
 4 75 1 73 1 57 1 15 249440 498880
 5 86 0 36 1 34 1 12 65247 130494
 6 101 1 81 1 62 1 12 340207 680414
 7 90 1 66 1 65 1 11 338356 676712
 8 76 1 69 1 51 1 12 219451 438902
 74 2509805
 587 233 220 20933190 72594864
 8
 1 86 1 79 1 69 1 11 363533 727066
 2 53 1 46 1 31 1 16 50554 101108
 3 96 0 51 1 37 1 12 128900 257800
 4 119 0 55 1 54 1 16 270180 540360
 5 77 0 74 0 37 1 13 159971 319942
 6 96 0 73 0 24 1 13 144408 288816
 7 75 1 67 1 54 1 16 204655 409310
 8 88 1 71 1 61 1 17 295045 590090
 75 2509905
 587 233 220 20366439 148264368
 8
 1 101 0 81 0 24 1 18 121038 242076
 2 94 0 72 0 29 1 17 147777 295554
 3 79 1 72 1 47 1 25 203831 407662
 4 90 0 36 1 35 1 14 86253 172506
 5 68 1 51 1 40 1 18 119987 239974
 6 48 1 45 1 35 1 16 47879 95758
 7 108 1 84 1 69 1 14 466324 932648
 8 91 0 45 1 31 1 17 114062 228124
 76 2510005
 587 233 220 23170776 131742632
 8
 1 77 0 42 1 30 1 16 60713 121426
 2 98 0 45 1 28 1 16 83356 166712
 3 61 1 58 1 32 1 20 92601 185202
 4 92 1 77 1 61 1 11 307148 614296
 5 58 0 44 1 27 1 27 55337 110674
 6 108 0 72 1 50 1 17 282736 565472
 7 93 1 72 1 71 1 15 426513 853026
 8 111 0 49 1 30 1 22 132841 265682
 77 2510105
 587 233 220 26251205 80572786
 8
 1 73 0 73 0 36 1 28 167322 334644
 2 87 0 49 1 26 1 21 87043 174086
 3 68 1 53 1 44 1 34 138846 277692
 4 73 0 57 1 33 1 26 118244 236488
 5 65 1 49 1 47 1 26 103786 207572
 6 80 0 65 1 35 1 28 137446 274892
 7 72 0 35 1 26 1 24 54685 109370
 8 75 1 68 1 40 1 14 147787 295574
 78 2510205
 587 233 220 25401796 144137894
 8
 1 105 0 68 1 42 1 19 252925 505850
 2 75 0 37 1 24 1 24 43654 87308
 3 79 0 73 0 26 1 16 131897 263794
 4 95 0 53 1 38 1 17 115230 230460
 5 50 1 41 1 40 1 21 68925 137850
 6 80 1 59 1 52 1 19 156542 313084
 7 90 0 74 0 35 1 19 201568 403136
 8 87 1 60 1 60 1 20 228226 456452
 79 2510305
 587 233 220 19780055 131520932
 8
 1 64 1 48 1 46 1 31 115296 230592
 2 79 0 25 1 22 1 29 33051 66102
 3 89 0 85 0 33 1 26 177412 354824
 4 79 0 66 1 34 1 18 133554 267108
 5 79 0 54 1 31 1 22 102505 205010
 6 115 0 95 0 22 1 21 192733 385466
 7 76 1 54 1 44 1 24 144790 289580
 8 80 0 44 1 29 1 24 73252 146504
 80 2510405
 587 233 220 26521185 81055105
 8
 1 78 1 59 1 54 1 13 166353 332706
 2 120 0 52 0 20 1 12 87803 175606
 3 100 1 67 1 54 1 18 301842 603684
 4 91 0 59 1 37 1 14 151686 303372
 5 112 0 57 1 56 1 18 295642 591284
 6 88 0 46 1 34 1 12 115124 230248
 7 108 0 78 1 53 1 13 377959 755918
 8 100 0 48 1 29 1 14 92376 184752
 81 2510505
 587 233 220 20352582 123615211
 8
 1 110 0 60 1 55 1 9 234604 469208
 2 80 1 78 1 71 1 5 346421 692842
 3 110 0 75 1 50 1 16 257969 515938
 4 100 0 72 1 40 1 11 257332 514664
 5 103 0 60 1 32 1 11 164987 329974
 6 70 1 60 1 49 1 7 158367 316734
 7 80 1 72 1 62 1 6 216114 432228
 8 120 1 74 1 67 1 15 466819 933638
 82 2510605
 587 233 220 23028654 103068419
 8
 1 65 1 51 1 50 1 22 136548 273096
 2 113 0 78 0 28 1 14 195460 390920
 3 120 0 35 1 32 1 22 94346 188692
 4 71 0 53 0 20 1 22 59463 118926
 5 94 1 70 1 64 1 23 349638 699276
 6 64 0 33 1 32 1 23 45145 90290
 7 71 0 35 1 21 1 25 38602 77204
 8 85 1 59 1 49 1 23 206382 412764
 83 2510705
 587 233 220 18180851 124680470
 8
 1 83 1 71 1 46 1 22 193941 387882
 2 76 1 63 1 54 1 14 163179 326358
 3 91 0 56 1 40 1 17 159404 318808
 4 61 1 42 1 34 1 21 73828 147656
 5 84 1 67 1 47 1 19 161916 323832
 6 95 1 79 1 57 1 14 266236 532472
 7 90 0 80 0 23 1 17 132886 265772
 8 69 0 43 1 28 1 16 67620 135240
 84 2510805
 587 233 220 21210405 121501259
 8
 1 114 0 77 1 42 1 16 304231 608462
 2 105 1 81 1 74 1 17 411058 822116
 3 76 1 73 1 50 1 13 235650 471300
 4 104 0 91 0 41 1 12 283813 567626
 5 75 0 70 0 23 1 17 93918 187836
 6 93 0 67 0 20 1 4 94391 188782
 7 89 0 54 0 25 1 8 74973 149946
 8 89 0 46 1 28 1 14 102756 205512
 85 2510905
 587 233 220 18067975 126566213
 8
 1 55 0 37 1 22 1 23 36385 72770
 2 72 0 55 1 31 1 14 93938 187876
 3 61 1 56 1 36 1 20 108087 216174
 4 76 0 72 0 22 1 19 86187 172374
 5 74 1 66 1 61 1 20 214836 429672
 6 43 1 39 1 32 1 11 44055 88110
 7 108 0 98 0 27 1 18 222589 445178
 8 109 1 73 1 65 1 21 372804 745608
 86 2511005
 587 233 220 19814260 105808006
 8
 1 87 0 33 1 28 1 20 53350 106700
 2 97 1 70 1 57 1 22 330762 661524
 3 71 1 57 1 38 1 20 92287 184574
 4 63 1 53 1 47 1 17 127261 254522
 5 77 0 56 1 37 1 18 112834 225668
 6 102 0 67 1 47 1 21 215329 430658
 7 72 0 31 1 29 1 20 53408 106816
 8 84 0 58 1 38 1 17 158174 316348
 87 2511105
 587 233 220 22047510 99621037
 8
 1 119 0 34 1 28 1 15 74814 149628
 2 84 1 69 1 48 1 19 229441 458882
 3 97 1 82 1 78 1 20 375579 751158
 4 109 0 43 1 33 1 13 108464 216928
 5 80 1 75 1 47 1 19 173051 346102
 6 74 0 62 0 30 1 11 86966 173932
 7 40 1 35 1 31 1 12 34754 69508
 8 58 0 43 1 26 1 17 39758 79516
 88 2511205
 587 233 220 27076948 88249108
 8
 1 100 0 60 1 40 1 14 193087 386174
 2 89 0 67 1 34 1 26 158004 316008
 3 92 0 80 0 38 1 16 250573 501146
 4 90 0 81 0 24 1 29 138241 276482
 5 84 0 52 1 38 1 18 145737 291474
 6 77 1 54 1 46 1 20 153946 307892
 7 90 0 49 1 33 1 16 116558 233116
 8 78 0 45 1 27 1 28 73483 146966
 89 2511305
 587 233 220 19454882 88200050
 8
 1 95 0 92 0 46 1 11 271493 542986
 2 65 1 60 1 40 1 12 114916 229832
 3 103 1 62 1 59 1 13 322350 644700
 4 71 1 65 1 52 1 13 189152 378304
 5 119 0 87 0 28 1 13 209613 419226
 6 109 1 92 1 78 1 9 482206 964412
 7 58 1 54 1 35 1 11 67930 135860
 8 98 1 73 1 64 1 8 294506 589012
 90 2511405
 587 233 220 26525820 164045095
 8
 1 91 0 52 1 33 1 13 123850 247700
 2 87 1 81 1 63 1 11 330240 660480
 3 113 0 79 1 45 1 9 326298 652596
 4 114 0 52 1 45 1 6 207006 414012
 5 110 1 90 1 66 1 13 585657 1171314
 6 81 0 41 1 31 1 12 87267 174534
 7 108 0 67 1 37 1 10 199797 399594
 8 118 0 82 1 57 1 10 491776 983552
 91 2511505
 587 233 220 22238030 116272688
 8
 1 86 1 65 1 57 1 18 205908 411816
 2 61 1 37 1 32 1 17 49393 98786
 3 39 1 33 1 27 1 16 21747 43494
 4 85 0 33 1 26 1 26 55181 110362
 5 101 0 94 0 42 1 20 283558 567116
 6 65 1 53 1 46 1 29 126997 253994
 7 76 1 72 1 39 1 31 175361 350722
 8 47 1 42 1 25 1 26 40630 81260
 92 2511605
 587 233 220 24298727 108799441
 8
 1 96 1 82 1 63 1 11 329309 658618
 2 74 1 63 1 59 1 14 235731 471462
 3 86 0 60 1 43 1 11 147561 295122
 4 90 1 67 1 57 1 20 236751 473502
 5 97 1 91 1 80 1 10 463693 927386
 6 116 0 61 0 28 1 8 141428 282856
 7 86 0 41 1 35 1 13 84360 168720
 8 67 0 44 1 26 1 10 49504 99008
 93 2511705
 587 233 220 21725516 117482777
 8
 1 78 0 69 1 37 1 9 123063 246126
 2 115 1 90 1 58 1 9 379907 759814
 3 68 0 53 0 20 1 10 53585 107170
 4 119 0 71 1 47 1 9 324871 649742
 5 100 1 82 1 57 1 11 299787 599574
 6 88 1 76 1 52 1 14 277763 555526
 7 95 0 90 0 43 1 10 325333 650666
 8 87 1 72 1 62 1 12 255411 510822
 94 2511805
 587 233 220 23884109 136549943
 8
 1 75 1 73 1 69 1 17 335084 670168
 2 66 1 56 1 40 1 27 110590 221180
 3 64 1 51 1 41 1 23 105818 211636
 4 90 0 52 1 28 1 26 87672 175344
 5 73 0 33 1 28 1 17 45349 90698
 6 91 1 76 1 60 1 15 281188 562376
 7 54 1 45 1 28 1 20 47070 94140
 8 107 1 81 1 56 1 9 373518 747036
 95 2511905
 587 233 220 26962713 118351810
 8
 1 101 0 69 0 20 1 18 115247 230494
 2 108 0 66 1 54 1 22 272855 545710
 3 74 0 62 1 33 1 26 115313 230626
 4 69 0 61 1 33 1 25 100130 200260
 5 71 0 64 0 31 1 21 85415 170830
 6 38 1 32 1 30 1 17 31788 63576
 7 108 0 47 1 37 1 21 148828 297656
 8 100 0 41 1 36 1 28 117451 234902
 96 2512005
 587 233 220 26083272 189053535
 8
 1 64 0 42 1 26 1 28 56091 112182
 2 92 1 58 1 52 1 22 169181 338362
 3 92 0 85 0 21 1 24 142186 284372
 4 90 0 49 1 33 1 21 123150 246300
 5 54 1 48 1 34 1 22 55131 110262
 6 95 0 62 1 45 1 30 198336 396672
 7 72 1 49 1 46 1 21 128516 257032
 8 56 0 42 1 25 1 29 46254 92508
 97 2512105
 587 233 220 20512153 68031604
 8
 1 74 0 60 1 32 1 19 93566 187132
 2 100 0 50 1 43 1 19 188547 377094
 3 95 0 74 1 42 1 25 247995 495990
 4 95 0 70 0 30 1 21 122180 244360
 5 45 1 37 1 24 1 22 31078 62156
 6 67 0 60 0 25 1 19 86807 173614
 7 55 1 51 1 35 1 20 84448 168896
 8 76 1 71 1 61 1 21 239467 478934
 98 2512205
 587 233 220 20726348 111577481
 8
 1 106 0 55 1 38 1 22 178105 356210
 2 69 1 50 1 48 1 17 120687 241374
 3 106 1 63 1 57 1 19 265210 530420
 4 71 1 66 1 51 1 10 153729 307458
 5 62 1 41 1 36 1 14 74558 149116
 6 75 1 49 1 39 1 17 120966 241932
 7 90 1 64 1 53 1 16 208929 417858
 8 96 1 79 1 55 1 10 323976 647952
 99 2512305
 587 233 220 20250843 105774555
 8
 1 51 1 46 1 44 1 25 87031 174062
 2 95 0 92 1 47 1 19 335985 671970
 3 116 0 39 1 23 1 9 91778 183556
 4 51 1 37 1 32 1 13 44284 88568
 5 117 0 44 1 38 1 13 159112 318224
 6 103 1 89 1 73 1 12 515976 1031952
 7 73 1 55 1 54 1 7 158815 317630
 8 116 0 98 0 40 1 12 394219 788438
 100 2512405
 587 233 220 24024851 83184444
 8
 1 78 1 49 1 47 1 11 140951 281902
 2 46 1 45 1 43 1 16 68186 136372
 3 98 0 44 1 36 1 16 134460 268920
 4 100 0 89 0 31 1 18 210049 420098
 5 108 0 76 1 47 1 22 233363 466726
 6 75 0 36 1 28 1 21 66193 132386
 7 108 1 82 1 56 1 17 372755 745510
 8 45 1 41 1 24 1 16 36107 72214
