100
 1 2502505
 587 233 220 19703406 156116823
 10
 1 108 0 76 0 30 1 20 160327 320654
 2 110 0 43 1 25 1 11 98988 197976
 3 92 1 81 1 55 1 9 368203 736406
 4 81 0 33 1 28 1 9 47553 95106
 5 120 1 99 1 73 1 9 656878 1313756
 6 111 0 70 1 48 1 13 287345 574690
 7 98 0 72 1 46 1 4 229710 459420
 8 95 0 66 0 31 1 12 122906 245812
 9 85 0 84 0 30 1 9 188131 376262
 10 71 0 32 1 25 1 10 40541 81082
 2 2502605
 587 233 220 25822234 162545877
 10
 1 49 0 25 1 21 1 13 15513 31026
 2 60 1 51 1 41 1 9 82777 165554
 3 103 1 76 1 64 1 11 307062 614124
 4 95 1 70 1 62 1 14 255440 510880
 5 111 0 49 1 26 1 13 113392 226784
 6 85 1 84 1 72 1 16 388756 777512
 7 48 1 36 1 31 1 12 39155 78310
 8 86 0 76 0 38 1 11 215996 431992
 9 71 1 48 1 47 1 16 120547 241094
 10 90 0 43 1 33 1 8 89010 178020
 3 2502705
 587 233 220 26747223 74026879
 10
 1 97 0 81 0 27 1 8 186813 373626
 2 102 0 78 0 39 1 16 210499 420998
 3 113 0 46 1 36 1 12 126534 253068
 4 66 1 50 1 42 1 12 93718 187436
 5 101 0 30 1 26 1 18 63367 126734
 6 100 0 56 1 35 1 13 161718 323436
 7 91 0 50 1 40 1 14 131865 263730
 8 106 1 61 1 56 1 17 321572 643144
 9 103 1 63 1 58 1 12 295598 591196
 10 75 1 57 1 41 1 13 137385 274770
 4 2502805
 587 233 220 18407540 133287632
 10
 1 113 0 92 0 33 1 15 252320 504640
 2 52 1 37 1 28 1 17 46760 93520
 3 57 1 33 1 29 1 17 34729 69458
 4 99 0 37 1 30 1 19 80922 161844
 5 92 0 64 1 33 1 13 164456 328912
 6 119 0 59 1 39 1 19 232380 464760
 7 54 1 52 1 49 1 13 118718 237436
 8 75 0 45 1 35 1 21 77284 154568
 9 79 1 68 1 44 1 13 194712 389424
 10 116 0 49 1 47 1 22 202150 404300
 5 2502905
 587 233 220 20777754 149444566
 10
 1 88 0 54 1 39 1 12 122549 245098
 2 94 0 54 1 36 1 12 117014 234028
 3 87 0 77 1 43 1 17 220776 441552
 4 100 1 80 1 72 1 15 358425 716850
 5 83 0 40 1 36 1 18 104741 209482
 6 91 0 54 0 22 1 7 78083 156166
 7 109 0 58 1 54 1 10 244964 489928
 8 94 0 55 1 30 1 13 94976 189952
 9 34 1 32 1 31 1 18 20615 41230
 10 83 1 80 1 57 1 8 306095 612190
 6 2503005
 587 233 220 21150703 113487174
 10
 1 86 1 84 1 45 1 18 249453 498906
 2 81 0 45 1 34 1 19 81437 162874
 3 70 1 54 1 37 1 13 91899 183798
 4 71 1 61 1 52 1 16 193902 387804
 5 78 1 73 1 40 1 10 147770 295540
 6 69 1 63 1 46 1 13 144463 288926
 7 72 1 67 1 56 1 10 184500 369000
 8 75 0 75 0 36 1 8 131351 262702
 9 94 1 88 1 50 1 12 281566 563132
 10 65 1 51 1 50 1 13 122260 244520
 7 2503105
 587 233 220 23089801 62462418
 10
 1 118 0 79 1 51 1 16 287957 575914
 2 86 0 32 1 31 1 8 60808 121616
 3 64 1 58 1 52 1 14 131426 262852
 4 42 1 42 1 32 1 14 39436 78872
 5 64 1 55 1 43 1 16 112080 224160
 6 84 0 70 0 35 1 10 159569 319138
 7 76 0 57 1 36 1 14 140266 280532
 8 95 1 60 1 55 1 14 239095 478190
 9 80 1 66 1 52 1 14 221329 442658
 10 109 0 73 0 23 1 18 146527 293054
 8 2503205
 587 233 220 26918873 138810845
 10
 1 75 1 58 1 57 1 8 163165 326330
 2 57 1 37 1 30 1 11 42688 85376
 3 79 0 74 0 35 1 14 154602 309204
 4 104 1 99 1 74 1 8 683126 1366252
 5 55 1 46 1 31 1 11 61088 122176
 6 99 0 98 0 33 1 15 228288 456576
 7 90 1 85 1 59 1 9 316991 633982
 8 115 0 74 1 44 1 7 297309 594618
 9 107 0 67 0 21 1 11 118427 236854
 10 81 1 76 1 55 1 13 294961 589922
 9 2503305
 587 233 220 23798122 184707602
 10
 1 90 1 70 1 63 1 4 313136 626272
 2 84 0 78 0 28 1 15 123989 247978
 3 94 0 85 0 39 1 16 187337 374674
 4 80 1 76 1 54 1 16 235945 471890
 5 69 1 50 1 45 1 10 116383 232766
 6 70 1 57 1 37 1 17 131838 263676
 7 94 1 61 1 54 1 15 217377 434754
 8 92 0 44 1 29 1 20 80532 161064
 9 72 1 53 1 37 1 13 115600 231200
 10 89 0 43 1 27 1 23 81716 163432
 10 2503405
 587 233 220 21440061 144042650
 10
 1 68 0 66 0 31 1 11 90438 180876
 2 120 0 34 1 26 1 14 71549 143098
 3 95 1 76 1 60 1 17 322447 644894
 4 61 1 47 1 34 1 12 76986 153972
 5 53 1 45 1 36 1 11 70766 141532
 6 80 1 52 1 42 1 12 135650 271300
 7 109 0 63 0 28 1 11 138325 276650
 8 74 0 64 1 35 1 12 105622 211244
 9 53 1 40 1 36 1 16 55576 111152
 10 102 1 96 1 59 1 17 490305 980610
 11 2503505
 587 233 220 23360592 96188560
 10
 1 74 1 63 1 61 1 13 228153 456306
 2 71 0 60 0 25 1 12 67239 134478
 3 106 1 80 1 59 1 11 398223 796446
 4 109 0 76 1 42 1 6 300715 601430
 5 118 0 56 0 22 1 15 123510 247020
 6 105 0 67 1 43 1 17 215448 430896
 7 72 1 65 1 37 1 14 126440 252880
 8 84 1 59 1 54 1 19 234006 468012
 9 91 0 69 0 26 1 13 108650 217300
 10 69 0 31 1 28 1 6 38215 76430
 12 2503605
 587 233 220 23098856 165395760
 10
 1 95 1 80 1 57 1 8 280154 560308
 2 112 0 87 0 23 1 15 200123 400246
 3 116 0 41 1 40 1 12 168707 337414
 4 98 1 80 1 56 1 15 344860 689720
 5 108 1 60 1 59 1 8 235979 471958
 6 82 1 77 1 67 1 9 268029 536058
 7 67 1 46 1 36 1 8 71412 142824
 8 104 0 72 1 44 1 11 254578 509156
 9 89 0 56 0 24 1 17 89242 178484
 10 64 1 36 1 36 1 11 61886 123772
 13 2503705
 587 233 220 21631519 110107783
 10
 1 52 0 36 1 25 1 27 41016 82032
 2 63 0 37 1 21 1 13 39700 79400
 3 100 0 61 1 36 1 16 159557 319114
 4 79 0 52 1 36 1 18 102422 204844
 5 99 0 63 1 36 1 13 135551 271102
 6 97 0 49 1 30 1 12 125464 250928
 7 90 1 69 1 55 1 16 211890 423780
 8 91 0 33 1 28 1 14 61814 123628
 9 111 0 76 1 41 1 24 221465 442930
 10 95 0 44 1 35 1 16 95494 190988
 14 2503805
 587 233 220 18170620 71148721
 10
 1 68 0 48 1 31 1 10 88750 177500
 2 104 1 80 1 63 1 16 455174 910348
 3 82 0 46 0 21 1 8 51234 102468
 4 114 1 78 1 60 1 7 362214 724428
 5 90 1 74 1 66 1 11 287578 575156
 6 112 0 54 1 36 1 9 177910 355820
 7 71 1 64 1 54 1 8 150489 300978
 8 74 0 53 1 33 1 12 105643 211286
 9 75 1 62 1 57 1 12 178482 356964
 10 68 1 62 1 52 1 12 139600 279200
 15 2503905
 587 233 220 22249692 121185501
 10
 1 100 0 44 1 37 1 6 143155 286310
 2 90 1 78 1 55 1 10 239999 479998
 3 65 1 57 1 42 1 9 137218 274436
 4 85 0 58 1 41 1 9 177962 355924
 5 81 1 69 1 50 1 10 190658 381316
 6 84 1 78 1 51 1 12 239882 479764
 7 109 1 73 1 73 1 16 463734 927468
 8 73 1 58 1 52 1 9 140451 280902
 9 73 1 49 1 40 1 11 95691 191382
 10 120 0 60 1 39 1 8 181273 362546
 16 2504005
 587 233 220 18447023 147488888
 10
 1 43 1 40 1 39 1 16 44509 89018
 2 97 0 76 1 40 1 13 210154 420308
 3 67 1 63 1 47 1 11 172462 344924
 4 98 0 57 1 38 1 14 170413 340826
 5 73 0 71 0 27 1 9 85882 171764
 6 66 1 56 1 41 1 14 122764 245528
 7 82 1 75 1 72 1 13 342163 684326
 8 93 0 71 1 43 1 19 206828 413656
 9 95 0 35 1 28 1 21 72362 144724
 10 88 1 72 1 68 1 8 373779 747558
 17 2504105
 587 233 220 22434118 154574998
 10
 1 72 0 49 1 35 1 9 95909 191818
 2 75 1 66 1 47 1 11 153758 307516
 3 78 0 30 1 22 1 8 39277 78554
 4 119 1 79 1 79 1 9 479170 958340
 5 76 1 65 1 62 1 11 265118 530236
 6 119 1 81 1 65 1 14 422754 845508
 7 91 0 77 0 36 1 11 201509 403018
 8 113 0 89 0 27 1 4 236245 472490
 9 98 0 59 1 44 1 5 171227 342454
 10 76 1 55 1 43 1 9 155306 310612
 18 2504205
 587 233 220 22300702 67953464
 10
 1 104 0 55 1 30 1 9 117916 235832
 2 92 1 89 1 73 1 8 532260 1064520
 3 88 0 88 0 43 1 9 276988 553976
 4 90 1 60 1 60 1 7 269704 539408
 5 79 1 53 1 41 1 6 109784 219568
 6 96 0 91 0 28 1 5 146969 293938
 7 100 1 90 1 79 1 9 545124 1090248
 8 73 0 42 1 32 1 9 66232 132464
 9 115 1 85 1 60 1 7 380625 761250
 10 113 1 83 1 76 1 6 561460 1122920
 19 2504305
 587 233 220 24914667 76434533
 10
 1 60 0 45 1 26 1 15 54212 108424
 2 71 1 43 1 39 1 11 90679 181358
 3 99 1 71 1 64 1 11 323471 646942
 4 61 1 41 1 40 1 11 66248 132496
 5 83 1 79 1 43 1 10 240395 480790
 6 63 1 52 1 35 1 17 88467 176934
 7 54 0 33 1 20 1 13 23345 46690
 8 62 1 57 1 51 1 17 117993 235986
 9 79 1 76 1 71 1 19 290369 580738
 10 91 1 81 1 48 1 14 282778 565556
 20 2504405
 587 233 220 18623215 116451572
 10
 1 97 1 77 1 66 1 10 313889 627778
 2 81 1 69 1 69 1 21 233372 466744
 3 109 0 53 0 24 1 12 100586 201172
 4 98 0 33 1 20 1 15 50293 100586
 5 86 0 56 1 34 1 14 143813 287626
 6 76 0 50 1 35 1 12 110644 221288
 7 109 0 42 1 22 1 19 62938 125876
 8 82 1 69 1 42 1 6 153743 307486
 9 58 1 43 1 31 1 14 68585 137170
 10 99 0 80 1 48 1 16 301112 602224
 21 2504505
 587 233 220 25731139 101459485
 10
 1 109 1 93 1 72 1 6 489130 978260
 2 95 0 67 0 32 1 13 148900 297800
 3 119 0 45 1 36 1 13 115717 231434
 4 95 1 78 1 62 1 10 287036 574072
 5 116 0 89 0 32 1 13 203115 406230
 6 98 0 65 1 38 1 16 146832 293664
 7 72 0 51 0 24 1 8 64454 128908
 8 102 0 88 0 26 1 10 170679 341358
 9 99 0 47 1 44 1 10 134029 268058
 10 106 0 52 1 31 1 15 104261 208522
 22 2504605
 587 233 220 22481576 92596901
 10
 1 89 1 78 1 50 1 9 260721 521442
 2 73 1 65 1 46 1 10 151859 303718
 3 94 0 66 1 39 1 5 173792 347584
 4 66 1 59 1 42 1 11 144636 289272
 5 106 1 93 1 70 1 18 585741 1171482
 6 80 1 71 1 62 1 16 260641 521282
 7 60 0 36 1 26 1 7 39216 78432
 8 72 0 31 1 31 1 14 45474 90948
 9 63 0 63 0 31 1 16 102796 205592
 10 74 0 39 1 23 1 5 59184 118368
 23 2504705
 587 233 220 21955066 128736382
 10
 1 84 0 81 0 23 1 7 127992 255984
 2 115 1 72 1 64 1 19 387728 775456
 3 77 0 49 1 25 1 8 60348 120696
 4 40 1 37 1 22 1 7 19614 39228
 5 97 0 96 0 46 1 7 379568 759136
 6 95 0 43 1 25 1 8 66750 133500
 7 90 0 69 0 28 1 13 135700 271400
 8 56 1 51 1 49 1 8 121716 243432
 9 118 1 93 1 80 1 10 651932 1303864
 10 56 1 47 1 41 1 11 91680 183360
 24 2504805
 587 233 220 21196360 145095016
 10
 1 113 0 80 0 29 1 15 227954 455908
 2 98 1 65 1 62 1 10 306829 613658
 3 60 1 59 1 46 1 16 123869 247738
 4 100 1 97 1 64 1 5 557691 1115382
 5 99 0 88 0 23 1 15 157106 314212
 6 106 0 49 1 33 1 11 106715 213430
 7 78 0 54 1 30 1 17 97079 194158
 8 71 1 68 1 41 1 10 144348 288696
 9 83 0 80 0 35 1 22 163673 327346
 10 99 0 55 0 27 1 16 92165 184330
 25 2504905
 587 233 220 24693067 139476909
 10
 1 75 0 54 1 35 1 17 123910 247820
 2 107 0 60 1 49 1 17 191504 383008
 3 70 1 67 1 42 1 10 168299 336598
 4 78 1 71 1 44 1 13 182606 365212
 5 78 0 61 0 27 1 10 99542 199084
 6 78 1 73 1 48 1 15 228677 457354
 7 109 0 87 0 32 1 13 248671 497342
 8 91 0 87 0 25 1 14 121076 242152
 9 67 1 51 1 47 1 12 133344 266688
 10 67 1 63 1 60 1 12 214415 428830
 26 2505005
 587 233 220 22176062 64260554
 10
 1 86 0 71 1 41 1 18 162538 325076
 2 75 1 58 1 58 1 21 170197 340394
 3 100 0 81 0 27 1 15 156766 313532
 4 59 0 42 1 24 1 17 44007 88014
 5 69 0 37 1 30 1 18 49162 98324
 6 63 1 50 1 36 1 10 101929 203858
 7 96 0 72 0 34 1 15 172192 344384
 8 111 0 71 0 29 1 13 150058 300116
 9 102 1 67 1 53 1 16 276118 552236
 10 71 0 34 1 32 1 15 47679 95358
 27 2505105
 587 233 220 21072811 53181207
 10
 1 118 0 66 1 47 1 11 236846 473692
 2 99 0 56 0 25 1 15 101927 203854
 3 91 1 83 1 48 1 13 274257 548514
 4 104 0 66 1 40 1 9 238020 476040
 5 75 0 60 1 33 1 14 100012 200024
 6 113 1 78 1 60 1 13 388045 776090
 7 36 1 36 1 29 1 14 26214 52428
 8 56 1 48 1 40 1 8 69717 139434
 9 67 0 40 1 22 1 10 48611 97222
 10 92 1 78 1 64 1 12 282548 565096
 28 2505205
 587 233 220 24654268 149032266
 10
 1 62 1 59 1 52 1 23 140873 281746
 2 54 1 52 1 50 1 11 92311 184622
 3 102 1 69 1 65 1 9 371700 743400
 4 97 0 76 1 46 1 16 221448 442896
 5 52 1 50 1 37 1 20 70158 140316
 6 93 0 85 0 23 1 13 149414 298828
 7 90 0 38 1 38 1 25 94175 188350
 8 66 1 60 1 40 1 17 117831 235662
 9 38 1 31 1 26 1 21 26832 53664
 10 86 0 60 1 36 1 20 150137 300274
 29 2505305
 587 233 220 24194006 88972732
 10
 1 91 1 58 1 57 1 12 247380 494760
 2 92 1 78 1 53 1 13 257430 514860
 3 112 0 48 1 28 1 10 113062 226124
 4 78 0 47 1 26 1 11 68076 136152
 5 41 1 40 1 28 1 17 30752 61504
 6 57 1 47 1 32 1 12 64148 128296
 7 54 1 47 1 40 1 11 77928 155856
 8 85 0 80 0 25 1 18 103843 207686
 9 89 1 86 1 54 1 13 257336 514672
 10 118 1 94 1 68 1 10 579512 1159024
 30 2505405
 587 233 220 20521382 125650499
 10
 1 64 0 53 1 32 1 16 83605 167210
 2 51 1 42 1 28 1 14 44345 88690
 3 49 1 32 1 30 1 18 30256 60512
 4 109 1 68 1 59 1 17 266939 533878
 5 66 0 43 1 32 1 11 77470 154940
 6 120 0 71 1 47 1 16 241424 482848
 7 109 0 57 1 41 1 17 190275 380550
 8 100 0 70 0 28 1 16 145707 291414
 9 76 1 70 1 51 1 11 187654 375308
 10 85 0 40 1 26 1 15 68614 137228
 31 2505505
 587 233 220 23766642 108902906
 10
 1 70 1 63 1 49 1 15 165867 331734
 2 84 1 54 1 49 1 17 137197 274394
 3 89 0 70 1 42 1 11 192410 384820
 4 80 0 48 1 39 1 15 107595 215190
 5 114 0 47 1 42 1 16 170486 340972
 6 92 0 62 1 34 1 11 152504 305008
 7 72 1 66 1 43 1 18 154984 309968
 8 120 0 55 1 46 1 15 244307 488614
 9 106 0 62 0 25 1 13 110231 220462
 10 72 0 53 1 34 1 14 79004 158008
 32 2505605
 587 233 220 20053636 74193958
 10
 1 95 0 76 1 44 1 14 200458 400916
 2 81 0 47 1 34 1 20 101510 203020
 3 71 0 52 1 30 1 18 87822 175644
 4 96 0 52 1 28 1 11 101518 203036
 5 104 0 80 1 50 1 13 327025 654050
 6 77 1 64 1 57 1 19 216481 432962
 7 75 0 45 1 36 1 23 74444 148888
 8 65 1 49 1 39 1 15 82301 164602
 9 70 1 49 1 41 1 12 121242 242484
 10 111 0 44 1 42 1 11 136722 273444
 33 2505705
 587 233 220 19627397 143683716
 10
 1 40 1 36 1 21 1 12 24900 49800
 2 76 0 45 1 31 1 11 64325 128650
 3 63 1 54 1 51 1 14 116879 233758
 4 114 1 77 1 69 1 15 383548 767096
 5 95 1 57 1 53 1 15 250084 500168
 6 92 0 36 1 20 1 11 43444 86888
 7 90 1 84 1 47 1 17 255109 510218
 8 84 0 69 0 24 1 12 118044 236088
 9 57 1 35 1 35 1 14 47400 94800
 10 78 1 76 1 50 1 11 247078 494156
 34 2505805
 587 233 220 19608275 153404332
 10
 1 68 0 35 1 27 1 13 52318 104636
 2 118 0 57 1 43 1 9 214145 428290
 3 73 0 72 0 36 1 15 149878 299756
 4 85 1 58 1 50 1 14 213365 426730
 5 86 0 56 1 33 1 14 137413 274826
 6 99 0 44 1 31 1 9 93458 186916
 7 93 1 54 1 49 1 18 174474 348948
 8 89 0 69 0 26 1 14 121571 243142
 9 98 1 90 1 74 1 12 417348 834696
 10 58 1 48 1 46 1 18 81804 163608
 35 2505905
 587 233 220 21118091 101647560
 10
 1 100 0 33 1 31 1 8 90357 180714
 2 84 0 68 1 42 1 15 207782 415564
 3 95 0 84 0 31 1 15 194897 389794
 4 57 1 39 1 30 1 15 52393 104786
 5 76 1 71 1 60 1 22 221404 442808
 6 71 1 68 1 46 1 18 156080 312160
 7 109 0 51 1 26 1 16 115387 230774
 8 109 0 54 1 45 1 13 169262 338524
 9 84 0 55 1 29 1 15 113895 227790
 10 104 0 66 0 20 1 14 101095 202190
 36 2506005
 587 233 220 26203646 92568326
 10
 1 41 1 39 1 26 1 17 30470 60940
 2 110 0 40 1 34 1 13 130869 261738
 3 94 1 77 1 52 1 11 301969 603938
 4 119 1 96 1 71 1 9 530814 1061628
 5 67 1 63 1 47 1 20 153002 306004
 6 61 1 43 1 31 1 15 50265 100530
 7 72 0 53 1 35 1 12 91120 182240
 8 64 1 38 1 38 1 6 62931 125862
 9 110 0 71 1 45 1 13 245443 490886
 10 73 1 71 1 52 1 15 213987 427974
 37 2506105
 587 233 220 25028092 68930700
 10
 1 98 0 73 1 44 1 10 197647 395294
 2 60 1 60 1 38 1 17 105963 211926
 3 105 1 73 1 60 1 11 371175 742350
 4 90 1 77 1 52 1 15 232604 465208
 5 66 0 58 0 24 1 19 58419 116838
 6 106 1 76 1 55 1 13 357736 715472
 7 55 1 44 1 36 1 14 64035 128070
 8 82 0 58 0 23 1 12 85612 171224
 9 74 1 61 1 58 1 10 203605 407210
 10 81 0 39 1 24 1 15 61448 122896
 38 2506205
 587 233 220 22380632 158692159
 10
 1 104 0 94 1 50 1 8 373337 746674
 2 102 0 87 0 36 1 21 197479 394958
 3 115 0 42 1 33 1 9 118494 236988
 4 61 1 58 1 32 1 9 76523 153046
 5 70 1 62 1 48 1 16 185281 370562
 6 91 1 79 1 78 1 5 446319 892638
 7 90 1 57 1 53 1 10 201225 402450
 8 78 0 68 0 25 1 12 96202 192404
 9 77 1 44 1 39 1 16 115822 231644
 10 97 1 89 1 56 1 9 322272 644544
 39 2506305
 587 233 220 20522651 114237611
 10
 1 89 1 56 1 45 1 29 168918 337836
 2 53 1 37 1 34 1 23 45294 90588
 3 54 0 35 1 25 1 23 39098 78196
 4 73 0 39 1 33 1 27 73428 146856
 5 73 1 39 1 38 1 22 80909 161818
 6 50 1 42 1 29 1 14 46457 92914
 7 62 1 59 1 54 1 24 145858 291716
 8 98 0 53 1 44 1 20 197646 395292
 9 94 0 32 1 31 1 20 74457 148914
 10 97 0 64 0 28 1 23 122956 245912
 40 2506405
 587 233 220 23706236 64981826
 10
 1 85 1 77 1 62 1 8 343063 686126
 2 94 0 63 1 32 1 7 134504 269008
 3 83 1 75 1 45 1 9 221452 442904
 4 95 1 95 1 54 1 10 408355 816710
 5 76 0 76 0 30 1 16 139572 279144
 6 113 0 66 1 44 1 8 231049 462098
 7 108 1 71 1 61 1 10 303610 607220
 8 118 0 62 1 37 1 16 167000 334000
 9 93 1 58 1 48 1 13 231278 462556
 10 60 0 32 1 29 1 5 50015 100030
 41 2506505
 587 233 220 22674362 180807105
 10
 1 109 1 80 1 68 1 8 472065 944130
 2 90 0 45 1 31 1 14 78572 157144
 3 66 1 56 1 34 1 14 82670 165340
 4 76 0 66 1 34 1 9 149434 298868
 5 111 0 80 1 53 1 15 296803 593606
 6 86 0 59 0 29 1 14 116945 233890
 7 80 1 72 1 63 1 11 228863 457726
 8 81 0 47 0 22 1 8 52475 104950
 9 114 1 80 1 64 1 9 374231 748462
 10 90 0 37 1 32 1 11 92625 185250
 42 2506605
 587 233 220 24551376 170311053
 10
 1 76 1 74 1 50 1 17 176295 352590
 2 86 0 40 1 29 1 11 64311 128622
 3 66 1 55 1 48 1 10 139104 278208
 4 75 0 57 1 37 1 9 103846 207692
 5 102 0 83 0 29 1 10 162189 324378
 6 74 1 58 1 52 1 15 146267 292534
 7 89 0 65 1 36 1 16 149471 298942
 8 99 1 68 1 67 1 12 292400 584800
 9 80 1 78 1 66 1 12 268212 536424
 10 65 1 57 1 45 1 9 147724 295448
 43 2506705
 587 233 220 19518155 77302985
 10
 1 82 1 80 1 71 1 11 347089 694178
 2 66 0 37 1 27 1 4 55223 110446
 3 77 0 76 0 31 1 4 163154 326308
 4 100 0 56 1 38 1 8 143193 286386
 5 93 1 86 1 67 1 12 330472 660944
 6 89 0 76 0 30 1 6 153048 306096
 7 98 1 90 1 67 1 16 368962 737924
 8 87 0 52 1 42 1 11 162113 324226
 9 53 1 42 1 35 1 7 56792 113584
 10 116 0 53 1 36 1 11 189877 379754
 44 2506805
 587 233 220 21851067 118596423
 10
 1 114 0 67 0 25 1 20 132216 264432
 2 92 0 79 0 25 1 15 163120 326240
 3 89 0 87 0 36 1 19 221648 443296
 4 95 0 71 1 36 1 14 157575 315150
 5 90 0 83 1 43 1 12 260096 520192
 6 93 0 39 1 28 1 12 90264 180528
 7 69 0 54 1 31 1 16 93113 186226
 8 107 0 61 1 37 1 13 166686 333372
 9 98 0 52 1 40 1 8 161816 323632
 10 83 1 69 1 60 1 9 248341 496682
 45 2506905
 587 233 220 25471887 182855218
 10
 1 63 0 55 1 31 1 12 88597 177194
 2 120 0 43 1 23 1 12 102346 204692
 3 97 1 72 1 57 1 22 253670 507340
 4 77 1 76 1 42 1 22 177034 354068
 5 93 0 74 0 20 1 11 114257 228514
 6 65 1 63 1 43 1 16 142766 285532
 7 108 0 71 1 40 1 11 191138 382276
 8 79 0 36 1 21 1 14 37482 74964
 9 68 0 62 0 26 1 19 69089 138178
 10 68 1 50 1 40 1 19 112769 225538
 46 2507005
 587 233 220 19294001 118322723
 10
 1 86 0 58 1 36 1 8 128229 256458
 2 71 0 69 0 22 1 9 84419 168838
 3 108 0 78 1 54 1 12 369925 739850
 4 104 1 58 1 57 1 10 212877 425754
 5 96 1 65 1 58 1 13 301947 603894
 6 58 0 37 1 26 1 9 40019 80038
 7 73 1 72 1 49 1 5 173371 346742
 8 98 1 67 1 56 1 13 245549 491098
 9 117 0 89 0 23 1 11 152780 305560
 10 109 1 76 1 73 1 8 394028 788056
 47 2507105
 587 233 220 23109439 92106509
 10
 1 118 0 54 1 42 1 12 237892 475784
 2 112 0 95 0 20 1 14 180963 361926
 3 118 0 38 1 37 1 17 121908 243816
 4 76 0 38 1 38 1 13 91783 183566
 5 100 0 56 1 34 1 14 131722 263444
 6 100 0 73 1 50 1 17 251638 503276
 7 75 0 58 1 36 1 10 102486 204972
 8 76 1 51 1 41 1 16 141489 282978
 9 82 0 75 1 39 1 12 147793 295586
 10 84 1 76 1 44 1 13 239444 478888
 48 2507205
 587 233 220 21964177 111999527
 10
 1 59 1 49 1 48 1 5 112876 225752
 2 79 1 63 1 46 1 10 151489 302978
 3 95 0 58 1 38 1 10 147948 295896
 4 95 0 79 1 47 1 11 302609 605218
 5 72 0 46 1 27 1 11 56459 112918
 6 88 1 74 1 72 1 10 370296 740592
 7 90 1 77 1 67 1 16 372128 744256
 8 96 0 59 1 36 1 13 152782 305564
 9 62 1 55 1 46 1 13 101059 202118
 10 92 0 77 1 43 1 10 272177 544354
 49 2507305
 587 233 220 27050459 122193039
 10
 1 91 0 54 1 45 1 13 147439 294878
 2 105 1 77 1 72 1 8 389554 779108
 3 79 1 78 1 48 1 14 192914 385828
 4 109 1 76 1 59 1 5 434894 869788
 5 48 1 37 1 30 1 11 35877 71754
 6 44 1 37 1 27 1 12 32485 64970
 7 79 1 76 1 54 1 6 203230 406460
 8 116 0 78 0 20 1 12 123708 247416
 9 101 0 71 1 49 1 15 272657 545314
 10 102 0 100 0 49 1 10 323576 647152
 50 2507405
 587 233 220 22444352 69866289
 10
 1 60 1 40 1 32 1 13 50666 101332
 2 98 1 75 1 55 1 17 289719 579438
 3 60 1 59 1 39 1 27 104017 208034
 4 81 0 56 1 40 1 17 157795 315590
 5 119 0 34 1 25 1 9 64054 128108
 6 107 0 61 1 42 1 10 187516 375032
 7 108 0 85 0 20 1 19 120201 240402
 8 97 0 66 1 45 1 22 222382 444764
 9 66 0 35 1 26 1 17 43595 87190
 10 69 0 32 1 20 1 16 35028 70056
 51 2507505
 587 233 220 18492909 58361877
 10
 1 66 1 64 1 36 1 12 132032 264064
 2 97 1 73 1 49 1 19 294285 588570
 3 69 1 60 1 43 1 25 115884 231768
 4 52 0 37 1 20 1 16 24334 48668
 5 109 0 63 1 37 1 23 164432 328864
 6 79 0 57 0 24 1 21 81016 162032
 7 95 0 72 0 22 1 20 93271 186542
 8 65 1 50 1 39 1 16 108389 216778
 9 98 0 42 1 30 1 19 94498 188996
 10 53 1 40 1 36 1 13 67159 134318
 52 2507605
 587 233 220 26571739 172884577
 10
 1 96 0 72 0 31 1 12 189252 378504
 2 75 1 72 1 47 1 16 227349 454698
 3 80 0 25 1 20 1 17 32271 64542
 4 114 1 94 1 61 1 10 531331 1062662
 5 100 0 40 1 39 1 15 127221 254442
 6 72 1 51 1 48 1 13 130903 261806
 7 36 1 28 1 24 1 12 19400 38800
 8 85 0 58 1 35 1 18 120648 241296
 9 85 1 84 1 58 1 16 352874 705748
 10 95 0 48 0 24 1 14 93056 186112
 53 2507705
 587 233 220 18215001 70355285
 10
 1 78 0 37 1 27 1 11 65812 131624
 2 89 0 70 0 25 1 17 96504 193008
 3 90 0 84 0 41 1 8 206885 413770
 4 85 0 75 1 42 1 7 191854 383708
 5 91 0 77 1 44 1 7 249361 498722
 6 114 1 87 1 71 1 12 510718 1021436
 7 90 0 37 1 25 1 8 74237 148474
 8 105 1 80 1 77 1 9 439864 879728
 9 74 1 71 1 50 1 10 213429 426858
 10 62 1 57 1 55 1 12 125335 250670
 54 2507805
 587 233 220 19506308 97429932
 10
 1 99 0 68 0 23 1 23 118596 237192
 2 68 1 52 1 40 1 17 114831 229662
 3 101 1 66 1 61 1 20 325471 650942
 4 57 0 56 0 22 1 17 59689 119378
 5 81 1 54 1 47 1 19 125579 251158
 6 86 0 34 1 25 1 24 62323 124646
 7 54 0 46 1 27 1 11 57274 114548
 8 95 0 65 1 34 1 17 127138 254276
 9 105 0 57 1 29 1 10 147879 295758
 10 120 0 63 0 28 1 14 141835 283670
 55 2507905
 587 233 220 25462953 178943671
 10
 1 100 0 94 0 28 1 19 191924 383848
 2 81 1 78 1 66 1 13 277992 555984
 3 111 0 49 0 21 1 12 98716 197432
 4 119 0 63 1 37 1 20 227531 455062
 5 72 0 50 1 30 1 14 67855 135710
 6 58 1 58 1 40 1 12 100021 200042
 7 108 0 55 1 29 1 17 148903 297806
 8 54 1 49 1 38 1 15 66582 133164
 9 69 1 46 1 44 1 12 86415 172830
 10 88 1 71 1 61 1 9 291863 583726
 56 2508005
 587 233 220 19311909 70981736
 10
 1 90 0 41 1 34 1 34 99186 198372
 2 64 0 32 1 28 1 17 48345 96690
 3 42 1 31 1 31 1 19 33486 66972
 4 94 0 90 0 44 1 15 259181 518362
 5 68 1 63 1 53 1 24 163592 327184
 6 55 0 30 1 21 1 23 29943 59886
 7 72 0 64 0 31 1 16 110796 221592
 8 75 0 56 1 34 1 30 92594 185188
 9 62 0 34 1 31 1 31 56840 113680
 10 79 0 55 1 32 1 24 113659 227318
 57 2508105
 587 233 220 24472663 140921416
 10
 1 85 0 73 1 40 1 9 182569 365138
 2 73 1 62 1 54 1 7 214130 428260
 3 90 0 63 1 41 1 13 151217 302434
 4 75 0 61 0 24 1 15 84425 168850
 5 57 1 53 1 44 1 8 115822 231644
 6 93 0 70 1 45 1 9 239087 478174
 7 73 0 36 1 33 1 8 67346 134692
 8 95 1 80 1 75 1 7 392941 785882
 9 93 1 89 1 78 1 11 558509 1117018
 10 113 1 87 1 65 1 9 433959 867918
 58 2508205
 587 233 220 24385092 186635137
 10
 1 105 0 81 1 46 1 18 248931 497862
 2 115 1 81 1 61 1 9 377553 755106
 3 72 0 51 0 23 1 12 72926 145852
 4 65 1 56 1 33 1 10 74825 149650
 5 60 0 44 0 21 1 13 48935 97870
 6 85 1 69 1 65 1 7 299512 599024
 7 90 0 82 0 35 1 10 160670 321340
 8 115 1 94 1 64 1 8 579124 1158248
 9 80 0 53 1 33 1 9 89104 178208
 10 95 0 81 0 37 1 10 185383 370766
 59 2508305
 587 233 220 20114759 109700697
 10
 1 76 1 52 1 46 1 18 132022 264044
 2 66 0 59 1 31 1 26 84378 168756
 3 62 1 55 1 44 1 25 117608 235216
 4 95 0 46 1 36 1 12 137396 274792
 5 63 1 59 1 35 1 11 102743 205486
 6 100 0 37 1 32 1 23 98414 196828
 7 91 0 54 1 37 1 21 114571 229142
 8 49 1 44 1 36 1 26 60472 120944
 9 109 0 66 1 49 1 18 255269 510538
 10 69 0 48 1 27 1 19 80062 160124
 60 2508405
 587 233 220 26646361 100934062
 10
 1 78 1 72 1 58 1 14 213447 426894
 2 107 1 57 1 57 1 11 234126 468252
 3 72 1 64 1 37 1 19 104522 209044
 4 93 0 66 0 26 1 13 117207 234414
 5 116 0 67 1 35 1 13 206501 413002
 6 101 0 56 1 39 1 12 136396 272792
 7 108 0 100 0 39 1 11 340940 681880
 8 64 1 55 1 33 1 10 73445 146890
 9 73 1 65 1 53 1 10 182813 365626
 10 106 0 41 1 35 1 12 117077 234154
 61 2508505
 587 233 220 18146570 49940023
 10
 1 109 1 68 1 64 1 7 421343 842686
 2 84 1 58 1 55 1 7 231056 462112
 3 96 0 83 0 24 1 16 138624 277248
 4 74 0 67 1 37 1 14 132348 264696
 5 107 1 73 1 70 1 7 348778 697556
 6 80 1 73 1 54 1 13 258531 517062
 7 72 0 41 1 33 1 13 68561 137122
 8 84 1 79 1 74 1 10 388987 777974
 9 40 0 37 1 20 1 14 24189 48378
 10 74 1 73 1 42 1 20 187035 374070
 62 2508605
 587 233 220 20984683 78707970
 10
 1 70 1 63 1 50 1 14 166166 332332
 2 100 0 53 1 34 1 9 154024 308048
 3 93 0 78 1 45 1 11 254166 508332
 4 100 0 55 1 48 1 10 204512 409024
 5 98 1 73 1 50 1 13 274932 549864
 6 69 1 45 1 43 1 9 118323 236646
 7 43 1 42 1 36 1 15 53834 107668
 8 104 1 92 1 63 1 16 460020 920040
 9 93 0 36 1 26 1 11 55881 111762
 10 50 1 45 1 41 1 17 57651 115302
 63 2508705
 587 233 220 21946745 73737667
 10
 1 82 1 76 1 59 1 8 294913 589826
 2 60 1 51 1 50 1 14 94798 189596
 3 104 1 66 1 61 1 7 329456 658912
 4 71 0 36 1 28 1 7 46434 92868
 5 89 0 77 0 26 1 9 142172 284344
 6 108 1 84 1 66 1 15 397358 794716
 7 90 0 51 1 45 1 10 131163 262326
 8 48 1 35 1 33 1 9 46268 92536
 9 89 1 57 1 52 1 5 163246 326492
 10 99 1 77 1 58 1 16 341022 682044
 64 2508805
 587 233 220 23874187 70171936
 10
 1 114 0 54 0 20 1 16 96085 192170
 2 92 1 87 1 50 1 10 354860 709720
 3 114 0 43 1 26 1 10 85522 171044
 4 93 0 69 1 42 1 7 221088 442176
 5 80 1 79 1 64 1 19 259083 518166
 6 99 0 80 0 29 1 8 164014 328028
 7 60 1 54 1 47 1 12 121201 242402
 8 54 1 53 1 32 1 16 77406 154812
 9 113 1 75 1 68 1 10 505303 1010606
 10 67 1 66 1 49 1 10 160465 320930
 65 2508905
 587 233 220 21534830 127924271
 10
 1 55 0 50 1 26 1 8 52442 104884
 2 48 1 42 1 37 1 16 65132 130264
 3 47 1 34 1 26 1 17 36958 73916
 4 104 0 74 1 50 1 18 264736 529472
 5 83 0 70 1 40 1 17 144434 288868
 6 53 1 52 1 38 1 19 90311 180622
 7 108 0 69 1 49 1 11 264503 529006
 8 78 1 73 1 72 1 20 259130 518260
 9 77 0 62 0 24 1 15 94800 189600
 10 74 0 34 1 21 1 15 43718 87436
 66 2509005
 587 233 220 19159683 88681162
 10
 1 87 0 45 1 32 1 14 104667 209334
 2 84 1 63 1 46 1 11 185121 370242
 3 84 1 67 1 44 1 12 164379 328758
 4 76 0 55 1 30 1 11 92702 185404
 5 87 1 78 1 61 1 6 302269 604538
 6 115 0 77 1 53 1 11 347909 695818
 7 78 1 72 1 51 1 12 239655 479310
 8 93 1 91 1 62 1 10 314961 629922
 9 48 1 41 1 40 1 7 57124 114248
 10 92 1 82 1 53 1 11 356323 712646
 67 2509105
 587 233 220 18594398 118908468
 10
 1 119 0 41 1 38 1 14 135276 270552
 2 90 0 44 1 35 1 15 109267 218534
 3 67 0 55 0 27 1 7 74995 149990
 4 71 1 47 1 36 1 18 80654 161308
 5 90 1 55 1 51 1 17 218457 436914
 6 87 0 68 1 40 1 19 202981 405962
 7 87 0 53 1 36 1 17 135108 270216
 8 113 0 47 1 34 1 19 116380 232760
 9 97 0 56 1 35 1 25 160853 321706
 10 90 0 60 0 25 1 19 95022 190044
 68 2509205
 587 233 220 21501521 80920216
 10
 1 60 1 44 1 36 1 9 78154 156308
 2 76 1 42 1 40 1 8 79445 158890
 3 65 1 49 1 48 1 11 98289 196578
 4 109 0 92 1 51 1 10 324591 649182
 5 93 0 42 1 31 1 12 85377 170754
 6 83 1 64 1 59 1 7 278275 556550
 7 96 1 90 1 55 1 11 339149 678298
 8 52 1 42 1 31 1 15 51896 103792
 9 98 1 72 1 61 1 8 340643 681286
 10 118 0 98 1 57 1 12 410677 821354
 69 2509305
 587 233 220 21116347 152106362
 10
 1 91 0 50 1 32 1 20 95245 190490
 2 118 0 66 1 40 1 16 258799 517598
 3 75 0 69 0 32 1 12 130025 260050
 4 81 0 73 0 32 1 19 134722 269444
 5 97 0 69 0 33 1 16 187700 375400
 6 97 0 31 1 27 1 17 69727 139454
 7 57 1 54 1 29 1 11 61982 123964
 8 77 1 71 1 62 1 16 256454 512908
 9 116 0 84 0 27 1 16 214912 429824
 10 85 0 30 1 29 1 14 47550 95100
 70 2509405
 587 233 220 27059695 164228058
 10
 1 56 0 32 1 28 1 9 37138 74276
 2 92 0 68 1 39 1 11 159929 319858
 3 90 0 86 0 29 1 9 155406 310812
 4 73 1 54 1 52 1 17 163171 326342
 5 114 0 100 0 45 1 17 387163 774326
 6 94 0 51 1 36 1 14 126206 252412
 7 108 0 59 1 38 1 13 188038 376076
 8 89 1 82 1 61 1 7 390600 781200
 9 81 1 71 1 43 1 12 213727 427454
 10 61 1 53 1 37 1 8 74501 149002
 71 2509505
 587 233 220 19306578 60523073
 10
 1 99 1 64 1 62 1 20 269840 539680
 2 110 0 43 1 37 1 16 112242 224484
 3 96 1 73 1 50 1 9 264083 528166
 4 114 0 53 1 35 1 10 171345 342690
 5 105 0 27 1 22 1 12 44910 89820
 6 75 1 66 1 51 1 14 183830 367660
 7 72 1 61 1 48 1 17 152440 304880
 8 102 0 46 1 32 1 12 107395 214790
 9 59 1 57 1 45 1 12 95298 190596
 10 111 0 45 1 33 1 16 109064 218128
 72 2509605
 587 233 220 23278967 142222806
 10
 1 96 1 95 1 68 1 10 528616 1057232
 2 69 1 61 1 35 1 12 123293 246586
 3 107 1 70 1 55 1 10 293627 587254
 4 92 0 85 0 34 1 11 171172 342344
 5 96 0 60 1 31 1 12 129840 259680
 6 66 1 38 1 38 1 17 63654 127308
 7 63 1 57 1 36 1 12 115647 231294
 8 51 1 31 1 31 1 15 33166 66332
 9 100 0 75 1 44 1 14 290434 580868
 10 78 1 66 1 53 1 16 176876 353752
 73 2509705
 587 233 220 18801767 49218236
 10
 1 90 0 73 1 37 1 9 178246 356492
 2 102 0 95 0 33 1 15 282901 565802
 3 117 0 38 1 30 1 10 107902 215804
 4 75 1 73 1 57 1 13 257859 515718
 5 86 0 36 1 34 1 12 93354 186708
 6 101 1 81 1 62 1 14 325654 651308
 7 90 1 66 1 65 1 9 322268 644536
 8 76 1 69 1 51 1 15 199648 399296
 9 65 0 30 1 30 1 8 38859 77718
 10 61 1 46 1 37 1 12 85620 171240
 74 2509805
 587 233 220 19436785 135878076
 10
 1 86 1 79 1 69 1 8 313349 626698
 2 53 1 46 1 31 1 7 59078 118156
 3 96 0 51 1 37 1 9 158697 317394
 4 119 0 55 1 54 1 11 296088 592176
 5 77 0 74 0 37 1 9 132793 265586
 6 96 0 73 0 24 1 7 117186 234372
 7 75 1 67 1 54 1 12 227509 455018
 8 88 1 71 1 61 1 5 320732 641464
 9 120 0 93 0 46 1 14 386593 773186
 10 104 1 70 1 69 1 9 414849 829698
 75 2509905
 587 233 220 24123679 124212970
 10
 1 101 0 81 0 24 1 14 166016 332032
 2 94 0 72 0 29 1 16 132412 264824
 3 79 1 72 1 47 1 18 225407 450814
 4 90 0 36 1 35 1 18 76780 153560
 5 68 1 51 1 40 1 11 101102 202204
 6 48 1 45 1 35 1 17 49084 98168
 7 108 1 84 1 69 1 6 522426 1044852
 8 91 0 45 1 31 1 20 85802 171604
 9 84 1 80 1 62 1 10 292916 585832
 10 77 1 71 1 41 1 18 157829 315658
 76 2510005
 587 233 220 18772244 90071470
 10
 1 77 0 42 1 30 1 13 61187 122374
 2 98 0 45 1 28 1 8 80883 161766
 3 61 1 58 1 32 1 11 97042 194084
 4 92 1 77 1 61 1 15 264822 529644
 5 58 0 44 1 27 1 8 48886 97772
 6 108 0 72 1 50 1 15 252239 504478
 7 93 1 72 1 71 1 12 331303 662606
 8 111 0 49 1 30 1 14 114998 229996
 9 79 1 66 1 49 1 9 199920 399840
 10 85 0 74 1 39 1 13 185450 370900
 77 2510105
 587 233 220 26993209 71727476
 10
 1 73 0 73 0 36 1 24 145243 290486
 2 87 0 49 1 26 1 13 93742 187484
 3 68 1 53 1 44 1 20 120474 240948
 4 73 0 57 1 33 1 23 82499 164998
 5 65 1 49 1 47 1 18 90837 181674
 6 80 0 65 1 35 1 22 126735 253470
 7 72 0 35 1 26 1 18 54929 109858
 8 75 1 68 1 40 1 18 141812 283624
 9 104 0 53 1 34 1 16 150102 300204
 10 97 0 93 0 45 1 7 322414 644828
 78 2510205
 587 233 220 19519324 62990654
 10
 1 105 0 68 1 42 1 15 240441 480882
 2 75 0 37 1 24 1 20 50234 100468
 3 79 0 73 0 26 1 20 90296 180592
 4 95 0 53 1 38 1 13 128375 256750
 5 50 1 41 1 40 1 10 73611 147222
 6 80 1 59 1 52 1 19 212717 425434
 7 90 0 74 0 35 1 19 156368 312736
 8 87 1 60 1 60 1 14 228888 457776
 9 68 1 50 1 39 1 15 110822 221644
 10 78 0 64 0 25 1 19 111655 223310
 79 2510305
 587 233 220 22255342 162865202
 10
 1 64 1 48 1 46 1 21 125266 250532
 2 79 0 25 1 22 1 30 37558 75116
 3 89 0 85 0 33 1 22 160189 320378
 4 79 0 66 1 34 1 27 108498 216996
 5 79 0 54 1 31 1 16 90262 180524
 6 115 0 95 0 22 1 24 185961 371922
 7 76 1 54 1 44 1 20 146472 292944
 8 80 0 44 1 29 1 18 71232 142464
 9 66 0 33 1 26 1 19 50439 100878
 10 50 1 32 1 32 1 20 32128 64256
 80 2510405
 587 233 220 18984624 60618020
 10
 1 78 1 59 1 54 1 13 212835 425670
 2 120 0 52 0 20 1 12 105080 210160
 3 100 1 67 1 54 1 10 224326 448652
 4 91 0 59 1 37 1 19 171455 342910
 5 112 0 57 1 56 1 16 227013 454026
 6 88 0 46 1 34 1 16 116911 233822
 7 108 0 78 1 53 1 13 353130 706260
 8 100 0 48 1 29 1 9 108424 216848
 9 89 0 88 0 21 1 12 131572 263144
 10 90 0 40 1 21 1 12 56990 113980
 81 2510505
 587 233 220 23987472 93494403
 10
 1 110 0 60 1 55 1 9 249551 499102
 2 80 1 78 1 71 1 7 310337 620674
 3 110 0 75 1 50 1 10 300449 600898
 4 100 0 72 1 40 1 10 227277 454554
 5 103 0 60 1 32 1 12 133457 266914
 6 70 1 60 1 49 1 14 151062 302124
 7 80 1 72 1 62 1 10 256966 513932
 8 120 1 74 1 67 1 7 455773 911546
 9 75 0 52 1 37 1 8 112184 224368
 10 57 1 54 1 48 1 17 121847 243694
 82 2510605
 587 233 220 26565511 68696770
 10
 1 65 1 51 1 50 1 17 143521 287042
 2 113 0 78 0 28 1 14 205107 410214
 3 120 0 35 1 32 1 14 118402 236804
 4 71 0 53 0 20 1 13 52090 104180
 5 94 1 70 1 64 1 16 372621 745242
 6 64 0 33 1 32 1 14 47302 94604
 7 71 0 35 1 21 1 17 33058 66116
 8 85 1 59 1 49 1 18 214139 428278
 9 108 0 62 1 53 1 14 280578 561156
 10 116 0 56 0 25 1 16 111659 223318
 83 2510705
 587 233 220 24008057 91032325
 10
 1 83 1 71 1 46 1 15 240165 480330
 2 76 1 63 1 54 1 15 157326 314652
 3 91 0 56 1 40 1 15 162259 324518
 4 61 1 42 1 34 1 11 63859 127718
 5 84 1 67 1 47 1 14 171537 343074
 6 95 1 79 1 57 1 11 265073 530146
 7 90 0 80 0 23 1 11 133739 267478
 8 69 0 43 1 28 1 9 60544 121088
 9 72 1 69 1 48 1 17 208934 417868
 10 83 1 64 1 58 1 10 217427 434854
 84 2510805
 587 233 220 18845212 60181651
 10
 1 114 0 77 1 42 1 11 260455 520910
 2 105 1 81 1 74 1 14 520197 1040394
 3 76 1 73 1 50 1 17 241119 482238
 4 104 0 91 0 41 1 13 286787 573574
 5 75 0 70 0 23 1 15 106352 212704
 6 93 0 67 0 20 1 16 89882 179764
 7 89 0 54 0 25 1 8 105780 211560
 8 89 0 46 1 28 1 10 98464 196928
 9 36 1 35 1 24 1 13 24451 48902
 10 72 0 50 1 29 1 8 64697 129394
 85 2510905
 587 233 220 19533480 99553703
 10
 1 55 0 37 1 22 1 17 39204 78408
 2 72 0 55 1 31 1 9 84526 169052
 3 61 1 56 1 36 1 14 92926 185852
 4 76 0 72 0 22 1 9 77481 154962
 5 74 1 66 1 61 1 14 211723 423446
 6 43 1 39 1 32 1 13 33458 66916
 7 108 0 98 0 27 1 12 193721 387442
 8 109 1 73 1 65 1 11 360722 721444
 9 97 0 92 0 40 1 9 251278 502556
 10 109 1 80 1 62 1 15 449261 898522
 86 2511005
 587 233 220 20590499 96708433
 10
 1 87 0 33 1 28 1 17 69023 138046
 2 97 1 70 1 57 1 16 261483 522966
 3 71 1 57 1 38 1 16 115329 230658
 4 63 1 53 1 47 1 15 130433 260866
 5 77 0 56 1 37 1 14 100011 200022
 6 102 0 67 1 47 1 13 199045 398090
 7 72 0 31 1 29 1 16 49841 99682
 8 84 0 58 1 38 1 16 160611 321222
 9 84 1 57 1 56 1 17 172520 345040
 10 88 0 76 0 33 1 12 196190 392380
 87 2511105
 587 233 220 22517099 126474834
 10
 1 119 0 34 1 28 1 12 68341 136682
 2 84 1 69 1 48 1 13 201223 402446
 3 97 1 82 1 78 1 14 476390 952780
 4 109 0 43 1 33 1 9 112358 224716
 5 80 1 75 1 47 1 10 217990 435980
 6 74 0 62 0 30 1 13 105616 211232
 7 40 1 35 1 31 1 14 35576 71152
 8 58 0 43 1 26 1 3 43968 87936
 9 111 1 73 1 71 1 12 354628 709256
 10 95 0 66 1 43 1 8 167575 335150
 88 2511205
 587 233 220 21484088 101069133
 10
 1 100 0 60 1 40 1 11 161240 322480
 2 89 0 67 1 34 1 21 166123 332246
 3 92 0 80 0 38 1 18 224117 448234
 4 90 0 81 0 24 1 18 123031 246062
 5 84 0 52 1 38 1 22 101528 203056
 6 77 1 54 1 46 1 13 166868 333736
 7 90 0 49 1 33 1 20 122619 245238
 8 78 0 45 1 27 1 15 60174 120348
 9 76 0 57 0 28 1 16 103579 207158
 10 102 0 38 1 27 1 24 84633 169266
 89 2511305
 587 233 220 24878811 103119041
 10
 1 95 0 92 0 46 1 7 289412 578824
 2 65 1 60 1 40 1 11 93994 187988
 3 103 1 62 1 59 1 10 247562 495124
 4 71 1 65 1 52 1 6 182614 365228
 5 119 0 87 0 28 1 12 195257 390514
 6 109 1 92 1 78 1 13 517267 1034534
 7 58 1 54 1 35 1 7 76712 153424
 8 98 1 73 1 64 1 7 339367 678734
 9 44 1 44 1 40 1 10 49566 99132
 10 70 0 69 1 35 1 10 108308 216616
 90 2511405
 587 233 220 22689947 66331157
 10
 1 91 0 52 1 33 1 10 124755 249510
 2 87 1 81 1 63 1 11 290531 581062
 3 113 0 79 1 45 1 9 338455 676910
 4 114 0 52 1 45 1 6 218032 436064
 5 110 1 90 1 66 1 7 536160 1072320
 6 81 0 41 1 31 1 12 71119 142238
 7 108 0 67 1 37 1 11 190903 381806
 8 118 0 82 1 57 1 14 422075 844150
 9 96 0 60 0 30 1 5 115187 230374
 10 43 1 42 1 36 1 10 55750 111500
 91 2511505
 587 233 220 20258238 104945827
 10
 1 86 1 65 1 57 1 7 196273 392546
 2 61 1 37 1 32 1 15 48626 97252
 3 39 1 33 1 27 1 11 28655 57310
 4 85 0 33 1 26 1 9 45723 91446
 5 101 0 94 0 42 1 15 326025 652050
 6 65 1 53 1 46 1 10 111394 222788
 7 76 1 72 1 39 1 18 163829 327658
 8 47 1 42 1 25 1 14 30079 60158
 9 93 1 76 1 60 1 16 339854 679708
 10 95 1 74 1 51 1 19 290282 580564
 92 2511605
 587 233 220 25834837 99569786
 10
 1 96 1 82 1 63 1 8 415265 830530
 2 74 1 63 1 59 1 10 172658 345316
 3 86 0 60 1 43 1 9 183327 366654
 4 90 1 67 1 57 1 11 253490 506980
 5 97 1 91 1 80 1 15 539871 1079742
 6 116 0 61 0 28 1 6 144726 289452
 7 86 0 41 1 35 1 7 107653 215306
 8 67 0 44 1 26 1 11 54430 108860
 9 115 0 79 0 31 1 9 199886 399772
 10 62 1 59 1 46 1 7 140245 280490
 93 2511705
 587 233 220 21084881 125378167
 10
 1 78 0 69 1 37 1 5 160040 320080
 2 115 1 90 1 58 1 8 504447 1008894
 3 68 0 53 0 20 1 9 45411 90822
 4 119 0 71 1 47 1 6 260896 521792
 5 100 1 82 1 57 1 7 335005 670010
 6 88 1 76 1 52 1 5 212058 424116
 7 95 0 90 0 43 1 9 235474 470948
 8 87 1 72 1 62 1 14 279673 559346
 9 80 1 66 1 47 1 6 166377 332754
 10 120 1 78 1 67 1 9 405160 810320
 94 2511805
 587 233 220 26031017 203526896
 10
 1 75 1 73 1 69 1 12 248516 497032
 2 66 1 56 1 40 1 17 90589 181178
 3 64 1 51 1 41 1 18 81464 162928
 4 90 0 52 1 28 1 17 91218 182436
 5 73 0 33 1 28 1 20 45459 90918
 6 91 1 76 1 60 1 13 352641 705282
 7 54 1 45 1 28 1 11 43177 86354
 8 107 1 81 1 56 1 14 422919 845838
 9 63 1 53 1 44 1 12 104295 208590
 10 88 1 75 1 50 1 7 248408 496816
 95 2511905
 587 233 220 23836706 149931938
 10
 1 101 0 69 0 20 1 16 121865 243730
 2 108 0 66 1 54 1 16 276353 552706
 3 74 0 62 1 33 1 20 127238 254476
 4 69 0 61 1 33 1 20 121656 243312
 5 71 0 64 0 31 1 22 93503 187006
 6 38 1 32 1 30 1 18 29745 59490
 7 108 0 47 1 37 1 14 123741 247482
 8 100 0 41 1 36 1 19 100119 200238
 9 99 0 79 0 39 1 14 218119 436238
 10 83 0 55 0 22 1 22 74861 149722
 96 2512005
 587 233 220 18675023 69383570
 10
 1 64 0 42 1 26 1 18 53275 106550
 2 92 1 58 1 52 1 13 208935 417870
 3 92 0 85 0 21 1 11 138826 277652
 4 90 0 49 1 33 1 18 89874 179748
 5 54 1 48 1 34 1 10 76658 153316
 6 95 0 62 1 45 1 14 179424 358848
 7 72 1 49 1 46 1 13 127588 255176
 8 56 0 42 1 25 1 19 44511 89022
 9 64 0 34 1 26 1 11 50075 100150
 10 113 0 90 1 54 1 22 438158 876316
 97 2512105
 587 233 220 20458585 136193907
 10
 1 74 0 60 1 32 1 15 89679 179358
 2 100 0 50 1 43 1 13 182077 364154
 3 95 0 74 1 42 1 16 192799 385598
 4 95 0 70 0 30 1 15 164478 328956
 5 45 1 37 1 24 1 16 32034 64068
 6 67 0 60 0 25 1 14 81596 163192
 7 55 1 51 1 35 1 12 76515 153030
 8 76 1 71 1 61 1 16 241596 483192
 9 119 0 88 1 51 1 11 406339 812678
 10 98 0 81 0 26 1 14 159956 319912
 98 2512205
 587 233 220 18137486 61994848
 10
 1 106 0 55 1 38 1 14 154146 308292
 2 69 1 50 1 48 1 15 140937 281874
 3 106 1 63 1 57 1 14 326025 652050
 4 71 1 66 1 51 1 14 160473 320946
 5 62 1 41 1 36 1 7 55566 111132
 6 75 1 49 1 39 1 9 103556 207112
 7 90 1 64 1 53 1 11 216033 432066
 8 96 1 79 1 55 1 14 295858 591716
 9 83 1 75 1 67 1 9 348287 696574
 10 58 1 48 1 30 1 9 70625 141250
 99 2512305
 587 233 220 19923950 52534230
 10
 1 51 1 46 1 44 1 26 91702 183404
 2 95 0 92 1 47 1 14 314025 628050
 3 116 0 39 1 23 1 10 87029 174058
 4 51 1 37 1 32 1 14 44194 88388
 5 117 0 44 1 38 1 10 165478 330956
 6 103 1 89 1 73 1 13 571418 1142836
 7 73 1 55 1 54 1 13 165557 331114
 8 116 0 98 0 40 1 8 293476 586952
 9 62 0 48 0 22 1 12 46931 93862
 10 106 0 38 1 30 1 14 102211 204422
 100 2512405
 587 233 220 26301742 125294856
 10
 1 78 1 49 1 47 1 9 150032 300064
 2 46 1 45 1 43 1 15 80060 160120
 3 98 0 44 1 36 1 13 136501 273002
 4 100 0 89 0 31 1 11 202295 404590
 5 108 0 76 1 47 1 17 329208 658416
 6 75 0 36 1 28 1 19 67477 134954
 7 108 1 82 1 56 1 16 313557 627114
 8 45 1 41 1 24 1 19 29945 59890
 9 103 0 48 1 38 1 10 141270 282540
 10 74 1 62 1 46 1 15 132210 264420
