100
 1 2502505
 587 233 220 24643402 76818999
 12
 1 108 0 76 0 30 1 17 183098 366196
 2 110 0 43 1 25 1 9 83934 167868
 3 92 1 81 1 55 1 7 351115 702230
 4 81 0 33 1 28 1 3 54032 108064
 5 120 1 99 1 73 1 11 549943 1099886
 6 111 0 70 1 48 1 5 260116 520232
 7 98 0 72 1 46 1 11 273809 547618
 8 95 0 66 0 31 1 3 123228 246456
 9 85 0 84 0 30 1 9 132516 265032
 10 71 0 32 1 25 1 7 39097 78194
 11 36 1 34 1 25 1 8 25798 51596
 12 97 1 67 1 62 1 8 257895 515790
 2 2502605
 587 233 220 21036761 63590684
 12
 1 49 0 25 1 21 1 13 18216 36432
 2 60 1 51 1 41 1 10 88530 177060
 3 103 1 76 1 64 1 5 338554 677108
 4 95 1 70 1 62 1 13 363623 727246
 5 111 0 49 1 26 1 13 102689 205378
 6 85 1 84 1 72 1 15 331875 663750
 7 48 1 36 1 31 1 13 38022 76044
 8 86 0 76 0 38 1 13 211672 423344
 9 71 1 48 1 47 1 12 115072 230144
 10 90 0 43 1 33 1 12 112842 225684
 11 98 0 52 1 44 1 13 188356 376712
 12 73 0 37 1 23 1 6 39467 78934
 3 2502705
 587 233 220 19306427 89337660
 12
 1 97 0 81 0 27 1 7 139097 278194
 2 102 0 78 0 39 1 12 259858 519716
 3 113 0 46 1 36 1 11 125970 251940
 4 66 1 50 1 42 1 11 107459 214918
 5 101 0 30 1 26 1 9 51914 103828
 6 100 0 56 1 35 1 15 174926 349852
 7 91 0 50 1 40 1 9 138395 276790
 8 106 1 61 1 56 1 13 246612 493224
 9 103 1 63 1 58 1 9 337677 675354
 10 75 1 57 1 41 1 18 149903 299806
 11 71 1 68 1 64 1 6 231357 462714
 12 85 0 67 1 39 1 13 148669 297338
 4 2502805
 587 233 220 21257284 107664629
 12
 1 113 0 92 0 33 1 11 301898 603796
 2 52 1 37 1 28 1 10 35936 71872
 3 57 1 33 1 29 1 14 42836 85672
 4 99 0 37 1 30 1 11 97658 195316
 5 92 0 64 1 33 1 12 137383 274766
 6 119 0 59 1 39 1 9 218493 436986
 7 54 1 52 1 49 1 12 87310 174620
 8 75 0 45 1 35 1 12 88225 176450
 9 79 1 68 1 44 1 15 182184 364368
 10 116 0 49 1 47 1 10 239559 479118
 11 83 0 44 1 23 1 9 55741 111482
 12 98 1 96 1 56 1 17 396488 792976
 5 2502905
 587 233 220 18852735 95059349
 12
 1 88 0 54 1 39 1 7 133098 266196
 2 94 0 54 1 36 1 11 134441 268882
 3 87 0 77 1 43 1 11 258470 516940
 4 100 1 80 1 72 1 17 381950 763900
 5 83 0 40 1 36 1 14 101532 203064
 6 91 0 54 0 22 1 13 82713 165426
 7 109 0 58 1 54 1 8 304378 608756
 8 94 0 55 1 30 1 5 126065 252130
 9 34 1 32 1 31 1 14 22640 45280
 10 83 1 80 1 57 1 13 227817 455634
 11 108 0 40 1 26 1 9 73527 147054
 12 72 0 37 1 32 1 7 75999 151998
 6 2503005
 587 233 220 24853053 108775158
 12
 1 86 1 84 1 45 1 18 248398 496796
 2 81 0 45 1 34 1 17 111186 222372
 3 70 1 54 1 37 1 12 123500 247000
 4 71 1 61 1 52 1 12 158271 316542
 5 78 1 73 1 40 1 15 137052 274104
 6 69 1 63 1 46 1 7 165538 331076
 7 72 1 67 1 56 1 11 196555 393110
 8 75 0 75 0 36 1 12 133561 267122
 9 94 1 88 1 50 1 7 265983 531966
 10 65 1 51 1 50 1 7 137942 275884
 11 81 1 56 1 46 1 12 138814 277628
 12 68 0 44 1 27 1 10 52934 105868
 7 2503105
 587 233 220 26809780 110988518
 12
 1 118 0 79 1 51 1 14 362963 725926
 2 86 0 32 1 31 1 8 75954 151908
 3 64 1 58 1 52 1 9 157204 314408
 4 42 1 42 1 32 1 9 41925 83850
 5 64 1 55 1 43 1 13 93948 187896
 6 84 0 70 0 35 1 13 182175 364350
 7 76 0 57 1 36 1 7 114342 228684
 8 95 1 60 1 55 1 9 214895 429790
 9 80 1 66 1 52 1 12 169959 339918
 10 109 0 73 0 23 1 12 132724 265448
 11 72 1 65 1 54 1 12 174699 349398
 12 98 0 55 1 44 1 14 143419 286838
 8 2503205
 587 233 220 26921773 189576227
 12
 1 75 1 58 1 57 1 5 195534 391068
 2 57 1 37 1 30 1 7 44367 88734
 3 79 0 74 0 35 1 11 168646 337292
 4 104 1 99 1 74 1 9 602954 1205908
 5 55 1 46 1 31 1 6 62118 124236
 6 99 0 98 0 33 1 8 235418 470836
 7 90 1 85 1 59 1 13 276791 553582
 8 115 0 74 1 44 1 9 334581 669162
 9 107 0 67 0 21 1 4 90866 181732
 10 81 1 76 1 55 1 5 216806 433612
 11 118 0 84 0 27 1 11 237490 474980
 12 67 1 60 1 38 1 10 124011 248022
 9 2503305
 587 233 220 19847743 86058214
 12
 1 90 1 70 1 63 1 2 299839 599678
 2 84 0 78 0 28 1 10 127100 254200
 3 94 0 85 0 39 1 12 271001 542002
 4 80 1 76 1 54 1 14 260998 521996
 5 69 1 50 1 45 1 11 113703 227406
 6 70 1 57 1 37 1 7 125666 251332
 7 94 1 61 1 54 1 14 254753 509506
 8 92 0 44 1 29 1 11 99145 198290
 9 72 1 53 1 37 1 11 92769 185538
 10 89 0 43 1 27 1 13 66195 132390
 11 91 0 44 1 28 1 15 67560 135120
 12 78 1 76 1 68 1 15 254518 509036
 10 2503405
 587 233 220 18363321 93537281
 12
 1 68 0 66 0 31 1 10 111659 223318
 2 120 0 34 1 26 1 10 92298 184596
 3 95 1 76 1 60 1 16 323545 647090
 4 61 1 47 1 34 1 8 81265 162530
 5 53 1 45 1 36 1 9 76952 153904
 6 80 1 52 1 42 1 10 107373 214746
 7 109 0 63 0 28 1 12 137780 275560
 8 74 0 64 1 35 1 9 122964 245928
 9 53 1 40 1 36 1 8 52866 105732
 10 102 1 96 1 59 1 10 397305 794610
 11 64 1 60 1 47 1 16 148093 296186
 12 99 0 90 0 32 1 15 186484 372968
 11 2503505
 587 233 220 26250086 176911142
 12
 1 74 1 63 1 61 1 8 252501 505002
 2 71 0 60 0 25 1 15 76637 153274
 3 106 1 80 1 59 1 11 416029 832058
 4 109 0 76 1 42 1 11 263529 527058
 5 118 0 56 0 22 1 8 98973 197946
 6 105 0 67 1 43 1 14 190651 381302
 7 72 1 65 1 37 1 16 130976 261952
 8 84 1 59 1 54 1 10 187113 374226
 9 91 0 69 0 26 1 15 102948 205896
 10 69 0 31 1 28 1 15 47911 95822
 11 76 0 67 1 37 1 12 143551 287102
 12 48 1 39 1 25 1 9 29120 58240
 12 2503605
 587 233 220 21595456 134087981
 12
 1 95 1 80 1 57 1 7 377251 754502
 2 112 0 87 0 23 1 13 159565 319130
 3 116 0 41 1 40 1 6 134012 268024
 4 98 1 80 1 56 1 13 331878 663756
 5 108 1 60 1 59 1 10 299057 598114
 6 82 1 77 1 67 1 7 270689 541378
 7 67 1 46 1 36 1 7 67437 134874
 8 104 0 72 1 44 1 9 227207 454414
 9 89 0 56 0 24 1 4 72776 145552
 10 64 1 36 1 36 1 10 51996 103992
 11 101 0 86 0 31 1 15 162801 325602
 12 69 1 65 1 37 1 8 141358 282716
 13 2503705
 587 233 220 25238798 122286188
 12
 1 52 0 36 1 25 1 22 33321 66642
 2 63 0 37 1 21 1 18 41659 83318
 3 100 0 61 1 36 1 17 185424 370848
 4 79 0 52 1 36 1 16 90204 180408
 5 99 0 63 1 36 1 16 196725 393450
 6 97 0 49 1 30 1 13 92570 185140
 7 90 1 69 1 55 1 13 253599 507198
 8 91 0 33 1 28 1 14 65812 131624
 9 111 0 76 1 41 1 13 307475 614950
 10 95 0 44 1 35 1 15 114069 228138
 11 74 0 47 1 29 1 22 78008 156016
 12 100 0 48 0 20 1 20 59003 118006
 14 2503805
 587 233 220 21037878 136442731
 12
 1 68 0 48 1 31 1 11 67664 135328
 2 104 1 80 1 63 1 12 397838 795676
 3 82 0 46 0 21 1 10 58636 117272
 4 114 1 78 1 60 1 10 321451 642902
 5 90 1 74 1 66 1 7 393868 787736
 6 112 0 54 1 36 1 9 132584 265168
 7 71 1 64 1 54 1 12 191016 382032
 8 74 0 53 1 33 1 8 93363 186726
 9 75 1 62 1 57 1 5 179354 358708
 10 68 1 62 1 52 1 14 159205 318410
 11 64 1 49 1 47 1 11 94449 188898
 12 60 1 39 1 36 1 14 56844 113688
 15 2503905
 587 233 220 21793222 147859500
 12
 1 100 0 44 1 37 1 8 98110 196220
 2 90 1 78 1 55 1 7 334712 669424
 3 65 1 57 1 42 1 10 104660 209320
 4 85 0 58 1 41 1 7 154742 309484
 5 81 1 69 1 50 1 12 219271 438542
 6 84 1 78 1 51 1 6 224338 448676
 7 109 1 73 1 73 1 7 402018 804036
 8 73 1 58 1 52 1 13 133963 267926
 9 73 1 49 1 40 1 15 97436 194872
 10 120 0 60 1 39 1 5 223648 447296
 11 111 1 80 1 68 1 9 447173 894346
 12 71 1 70 1 53 1 5 229154 458308
 16 2504005
 587 233 220 22865157 61268104
 12
 1 43 1 40 1 39 1 12 56066 112132
 2 97 0 76 1 40 1 11 228298 456596
 3 67 1 63 1 47 1 8 160246 320492
 4 98 0 57 1 38 1 10 180366 360732
 5 73 0 71 0 27 1 10 108025 216050
 6 66 1 56 1 41 1 8 97067 194134
 7 82 1 75 1 72 1 11 382073 764146
 8 93 0 71 1 43 1 7 253674 507348
 9 95 0 35 1 28 1 10 68115 136230
 10 88 1 72 1 68 1 10 307329 614658
 11 88 0 85 0 35 1 15 170375 340750
 12 100 1 83 1 69 1 6 431278 862556
 17 2504105
 587 233 220 25895144 131921924
 12
 1 72 0 49 1 35 1 9 108577 217154
 2 75 1 66 1 47 1 8 175545 351090
 3 78 0 30 1 22 1 10 39377 78754
 4 119 1 79 1 79 1 8 610041 1220082
 5 76 1 65 1 62 1 10 194831 389662
 6 119 1 81 1 65 1 11 506767 1013534
 7 91 0 77 0 36 1 13 190227 380454
 8 113 0 89 0 27 1 10 188798 377596
 9 98 0 59 1 44 1 6 182458 364916
 10 76 1 55 1 43 1 10 116045 232090
 11 58 1 51 1 31 1 2 77110 154220
 12 94 0 40 1 25 1 11 71948 143896
 18 2504205
 587 233 220 18227533 137410791
 12
 1 104 0 55 1 30 1 6 148419 296838
 2 92 1 89 1 73 1 9 529178 1058356
 3 88 0 88 0 43 1 7 284887 569774
 4 90 1 60 1 60 1 8 197728 395456
 5 79 1 53 1 41 1 8 141214 282428
 6 96 0 91 0 28 1 6 203546 407092
 7 100 1 90 1 79 1 4 636310 1272620
 8 73 0 42 1 32 1 12 77088 154176
 9 115 1 85 1 60 1 5 421388 842776
 10 113 1 83 1 76 1 11 430911 861822
 11 68 0 50 1 31 1 4 79800 159600
 12 70 0 41 1 30 1 7 52794 105588
 19 2504305
 587 233 220 26533431 196418921
 12
 1 60 0 45 1 26 1 12 45874 91748
 2 71 1 43 1 39 1 12 95909 191818
 3 99 1 71 1 64 1 6 292929 585858
 4 61 1 41 1 40 1 9 61675 123350
 5 83 1 79 1 43 1 11 203348 406696
 6 63 1 52 1 35 1 9 83543 167086
 7 54 0 33 1 20 1 13 21424 42848
 8 62 1 57 1 51 1 11 132820 265640
 9 79 1 76 1 71 1 18 300064 600128
 10 91 1 81 1 48 1 11 273621 547242
 11 95 0 70 0 23 1 17 106233 212466
 12 101 0 57 1 42 1 13 210898 421796
 20 2504405
 587 233 220 19198982 77089916
 12
 1 97 1 77 1 66 1 10 427323 854646
 2 81 1 69 1 69 1 16 303004 606008
 3 109 0 53 0 24 1 14 104434 208868
 4 98 0 33 1 20 1 8 49561 99122
 5 86 0 56 1 34 1 12 98279 196558
 6 76 0 50 1 35 1 12 113585 227170
 7 109 0 42 1 22 1 11 82336 164672
 8 82 1 69 1 42 1 12 170073 340146
 9 58 1 43 1 31 1 11 61006 122012
 10 99 0 80 1 48 1 8 322637 645274
 11 89 0 68 1 39 1 13 159858 319716
 12 74 1 53 1 40 1 11 110233 220466
 21 2504505
 587 233 220 21204402 86199724
 12
 1 109 1 93 1 72 1 6 442585 885170
 2 95 0 67 0 32 1 8 163254 326508
 3 119 0 45 1 36 1 12 122979 245958
 4 95 1 78 1 62 1 13 329886 659772
 5 116 0 89 0 32 1 8 202731 405462
 6 98 0 65 1 38 1 12 182331 364662
 7 72 0 51 0 24 1 14 72320 144640
 8 102 0 88 0 26 1 10 204744 409488
 9 99 0 47 1 44 1 10 174927 349854
 10 106 0 52 1 31 1 12 107737 215474
 11 55 1 41 1 32 1 9 47133 94266
 12 71 0 65 0 29 1 14 91680 183360
 22 2504605
 587 233 220 22268834 156810849
 12
 1 89 1 78 1 50 1 10 222141 444282
 2 73 1 65 1 46 1 10 137001 274002
 3 94 0 66 1 39 1 7 191091 382182
 4 66 1 59 1 42 1 4 117877 235754
 5 106 1 93 1 70 1 10 603484 1206968
 6 80 1 71 1 62 1 16 268842 537684
 7 60 0 36 1 26 1 12 44389 88778
 8 72 0 31 1 31 1 11 41542 83084
 9 63 0 63 0 31 1 8 79891 159782
 10 74 0 39 1 23 1 11 59111 118222
 11 105 0 72 1 52 1 11 350616 701232
 12 101 0 76 1 45 1 6 272286 544572
 23 2504705
 587 233 220 24666183 196498293
 12
 1 84 0 81 0 23 1 10 96896 193792
 2 115 1 72 1 64 1 15 398535 797070
 3 77 0 49 1 25 1 13 74995 149990
 4 40 1 37 1 22 1 14 23630 47260
 5 97 0 96 0 46 1 6 311713 623426
 6 95 0 43 1 25 1 8 83076 166152
 7 90 0 69 0 28 1 13 132212 264424
 8 56 1 51 1 49 1 14 120407 240814
 9 118 1 93 1 80 1 4 755343 1510686
 10 56 1 47 1 41 1 16 96961 193922
 11 78 0 71 0 27 1 15 103700 207400
 12 88 0 62 1 41 1 15 160814 321628
 24 2504805
 587 233 220 20601639 92957934
 12
 1 113 0 80 0 29 1 9 193805 387610
 2 98 1 65 1 62 1 8 306559 613118
 3 60 1 59 1 46 1 8 108999 217998
 4 100 1 97 1 64 1 8 431666 863332
 5 99 0 88 0 23 1 7 149690 299380
 6 106 0 49 1 33 1 8 143564 287128
 7 78 0 54 1 30 1 6 86734 173468
 8 71 1 68 1 41 1 14 119885 239770
 9 83 0 80 0 35 1 8 171264 342528
 10 99 0 55 0 27 1 11 110898 221796
 11 91 0 51 1 43 1 14 176629 353258
 12 99 1 78 1 72 1 10 476205 952410
 25 2504905
 587 233 220 18339395 105873196
 12
 1 75 0 54 1 35 1 16 115715 231430
 2 107 0 60 1 49 1 13 231778 463556
 3 70 1 67 1 42 1 15 172680 345360
 4 78 1 71 1 44 1 6 210682 421364
 5 78 0 61 0 27 1 14 93679 187358
 6 78 1 73 1 48 1 9 213515 427030
 7 109 0 87 0 32 1 14 189076 378152
 8 91 0 87 0 25 1 10 178086 356172
 9 67 1 51 1 47 1 15 104870 209740
 10 67 1 63 1 60 1 10 173185 346370
 11 115 0 59 1 34 1 10 186520 373040
 12 102 0 35 1 34 1 11 98283 196566
 26 2505005
 587 233 220 18733732 68914678
 12
 1 86 0 71 1 41 1 16 163828 327656
 2 75 1 58 1 58 1 16 164654 329308
 3 100 0 81 0 27 1 14 179471 358942
 4 59 0 42 1 24 1 12 37709 75418
 5 69 0 37 1 30 1 17 55844 111688
 6 63 1 50 1 36 1 15 89196 178392
 7 96 0 72 0 34 1 4 207643 415286
 8 111 0 71 0 29 1 15 198982 397964
 9 102 1 67 1 53 1 8 295879 591758
 10 71 0 34 1 32 1 16 49711 99422
 11 88 1 75 1 53 1 16 298587 597174
 12 50 1 46 1 42 1 12 78750 157500
 27 2505105
 587 233 220 25041873 186052143
 12
 1 118 0 66 1 47 1 9 255153 510306
 2 99 0 56 0 25 1 14 124500 249000
 3 91 1 83 1 48 1 12 258828 517656
 4 104 0 66 1 40 1 9 201083 402166
 5 75 0 60 1 33 1 8 117919 235838
 6 113 1 78 1 60 1 11 468357 936714
 7 36 1 36 1 29 1 9 28628 57256
 8 56 1 48 1 40 1 14 80750 161500
 9 67 0 40 1 22 1 6 41200 82400
 10 92 1 78 1 64 1 10 309096 618192
 11 73 0 61 1 31 1 7 88010 176020
 12 72 1 66 1 58 1 11 227180 454360
 28 2505205
 587 233 220 19145101 128199081
 12
 1 62 1 59 1 52 1 19 115615 231230
 2 54 1 52 1 50 1 12 92625 185250
 3 102 1 69 1 65 1 10 276716 553432
 4 97 0 76 1 46 1 7 297208 594416
 5 52 1 50 1 37 1 18 60481 120962
 6 93 0 85 0 23 1 17 110139 220278
 7 90 0 38 1 38 1 12 103911 207822
 8 66 1 60 1 40 1 21 125333 250666
 9 38 1 31 1 26 1 17 18423 36846
 10 86 0 60 1 36 1 12 140033 280066
 11 92 0 47 1 34 1 15 97869 195738
 12 103 0 69 0 22 1 20 137183 274366
 29 2505305
 587 233 220 18260557 128876346
 12
 1 91 1 58 1 57 1 11 245096 490192
 2 92 1 78 1 53 1 5 234969 469938
 3 112 0 48 1 28 1 11 99041 198082
 4 78 0 47 1 26 1 11 64102 128204
 5 41 1 40 1 28 1 8 39238 78476
 6 57 1 47 1 32 1 14 58740 117480
 7 54 1 47 1 40 1 11 67572 135144
 8 85 0 80 0 25 1 9 112245 224490
 9 89 1 86 1 54 1 11 301674 603348
 10 118 1 94 1 68 1 13 615125 1230250
 11 98 0 63 1 36 1 9 193685 387370
 12 81 0 42 1 38 1 7 114891 229782
 30 2505405
 587 233 220 21991243 135266488
 12
 1 64 0 53 1 32 1 9 79755 159510
 2 51 1 42 1 28 1 15 43420 86840
 3 49 1 32 1 30 1 11 42307 84614
 4 109 1 68 1 59 1 17 314711 629422
 5 66 0 43 1 32 1 9 68042 136084
 6 120 0 71 1 47 1 5 305200 610400
 7 109 0 57 1 41 1 13 184848 369696
 8 100 0 70 0 28 1 14 142090 284180
 9 76 1 70 1 51 1 10 199024 398048
 10 85 0 40 1 26 1 11 77895 155790
 11 79 1 71 1 55 1 8 277252 554504
 12 93 1 73 1 55 1 13 245891 491782
 31 2505505
 587 233 220 24574279 102192633
 12
 1 70 1 63 1 49 1 13 162692 325384
 2 84 1 54 1 49 1 12 191525 383050
 3 89 0 70 1 42 1 13 211871 423742
 4 80 0 48 1 39 1 9 132444 264888
 5 114 0 47 1 42 1 14 188423 376846
 6 92 0 62 1 34 1 15 129831 259662
 7 72 1 66 1 43 1 9 155419 310838
 8 120 0 55 1 46 1 13 266809 533618
 9 106 0 62 0 25 1 17 105256 210512
 10 72 0 53 1 34 1 10 96640 193280
 11 74 0 44 1 35 1 8 95949 191898
 12 103 0 71 0 28 1 14 158677 317354
 32 2505605
 587 233 220 22310549 155349152
 12
 1 95 0 76 1 44 1 12 193035 386070
 2 81 0 47 1 34 1 17 113199 226398
 3 71 0 52 1 30 1 13 90702 181404
 4 96 0 52 1 28 1 18 108230 216460
 5 104 0 80 1 50 1 9 278071 556142
 6 77 1 64 1 57 1 12 181277 362554
 7 75 0 45 1 36 1 20 101828 203656
 8 65 1 49 1 39 1 20 81208 162416
 9 70 1 49 1 41 1 13 99109 198218
 10 111 0 44 1 42 1 13 149472 298944
 11 108 0 94 1 51 1 6 370914 741828
 12 43 1 40 1 26 1 10 35526 71052
 33 2505705
 587 233 220 21682438 100239443
 12
 1 40 1 36 1 21 1 9 24883 49766
 2 76 0 45 1 31 1 10 71964 143928
 3 63 1 54 1 51 1 9 120771 241542
 4 114 1 77 1 69 1 14 532080 1064160
 5 95 1 57 1 53 1 12 220291 440582
 6 92 0 36 1 20 1 15 53268 106536
 7 90 1 84 1 47 1 10 313604 627208
 8 84 0 69 0 24 1 15 88893 177786
 9 57 1 35 1 35 1 11 56699 113398
 10 78 1 76 1 50 1 10 240909 481818
 11 81 0 67 1 37 1 16 135082 270164
 12 73 1 51 1 43 1 10 114023 228046
 34 2505805
 587 233 220 22395058 156583445
 12
 1 68 0 35 1 27 1 8 51809 103618
 2 118 0 57 1 43 1 6 248709 497418
 3 73 0 72 0 36 1 10 118772 237544
 4 85 1 58 1 50 1 9 215062 430124
 5 86 0 56 1 33 1 13 127335 254670
 6 99 0 44 1 31 1 9 110271 220542
 7 93 1 54 1 49 1 7 210880 421760
 8 89 0 69 0 26 1 6 99793 199586
 9 98 1 90 1 74 1 16 401276 802552
 10 58 1 48 1 46 1 11 93612 187224
 11 56 0 55 0 22 1 6 56547 113094
 12 104 1 63 1 59 1 14 291639 583278
 35 2505905
 587 233 220 24253523 88112769
 12
 1 100 0 33 1 31 1 6 83736 167472
 2 84 0 68 1 42 1 14 209868 419736
 3 95 0 84 0 31 1 9 190715 381430
 4 57 1 39 1 30 1 11 47660 95320
 5 76 1 71 1 60 1 13 257455 514910
 6 71 1 68 1 46 1 18 173994 347988
 7 109 0 51 1 26 1 17 120255 240510
 8 109 0 54 1 45 1 9 173078 346156
 9 84 0 55 1 29 1 17 89962 179924
 10 104 0 66 0 20 1 7 96910 193820
 11 119 0 76 1 39 1 13 253116 506232
 12 75 1 74 1 43 1 9 168241 336482
 36 2506005
 587 233 220 23204908 151186785
 12
 1 41 1 39 1 26 1 15 25986 51972
 2 110 0 40 1 34 1 12 124722 249444
 3 94 1 77 1 52 1 7 237911 475822
 4 119 1 96 1 71 1 11 533683 1067366
 5 67 1 63 1 47 1 7 152133 304266
 6 61 1 43 1 31 1 17 53510 107020
 7 72 0 53 1 35 1 13 110232 220464
 8 64 1 38 1 38 1 9 57530 115060
 9 110 0 71 1 45 1 5 250037 500074
 10 73 1 71 1 52 1 8 207823 415646
 11 95 1 92 1 55 1 10 402011 804022
 12 86 0 74 0 31 1 10 175253 350506
 37 2506105
 587 233 220 19071513 78675649
 12
 1 98 0 73 1 44 1 9 257185 514370
 2 60 1 60 1 38 1 9 116539 233078
 3 105 1 73 1 60 1 10 348785 697570
 4 90 1 77 1 52 1 6 322252 644504
 5 66 0 58 0 24 1 17 73586 147172
 6 106 1 76 1 55 1 11 361378 722756
 7 55 1 44 1 36 1 12 71581 143162
 8 82 0 58 0 23 1 9 83846 167692
 9 74 1 61 1 58 1 13 219968 439936
 10 81 0 39 1 24 1 9 63159 126318
 11 71 1 65 1 39 1 6 133843 267686
 12 105 0 97 0 47 1 11 397739 795478
 38 2506205
 587 233 220 18207845 89784446
 12
 1 104 0 94 1 50 1 6 379872 759744
 2 102 0 87 0 36 1 11 230207 460414
 3 115 0 42 1 33 1 15 139580 279160
 4 61 1 58 1 32 1 8 97410 194820
 5 70 1 62 1 48 1 6 149843 299686
 6 91 1 79 1 78 1 17 490748 981496
 7 90 1 57 1 53 1 5 177829 355658
 8 78 0 68 0 25 1 8 112893 225786
 9 77 1 44 1 39 1 11 110918 221836
 10 97 1 89 1 56 1 8 303367 606734
 11 58 0 38 1 26 1 18 50937 101874
 12 64 1 44 1 33 1 5 81989 163978
 39 2506305
 587 233 220 20678628 126031683
 12
 1 89 1 56 1 45 1 17 183789 367578
 2 53 1 37 1 34 1 18 45632 91264
 3 54 0 35 1 25 1 15 39156 78312
 4 73 0 39 1 33 1 24 79347 158694
 5 73 1 39 1 38 1 11 69879 139758
 6 50 1 42 1 29 1 19 46322 92644
 7 62 1 59 1 54 1 12 128433 256866
 8 98 0 53 1 44 1 16 196197 392394
 9 94 0 32 1 31 1 16 59549 119098
 10 97 0 64 0 28 1 16 106268 212536
 11 102 0 77 1 42 1 14 211122 422244
 12 80 1 75 1 44 1 18 199071 398142
 40 2506405
 587 233 220 26488037 182464790
 12
 1 85 1 77 1 62 1 8 356393 712786
 2 94 0 63 1 32 1 8 160045 320090
 3 83 1 75 1 45 1 5 172755 345510
 4 95 1 95 1 54 1 5 328834 657668
 5 76 0 76 0 30 1 13 132495 264990
 6 113 0 66 1 44 1 13 269727 539454
 7 108 1 71 1 61 1 10 330055 660110
 8 118 0 62 1 37 1 8 224676 449352
 9 93 1 58 1 48 1 12 174844 349688
 10 60 0 32 1 29 1 12 44311 88622
 11 97 1 75 1 59 1 8 283224 566448
 12 105 0 56 1 35 1 4 130467 260934
 41 2506505
 587 233 220 20763762 155944954
 12
 1 109 1 80 1 68 1 6 401991 803982
 2 90 0 45 1 31 1 15 111643 223286
 3 66 1 56 1 34 1 12 96098 192196
 4 76 0 66 1 34 1 7 114623 229246
 5 111 0 80 1 53 1 10 339889 679778
 6 86 0 59 0 29 1 16 109412 218824
 7 80 1 72 1 63 1 12 236204 472408
 8 81 0 47 0 22 1 12 70778 141556
 9 114 1 80 1 64 1 8 373300 746600
 10 90 0 37 1 32 1 12 91801 183602
 11 75 1 48 1 40 1 12 101869 203738
 12 67 1 52 1 45 1 11 109939 219878
 42 2506605
 587 233 220 19384688 53040561
 12
 1 76 1 74 1 50 1 16 188343 376686
 2 86 0 40 1 29 1 7 75393 150786
 3 66 1 55 1 48 1 9 141829 283658
 4 75 0 57 1 37 1 5 110932 221864
 5 102 0 83 0 29 1 7 205251 410502
 6 74 1 58 1 52 1 9 172576 345152
 7 89 0 65 1 36 1 12 156943 313886
 8 99 1 68 1 67 1 16 337238 674476
 9 80 1 78 1 66 1 8 367286 734572
 10 65 1 57 1 45 1 12 143556 287112
 11 112 0 59 1 30 1 6 128380 256760
 12 79 1 75 1 68 1 6 359715 719430
 43 2506705
 587 233 220 25041295 88736205
 12
 1 82 1 80 1 71 1 10 329875 659750
 2 66 0 37 1 27 1 6 42784 85568
 3 77 0 76 0 31 1 4 140651 281302
 4 100 0 56 1 38 1 8 137821 275642
 5 93 1 86 1 67 1 9 350733 701466
 6 89 0 76 0 30 1 11 171810 343620
 7 98 1 90 1 67 1 5 501527 1003054
 8 87 0 52 1 42 1 16 132010 264020
 9 53 1 42 1 35 1 10 69345 138690
 10 116 0 53 1 36 1 13 179958 359916
 11 85 1 79 1 46 1 7 266144 532288
 12 106 0 91 0 24 1 14 145103 290206
 44 2506805
 587 233 220 25572437 202788699
 12
 1 114 0 67 0 25 1 16 141767 283534
 2 92 0 79 0 25 1 15 151078 302156
 3 89 0 87 0 36 1 9 215511 431022
 4 95 0 71 1 36 1 17 201180 402360
 5 90 0 83 1 43 1 13 212711 425422
 6 93 0 39 1 28 1 7 77274 154548
 7 69 0 54 1 31 1 10 90032 180064
 8 107 0 61 1 37 1 13 162364 324728
 9 98 0 52 1 40 1 12 163593 327186
 10 83 1 69 1 60 1 10 255723 511446
 11 98 1 63 1 58 1 6 269062 538124
 12 45 1 40 1 26 1 8 34627 69254
 45 2506905
 587 233 220 26617166 207762507
 12
 1 63 0 55 1 31 1 12 82752 165504
 2 120 0 43 1 23 1 10 88373 176746
 3 97 1 72 1 57 1 17 240410 480820
 4 77 1 76 1 42 1 21 160447 320894
 5 93 0 74 0 20 1 18 93236 186472
 6 65 1 63 1 43 1 8 134536 269072
 7 108 0 71 1 40 1 9 194276 388552
 8 79 0 36 1 21 1 15 41871 83742
 9 68 0 62 0 26 1 11 96094 192188
 10 68 1 50 1 40 1 17 107969 215938
 11 79 0 42 1 31 1 16 91969 183938
 12 76 0 56 1 38 1 17 127456 254912
 46 2507005
 587 233 220 25360906 116439496
 12
 1 86 0 58 1 36 1 8 141322 282644
 2 71 0 69 0 22 1 5 88557 177114
 3 108 0 78 1 54 1 11 401188 802376
 4 104 1 58 1 57 1 9 266990 533980
 5 96 1 65 1 58 1 9 323818 647636
 6 58 0 37 1 26 1 11 44886 89772
 7 73 1 72 1 49 1 8 190048 380096
 8 98 1 67 1 56 1 5 268327 536654
 9 117 0 89 0 23 1 9 210677 421354
 10 109 1 76 1 73 1 9 415162 830324
 11 95 0 61 1 34 1 7 174344 348688
 12 106 0 73 1 49 1 8 326131 652262
 47 2507105
 587 233 220 24895654 129030900
 12
 1 118 0 54 1 42 1 11 208531 417062
 2 112 0 95 0 20 1 11 191048 382096
 3 118 0 38 1 37 1 13 128190 256380
 4 76 0 38 1 38 1 17 86433 172866
 5 100 0 56 1 34 1 9 132229 264458
 6 100 0 73 1 50 1 13 327000 654000
 7 75 0 58 1 36 1 14 136368 272736
 8 76 1 51 1 41 1 6 132655 265310
 9 82 0 75 1 39 1 15 195373 390746
 10 84 1 76 1 44 1 11 232129 464258
 11 80 1 68 1 50 1 12 202058 404116
 12 61 0 46 1 28 1 14 62851 125702
 48 2507205
 587 233 220 18561363 64786928
 12
 1 59 1 49 1 48 1 4 119479 238958
 2 79 1 63 1 46 1 7 183491 366982
 3 95 0 58 1 38 1 9 157320 314640
 4 95 0 79 1 47 1 11 244952 489904
 5 72 0 46 1 27 1 10 74040 148080
 6 88 1 74 1 72 1 9 351461 702922
 7 90 1 77 1 67 1 9 328747 657494
 8 96 0 59 1 36 1 10 152465 304930
 9 62 1 55 1 46 1 9 115700 231400
 10 92 0 77 1 43 1 17 229559 459118
 11 100 0 66 1 41 1 8 213790 427580
 12 76 1 72 1 44 1 8 186450 372900
 49 2507305
 587 233 220 24592551 111759725
 12
 1 91 0 54 1 45 1 11 133148 266296
 2 105 1 77 1 72 1 6 491360 982720
 3 79 1 78 1 48 1 14 259680 519360
 4 109 1 76 1 59 1 5 314223 628446
 5 48 1 37 1 30 1 7 43926 87852
 6 44 1 37 1 27 1 9 38511 77022
 7 79 1 76 1 54 1 11 281221 562442
 8 116 0 78 0 20 1 3 133736 267472
 9 101 0 71 1 49 1 9 307156 614312
 10 102 0 100 0 49 1 8 424977 849954
 11 105 0 43 1 22 1 14 62987 125974
 12 107 1 84 1 61 1 7 346119 692238
 50 2507405
 587 233 220 19828562 77219751
 12
 1 60 1 40 1 32 1 13 57611 115222
 2 98 1 75 1 55 1 14 340867 681734
 3 60 1 59 1 39 1 19 98460 196920
 4 81 0 56 1 40 1 18 124038 248076
 5 119 0 34 1 25 1 14 65089 130178
 6 107 0 61 1 42 1 9 173254 346508
 7 108 0 85 0 20 1 8 122203 244406
 8 97 0 66 1 45 1 13 247579 495158
 9 66 0 35 1 26 1 18 48996 97992
 10 69 0 32 1 20 1 20 27558 55116
 11 78 0 63 1 38 1 16 121676 243352
 12 95 0 77 1 47 1 10 260056 520112
 51 2507505
 587 233 220 20777720 102581363
 12
 1 66 1 64 1 36 1 11 115586 231172
 2 97 1 73 1 49 1 13 264002 528004
 3 69 1 60 1 43 1 23 131813 263626
 4 52 0 37 1 20 1 17 23300 46600
 5 109 0 63 1 37 1 18 210172 420344
 6 79 0 57 0 24 1 20 91604 183208
 7 95 0 72 0 22 1 18 104267 208534
 8 65 1 50 1 39 1 17 79570 159140
 9 98 0 42 1 30 1 17 94504 189008
 10 53 1 40 1 36 1 14 57711 115422
 11 82 1 54 1 51 1 15 149839 299678
 12 77 0 33 1 31 1 12 55857 111714
 52 2507605
 587 233 220 23757563 132224247
 12
 1 96 0 72 0 31 1 10 134616 269232
 2 75 1 72 1 47 1 14 170874 341748
 3 80 0 25 1 20 1 11 31658 63316
 4 114 1 94 1 61 1 11 464498 928996
 5 100 0 40 1 39 1 11 134274 268548
 6 72 1 51 1 48 1 11 138644 277288
 7 36 1 28 1 24 1 7 18767 37534
 8 85 0 58 1 35 1 16 131938 263876
 9 85 1 84 1 58 1 8 343925 687850
 10 95 0 48 0 24 1 17 92996 185992
 11 115 0 70 0 25 1 10 123951 247902
 12 108 0 49 1 42 1 13 192018 384036
 53 2507705
 587 233 220 20564896 65746448
 12
 1 78 0 37 1 27 1 11 65443 130886
 2 89 0 70 0 25 1 18 133466 266932
 3 90 0 84 0 41 1 7 254891 509782
 4 85 0 75 1 42 1 11 196283 392566
 5 91 0 77 1 44 1 10 227547 455094
 6 114 1 87 1 71 1 9 591508 1183016
 7 90 0 37 1 25 1 10 67840 135680
 8 105 1 80 1 77 1 5 460832 921664
 9 74 1 71 1 50 1 10 225502 451004
 10 62 1 57 1 55 1 12 129070 258140
 11 89 0 45 1 26 1 8 80683 161366
 12 65 1 54 1 47 1 11 110834 221668
 54 2507805
 587 233 220 19747133 151228858
 12
 1 99 0 68 0 23 1 20 127240 254480
 2 68 1 52 1 40 1 18 102674 205348
 3 101 1 66 1 61 1 16 295696 591392
 4 57 0 56 0 22 1 13 51340 102680
 5 81 1 54 1 47 1 15 181030 362060
 6 86 0 34 1 25 1 19 63799 127598
 7 54 0 46 1 27 1 16 48177 96354
 8 95 0 65 1 34 1 14 128123 256246
 9 105 0 57 1 29 1 13 148635 297270
 10 120 0 63 0 28 1 12 158433 316866
 11 64 1 62 1 42 1 14 117641 235282
 12 78 0 65 0 21 1 13 69201 138402
 55 2507905
 587 233 220 24753851 197437470
 12
 1 100 0 94 0 28 1 15 182265 364530
 2 81 1 78 1 66 1 13 373081 746162
 3 111 0 49 0 21 1 9 84881 169762
 4 119 0 63 1 37 1 16 219960 439920
 5 72 0 50 1 30 1 10 69013 138026
 6 58 1 58 1 40 1 13 83881 167762
 7 108 0 55 1 29 1 9 103776 207552
 8 54 1 49 1 38 1 8 73889 147778
 9 69 1 46 1 44 1 17 105124 210248
 10 88 1 71 1 61 1 10 274749 549498
 11 83 0 58 1 35 1 8 105468 210936
 12 108 0 77 0 37 1 8 230107 460214
 56 2508005
 587 233 220 26719524 177325214
 12
 1 90 0 41 1 34 1 26 105288 210576
 2 64 0 32 1 28 1 19 49871 99742
 3 42 1 31 1 31 1 14 25605 51210
 4 94 0 90 0 44 1 11 311228 622456
 5 68 1 63 1 53 1 12 199088 398176
 6 55 0 30 1 21 1 23 25925 51850
 7 72 0 64 0 31 1 20 114789 229578
 8 75 0 56 1 34 1 15 100996 201992
 9 62 0 34 1 31 1 18 47095 94190
 10 79 0 55 1 32 1 19 105580 211160
 11 99 0 74 0 27 1 22 161909 323818
 12 89 1 54 1 48 1 19 140808 281616
 57 2508105
 587 233 220 25591258 153568656
 12
 1 85 0 73 1 40 1 5 206708 413416
 2 73 1 62 1 54 1 9 178761 357522
 3 90 0 63 1 41 1 9 161066 322132
 4 75 0 61 0 24 1 13 95575 191150
 5 57 1 53 1 44 1 10 99312 198624
 6 93 0 70 1 45 1 8 243925 487850
 7 73 0 36 1 33 1 8 66205 132410
 8 95 1 80 1 75 1 7 444453 888906
 9 93 1 89 1 78 1 7 532958 1065916
 10 113 1 87 1 65 1 6 432853 865706
 11 72 0 46 1 30 1 13 63073 126146
 12 100 1 78 1 70 1 9 405277 810554
 58 2508205
 587 233 220 18494144 119020715
 12
 1 105 0 81 1 46 1 18 285434 570868
 2 115 1 81 1 61 1 6 356163 712326
 3 72 0 51 0 23 1 12 67108 134216
 4 65 1 56 1 33 1 9 75505 151010
 5 60 0 44 0 21 1 10 44903 89806
 6 85 1 69 1 65 1 11 268960 537920
 7 90 0 82 0 35 1 6 188378 376756
 8 115 1 94 1 64 1 8 443401 886802
 9 80 0 53 1 33 1 10 112200 224400
 10 95 0 81 0 37 1 6 192232 384464
 11 66 1 46 1 45 1 8 96053 192106
 12 109 0 36 1 25 1 11 80992 161984
 59 2508305
 587 233 220 26500102 110278866
 12
 1 76 1 52 1 46 1 13 142425 284850
 2 66 0 59 1 31 1 15 89144 178288
 3 62 1 55 1 44 1 18 94529 189058
 4 95 0 46 1 36 1 12 109111 218222
 5 63 1 59 1 35 1 7 111509 223018
 6 100 0 37 1 32 1 7 97000 194000
 7 91 0 54 1 37 1 11 124396 248792
 8 49 1 44 1 36 1 14 58024 116048
 9 109 0 66 1 49 1 15 290003 580006
 10 69 0 48 1 27 1 15 75158 150316
 11 109 1 85 1 62 1 15 466392 932784
 12 48 1 47 1 42 1 12 76900 153800
 60 2508405
 587 233 220 25744556 128114252
 12
 1 78 1 72 1 58 1 10 196704 393408
 2 107 1 57 1 57 1 11 220724 441448
 3 72 1 64 1 37 1 15 137702 275404
 4 93 0 66 0 26 1 13 111025 222050
 5 116 0 67 1 35 1 12 228292 456584
 6 101 0 56 1 39 1 11 176371 352742
 7 108 0 100 0 39 1 9 343133 686266
 8 64 1 55 1 33 1 9 80399 160798
 9 73 1 65 1 53 1 7 196398 392796
 10 106 0 41 1 35 1 10 131618 263236
 11 82 0 78 0 28 1 11 112421 224842
 12 79 1 59 1 58 1 9 187566 375132
 61 2508505
 587 233 220 21736700 64592842
 12
 1 109 1 68 1 64 1 5 378309 756618
 2 84 1 58 1 55 1 5 218587 437174
 3 96 0 83 0 24 1 8 158730 317460
 4 74 0 67 1 37 1 11 136188 272376
 5 107 1 73 1 70 1 7 343032 686064
 6 80 1 73 1 54 1 7 267084 534168
 7 72 0 41 1 33 1 13 72643 145286
 8 84 1 79 1 74 1 6 331593 663186
 9 40 0 37 1 20 1 12 25180 50360
 10 74 1 73 1 42 1 6 147433 294866
 11 55 1 48 1 33 1 9 55323 110646
 12 109 1 74 1 70 1 17 465800 931600
 62 2508605
 587 233 220 18589787 141832479
 12
 1 70 1 63 1 50 1 14 189365 378730
 2 100 0 53 1 34 1 9 152375 304750
 3 93 0 78 1 45 1 7 258833 517666
 4 100 0 55 1 48 1 11 218857 437714
 5 98 1 73 1 50 1 9 253817 507634
 6 69 1 45 1 43 1 11 80418 160836
 7 43 1 42 1 36 1 7 49641 99282
 8 104 1 92 1 63 1 11 493325 986650
 9 93 0 36 1 26 1 11 67487 134974
 10 50 1 45 1 41 1 17 63815 127630
 11 119 0 67 1 50 1 9 258146 516292
 12 82 0 49 1 30 1 15 75795 151590
 63 2508705
 587 233 220 22315004 131095335
 12
 1 82 1 76 1 59 1 8 257190 514380
 2 60 1 51 1 50 1 11 126732 253464
 3 104 1 66 1 61 1 6 334534 669068
 4 71 0 36 1 28 1 11 56558 113116
 5 89 0 77 0 26 1 5 120301 240602
 6 108 1 84 1 66 1 8 479996 959992
 7 90 0 51 1 45 1 12 178734 357468
 8 48 1 35 1 33 1 10 38769 77538
 9 89 1 57 1 52 1 8 203752 407504
 10 99 1 77 1 58 1 6 323457 646914
 11 92 1 86 1 66 1 9 436377 872754
 12 93 0 80 1 46 1 11 300887 601774
 64 2508805
 587 233 220 18056038 141649925
 12
 1 114 0 54 0 20 1 8 109973 219946
 2 92 1 87 1 50 1 12 258940 517880
 3 114 0 43 1 26 1 10 82154 164308
 4 93 0 69 1 42 1 4 219759 439518
 5 80 1 79 1 64 1 9 362894 725788
 6 99 0 80 0 29 1 16 201464 402928
 7 60 1 54 1 47 1 8 104146 208292
 8 54 1 53 1 32 1 7 55644 111288
 9 113 1 75 1 68 1 14 441435 882870
 10 67 1 66 1 49 1 10 189314 378628
 11 65 0 30 1 21 1 8 29976 59952
 12 110 0 63 0 29 1 9 164288 328576
 65 2508905
 587 233 220 27032412 214882743
 12
 1 55 0 50 1 26 1 7 53319 106638
 2 48 1 42 1 37 1 14 54606 109212
 3 47 1 34 1 26 1 9 34158 68316
 4 104 0 74 1 50 1 15 264541 529082
 5 83 0 70 1 40 1 16 172145 344290
 6 53 1 52 1 38 1 15 81051 162102
 7 108 0 69 1 49 1 19 305603 611206
 8 78 1 73 1 72 1 13 287525 575050
 9 77 0 62 0 24 1 12 77716 155432
 10 74 0 34 1 21 1 15 34719 69438
 11 49 1 38 1 37 1 15 43740 87480
 12 79 1 50 1 40 1 10 126468 252936
 66 2509005
 587 233 220 19855313 49785222
 12
 1 87 0 45 1 32 1 14 82356 164712
 2 84 1 63 1 46 1 10 212536 425072
 3 84 1 67 1 44 1 10 151872 303744
 4 76 0 55 1 30 1 7 111985 223970
 5 87 1 78 1 61 1 12 313491 626982
 6 115 0 77 1 53 1 3 292756 585512
 7 78 1 72 1 51 1 9 207766 415532
 8 93 1 91 1 62 1 11 432021 864042
 9 48 1 41 1 40 1 8 70741 141482
 10 92 1 82 1 53 1 7 245927 491854
 11 102 1 69 1 54 1 7 338367 676734
 12 80 0 52 1 34 1 10 118092 236184
 67 2509105
 587 233 220 21589493 118544252
 12
 1 119 0 41 1 38 1 13 140755 281510
 2 90 0 44 1 35 1 11 109276 218552
 3 67 0 55 0 27 1 8 88044 176088
 4 71 1 47 1 36 1 11 86749 173498
 5 90 1 55 1 51 1 8 162675 325350
 6 87 0 68 1 40 1 14 171438 342876
 7 87 0 53 1 36 1 12 136619 273238
 8 113 0 47 1 34 1 11 154587 309174
 9 97 0 56 1 35 1 12 160267 320534
 10 90 0 60 0 25 1 16 114918 229836
 11 88 1 75 1 70 1 11 313621 627242
 12 111 0 64 1 51 1 14 300307 600614
 68 2509205
 587 233 220 21982145 137506896
 12
 1 60 1 44 1 36 1 6 70790 141580
 2 76 1 42 1 40 1 9 80607 161214
 3 65 1 49 1 48 1 8 108486 216972
 4 109 0 92 1 51 1 8 325335 650670
 5 93 0 42 1 31 1 10 91103 182206
 6 83 1 64 1 59 1 9 280675 561350
 7 96 1 90 1 55 1 6 304967 609934
 8 52 1 42 1 31 1 9 50741 101482
 9 98 1 72 1 61 1 10 319707 639414
 10 118 0 98 1 57 1 12 531935 1063870
 11 48 1 31 1 25 1 5 31008 62016
 12 75 1 67 1 50 1 11 174578 349156
 69 2509305
 587 233 220 21766768 169121410
 12
 1 91 0 50 1 32 1 14 119273 238546
 2 118 0 66 1 40 1 19 210223 420446
 3 75 0 69 0 32 1 9 110255 220510
 4 81 0 73 0 32 1 15 166622 333244
 5 97 0 69 0 33 1 13 136964 273928
 6 97 0 31 1 27 1 13 58576 117152
 7 57 1 54 1 29 1 15 63132 126264
 8 77 1 71 1 62 1 8 280923 561846
 9 116 0 84 0 27 1 15 171674 343348
 10 85 0 30 1 29 1 13 48960 97920
 11 112 0 51 1 41 1 13 198453 396906
 12 87 0 81 0 23 1 11 124720 249440
 70 2509405
 587 233 220 21580732 138216476
 12
 1 56 0 32 1 28 1 7 38867 77734
 2 92 0 68 1 39 1 8 166970 333940
 3 90 0 86 0 29 1 7 150868 301736
 4 73 1 54 1 52 1 10 143248 286496
 5 114 0 100 0 45 1 13 396515 793030
 6 94 0 51 1 36 1 15 120682 241364
 7 108 0 59 1 38 1 9 193145 386290
 8 89 1 82 1 61 1 10 374268 748536
 9 81 1 71 1 43 1 7 154826 309652
 10 61 1 53 1 37 1 9 102042 204084
 11 85 1 70 1 58 1 8 279346 558692
 12 111 0 98 0 39 1 6 280715 561430
 71 2509505
 587 233 220 20957302 54571741
 12
 1 99 1 64 1 62 1 18 288985 577970
 2 110 0 43 1 37 1 15 118834 237668
 3 96 1 73 1 50 1 8 218305 436610
 4 114 0 53 1 35 1 9 180599 361198
 5 105 0 27 1 22 1 9 44610 89220
 6 75 1 66 1 51 1 11 217796 435592
 7 72 1 61 1 48 1 12 135344 270688
 8 102 0 46 1 32 1 14 103611 207222
 9 59 1 57 1 45 1 13 107088 214176
 10 111 0 45 1 33 1 9 100541 201082
 11 90 1 74 1 58 1 7 324046 648092
 12 55 1 51 1 34 1 16 85273 170546
 72 2509605
 587 233 220 26202939 74754187
 12
 1 96 1 95 1 68 1 11 486491 972982
 2 69 1 61 1 35 1 5 128482 256964
 3 107 1 70 1 55 1 11 280389 560778
 4 92 0 85 0 34 1 9 210287 420574
 5 96 0 60 1 31 1 9 144821 289642
 6 66 1 38 1 38 1 12 67231 134462
 7 63 1 57 1 36 1 15 98023 196046
 8 51 1 31 1 31 1 14 35665 71330
 9 100 0 75 1 44 1 10 227735 455470
 10 78 1 66 1 53 1 14 183036 366072
 11 33 1 32 1 29 1 15 22013 44026
 12 81 1 72 1 45 1 10 181232 362464
 73 2509705
 587 233 220 22825999 80951421
 12
 1 90 0 73 1 37 1 8 173506 347012
 2 102 0 95 0 33 1 15 276368 552736
 3 117 0 38 1 30 1 13 99751 199502
 4 75 1 73 1 57 1 8 188870 377740
 5 86 0 36 1 34 1 9 79437 158874
 6 101 1 81 1 62 1 10 428279 856558
 7 90 1 66 1 65 1 14 250355 500710
 8 76 1 69 1 51 1 7 221508 443016
 9 65 0 30 1 30 1 13 37371 74742
 10 61 1 46 1 37 1 12 75182 150364
 11 96 0 52 1 45 1 9 195170 390340
 12 112 0 57 0 27 1 9 112238 224476
 74 2509805
 587 233 220 19080587 71180507
 12
 1 86 1 79 1 69 1 7 328860 657720
 2 53 1 46 1 31 1 7 62461 124922
 3 96 0 51 1 37 1 11 137342 274684
 4 119 0 55 1 54 1 9 280750 561500
 5 77 0 74 0 37 1 8 168225 336450
 6 96 0 73 0 24 1 9 119129 238258
 7 75 1 67 1 54 1 5 172055 344110
 8 88 1 71 1 61 1 11 278101 556202
 9 120 0 93 0 46 1 6 330676 661352
 10 104 1 70 1 69 1 9 317590 635180
 11 72 1 69 1 61 1 12 218867 437734
 12 68 1 51 1 43 1 7 113119 226238
 75 2509905
 587 233 220 18440893 64751939
 12
 1 101 0 81 0 24 1 9 158985 317970
 2 94 0 72 0 29 1 12 134395 268790
 3 79 1 72 1 47 1 11 197406 394812
 4 90 0 36 1 35 1 14 68112 136224
 5 68 1 51 1 40 1 11 108470 216940
 6 48 1 45 1 35 1 7 66349 132698
 7 108 1 84 1 69 1 9 535482 1070964
 8 91 0 45 1 31 1 6 101153 202306
 9 84 1 80 1 62 1 9 352954 705908
 10 77 1 71 1 41 1 11 181915 363830
 11 91 0 78 1 42 1 4 186748 373496
 12 82 1 80 1 60 1 13 342063 684126
 76 2510005
 587 233 220 18525795 82834813
 12
 1 77 0 42 1 30 1 12 81540 163080
 2 98 0 45 1 28 1 7 107020 214040
 3 61 1 58 1 32 1 5 82659 165318
 4 92 1 77 1 61 1 13 340532 681064
 5 58 0 44 1 27 1 11 52741 105482
 6 108 0 72 1 50 1 6 237300 474600
 7 93 1 72 1 71 1 11 407740 815480
 8 111 0 49 1 30 1 13 137759 275518
 9 79 1 66 1 49 1 10 167203 334406
 10 85 0 74 1 39 1 9 220400 440800
 11 106 0 34 1 33 1 9 106186 212372
 12 113 1 91 1 76 1 7 494547 989094
 77 2510105
 587 233 220 23414720 185659389
 12
 1 73 0 73 0 36 1 16 120847 241694
 2 87 0 49 1 26 1 12 82586 165172
 3 68 1 53 1 44 1 10 97041 194082
 4 73 0 57 1 33 1 24 113353 226706
 5 65 1 49 1 47 1 13 96020 192040
 6 80 0 65 1 35 1 15 157476 314952
 7 72 0 35 1 26 1 18 40489 80978
 8 75 1 68 1 40 1 14 145346 290692
 9 104 0 53 1 34 1 17 138408 276816
 10 97 0 93 0 45 1 16 247419 494838
 11 79 1 54 1 49 1 10 165752 331504
 12 52 1 32 1 27 1 6 39261 78522
 78 2510205
 587 233 220 22219386 122828757
 12
 1 105 0 68 1 42 1 12 240687 481374
 2 75 0 37 1 24 1 19 46048 92096
 3 79 0 73 0 26 1 14 122550 245100
 4 95 0 53 1 38 1 15 126167 252334
 5 50 1 41 1 40 1 10 69423 138846
 6 80 1 59 1 52 1 8 204132 408264
 7 90 0 74 0 35 1 15 201337 402674
 8 87 1 60 1 60 1 16 232360 464720
 9 68 1 50 1 39 1 14 118842 237684
 10 78 0 64 0 25 1 12 76782 153564
 11 73 1 65 1 52 1 12 177371 354742
 12 83 0 48 1 38 1 16 113139 226278
 79 2510305
 587 233 220 22567939 67999567
 12
 1 64 1 48 1 46 1 14 112214 224428
 2 79 0 25 1 22 1 23 38660 77320
 3 89 0 85 0 33 1 19 193944 387888
 4 79 0 66 1 34 1 17 119054 238108
 5 79 0 54 1 31 1 16 108181 216362
 6 115 0 95 0 22 1 11 204460 408920
 7 76 1 54 1 44 1 20 154340 308680
 8 80 0 44 1 29 1 10 80104 160208
 9 66 0 33 1 26 1 15 35358 70716
 10 50 1 32 1 32 1 15 43131 86262
 11 116 0 93 0 21 1 19 156169 312338
 12 113 0 64 1 50 1 11 245252 490504
 80 2510405
 587 233 220 25122080 192614487
 12
 1 78 1 59 1 54 1 11 188485 376970
 2 120 0 52 0 20 1 11 83652 167304
 3 100 1 67 1 54 1 12 252578 505156
 4 91 0 59 1 37 1 9 129444 258888
 5 112 0 57 1 56 1 17 315132 630264
 6 88 0 46 1 34 1 16 104322 208644
 7 108 0 78 1 53 1 12 374493 748986
 8 100 0 48 1 29 1 17 91536 183072
 9 89 0 88 0 21 1 5 102190 204380
 10 90 0 40 1 21 1 9 53543 107086
 11 89 0 37 1 36 1 12 77481 154962
 12 62 0 53 0 20 1 12 50770 101540
 81 2510505
 587 233 220 19277504 118838415
 12
 1 110 0 60 1 55 1 6 304881 609762
 2 80 1 78 1 71 1 9 326557 653114
 3 110 0 75 1 50 1 4 311770 623540
 4 100 0 72 1 40 1 11 225906 451812
 5 103 0 60 1 32 1 6 131890 263780
 6 70 1 60 1 49 1 10 164334 328668
 7 80 1 72 1 62 1 7 305306 610612
 8 120 1 74 1 67 1 11 453986 907972
 9 75 0 52 1 37 1 7 120643 241286
 10 57 1 54 1 48 1 6 125588 251176
 11 62 1 55 1 53 1 10 146723 293446
 12 83 0 73 0 36 1 14 150119 300238
 82 2510605
 587 233 220 22823736 115602276
 12
 1 65 1 51 1 50 1 11 106674 213348
 2 113 0 78 0 28 1 9 161175 322350
 3 120 0 35 1 32 1 10 119906 239812
 4 71 0 53 0 20 1 12 67376 134752
 5 94 1 70 1 64 1 10 253348 506696
 6 64 0 33 1 32 1 14 42254 84508
 7 71 0 35 1 21 1 9 45447 90894
 8 85 1 59 1 49 1 11 203698 407396
 9 108 0 62 1 53 1 14 242238 484476
 10 116 0 56 0 25 1 16 110841 221682
 11 75 0 69 1 35 1 6 135882 271764
 12 114 0 85 1 53 1 13 328276 656552
 83 2510705
 587 233 220 22663455 106700043
 12
 1 83 1 71 1 46 1 14 163091 326182
 2 76 1 63 1 54 1 11 186041 372082
 3 91 0 56 1 40 1 9 148904 297808
 4 61 1 42 1 34 1 12 71796 143592
 5 84 1 67 1 47 1 12 228165 456330
 6 95 1 79 1 57 1 12 360451 720902
 7 90 0 80 0 23 1 11 142805 285610
 8 69 0 43 1 28 1 12 66457 132914
 9 72 1 69 1 48 1 5 167544 335088
 10 83 1 64 1 58 1 9 241389 482778
 11 99 0 94 0 24 1 13 141173 282346
 12 96 1 69 1 53 1 7 236321 472642
 84 2510805
 587 233 220 18594744 95487633
 12
 1 114 0 77 1 42 1 8 295308 590616
 2 105 1 81 1 74 1 14 455399 910798
 3 76 1 73 1 50 1 14 224944 449888
 4 104 0 91 0 41 1 13 236204 472408
 5 75 0 70 0 23 1 14 89779 179558
 6 93 0 67 0 20 1 11 92243 184486
 7 89 0 54 0 25 1 15 96035 192070
 8 89 0 46 1 28 1 9 84172 168344
 9 36 1 35 1 24 1 8 21016 42032
 10 72 0 50 1 29 1 10 66804 133608
 11 72 1 41 1 38 1 12 67637 135274
 12 84 0 32 1 24 1 10 44833 89666
 85 2510905
 587 233 220 18611316 60835379
 12
 1 55 0 37 1 22 1 17 32124 64248
 2 72 0 55 1 31 1 7 85409 170818
 3 61 1 56 1 36 1 10 107641 215282
 4 76 0 72 0 22 1 10 83681 167362
 5 74 1 66 1 61 1 11 228932 457864
 6 43 1 39 1 32 1 10 40475 80950
 7 108 0 98 0 27 1 11 214435 428870
 8 109 1 73 1 65 1 11 421803 843606
 9 97 0 92 0 40 1 6 254128 508256
 10 109 1 80 1 62 1 14 486111 972222
 11 57 1 57 1 45 1 4 124374 248748
 12 114 0 43 1 41 1 15 124045 248090
 86 2511005
 587 233 220 23921799 175005695
 12
 1 87 0 33 1 28 1 9 52596 105192
 2 97 1 70 1 57 1 17 289223 578446
 3 71 1 57 1 38 1 10 125930 251860
 4 63 1 53 1 47 1 12 111238 222476
 5 77 0 56 1 37 1 9 132651 265302
 6 102 0 67 1 47 1 9 249464 498928
 7 72 0 31 1 29 1 10 55870 111740
 8 84 0 58 1 38 1 7 159901 319802
 9 84 1 57 1 56 1 14 241095 482190
 10 88 0 76 0 33 1 11 154252 308504
 11 109 1 76 1 73 1 8 376355 752710
 12 57 1 55 1 54 1 10 142805 285610
 87 2511105
 587 233 220 18685186 78483211
 12
 1 119 0 34 1 28 1 9 99044 198088
 2 84 1 69 1 48 1 13 198004 396008
 3 97 1 82 1 78 1 11 373384 746768
 4 109 0 43 1 33 1 14 121514 243028
 5 80 1 75 1 47 1 8 201324 402648
 6 74 0 62 0 30 1 10 91776 183552
 7 40 1 35 1 31 1 9 33569 67138
 8 58 0 43 1 26 1 8 50000 100000
 9 111 1 73 1 71 1 10 419010 838020
 10 95 0 66 1 43 1 6 181009 362018
 11 96 0 82 0 28 1 9 137790 275580
 12 84 1 73 1 66 1 6 329005 658010
 88 2511205
 587 233 220 24454713 149452006
 12
 1 100 0 60 1 40 1 9 167041 334082
 2 89 0 67 1 34 1 15 179453 358906
 3 92 0 80 0 38 1 15 243211 486422
 4 90 0 81 0 24 1 13 133253 266506
 5 84 0 52 1 38 1 14 149018 298036
 6 77 1 54 1 46 1 19 145039 290078
 7 90 0 49 1 33 1 11 109115 218230
 8 78 0 45 1 27 1 13 82504 165008
 9 76 0 57 0 28 1 17 88676 177352
 10 102 0 38 1 27 1 13 93938 187876
 11 55 1 45 1 39 1 13 58087 116174
 12 115 0 78 0 29 1 19 198585 397170
 89 2511305
 587 233 220 25123395 159631338
 12
 1 95 0 92 0 46 1 5 285206 570412
 2 65 1 60 1 40 1 10 127547 255094
 3 103 1 62 1 59 1 8 253978 507956
 4 71 1 65 1 52 1 8 193749 387498
 5 119 0 87 0 28 1 4 214438 428876
 6 109 1 92 1 78 1 11 685059 1370118
 7 58 1 54 1 35 1 11 76327 152654
 8 98 1 73 1 64 1 8 402684 805368
 9 44 1 44 1 40 1 8 52801 105602
 10 70 0 69 1 35 1 4 146722 293444
 11 119 0 61 1 58 1 10 287207 574414
 12 89 1 55 1 45 1 6 168428 336856
 90 2511405
 587 233 220 22037382 67571875
 12
 1 91 0 52 1 33 1 7 133388 266776
 2 87 1 81 1 63 1 6 399065 798130
 3 113 0 79 1 45 1 15 345947 691894
 4 114 0 52 1 45 1 8 221835 443670
 5 110 1 90 1 66 1 4 426651 853302
 6 81 0 41 1 31 1 8 73224 146448
 7 108 0 67 1 37 1 9 195649 391298
 8 118 0 82 1 57 1 9 386247 772494
 9 96 0 60 0 30 1 7 137843 275686
 10 43 1 42 1 36 1 11 53979 107958
 11 93 1 78 1 77 1 8 425152 850304
 12 85 0 62 0 25 1 7 109870 219740
 91 2511505
 587 233 220 25210764 111476558
 12
 1 86 1 65 1 57 1 7 261286 522572
 2 61 1 37 1 32 1 10 61778 123556
 3 39 1 33 1 27 1 10 25163 50326
 4 85 0 33 1 26 1 11 46095 92190
 5 101 0 94 0 42 1 6 277459 554918
 6 65 1 53 1 46 1 15 102884 205768
 7 76 1 72 1 39 1 10 147776 295552
 8 47 1 42 1 25 1 14 34991 69982
 9 93 1 76 1 60 1 15 299591 599182
 10 95 1 74 1 51 1 14 277272 554544
 11 97 0 66 0 32 1 14 170007 340014
 12 116 0 78 0 37 1 12 265456 530912
 92 2511605
 587 233 220 26289448 203886779
 12
 1 96 1 82 1 63 1 12 315682 631364
 2 74 1 63 1 59 1 6 240129 480258
 3 86 0 60 1 43 1 13 146710 293420
 4 90 1 67 1 57 1 7 301916 603832
 5 97 1 91 1 80 1 10 621766 1243532
 6 116 0 61 0 28 1 14 136440 272880
 7 86 0 41 1 35 1 7 104724 209448
 8 67 0 44 1 26 1 11 58855 117710
 9 115 0 79 0 31 1 7 175192 350384
 10 62 1 59 1 46 1 9 106575 213150
 11 49 1 41 1 39 1 14 60630 121260
 12 55 1 48 1 33 1 6 57596 115192
 93 2511705
 587 233 220 21725039 132580891
 12
 1 78 0 69 1 37 1 8 128943 257886
 2 115 1 90 1 58 1 7 418130 836260
 3 68 0 53 0 20 1 8 63298 126596
 4 119 0 71 1 47 1 7 242551 485102
 5 100 1 82 1 57 1 7 303376 606752
 6 88 1 76 1 52 1 4 259213 518426
 7 95 0 90 0 43 1 4 251309 502618
 8 87 1 72 1 62 1 7 332018 664036
 9 80 1 66 1 47 1 10 151308 302616
 10 120 1 78 1 67 1 7 420845 841690
 11 103 1 65 1 60 1 7 280302 560604
 12 86 1 60 1 50 1 8 197086 394172
 94 2511805
 587 233 220 23044131 170361132
 12
 1 75 1 73 1 69 1 8 259927 519854
 2 66 1 56 1 40 1 12 101594 203188
 3 64 1 51 1 41 1 14 112714 225428
 4 90 0 52 1 28 1 15 113781 227562
 5 73 0 33 1 28 1 16 43491 86982
 6 91 1 76 1 60 1 13 262847 525694
 7 54 1 45 1 28 1 9 45838 91676
 8 107 1 81 1 56 1 12 305675 611350
 9 63 1 53 1 44 1 6 114328 228656
 10 88 1 75 1 50 1 11 256470 512940
 11 79 0 76 0 20 1 9 86944 173888
 12 116 1 71 1 66 1 5 457979 915958
 95 2511905
 587 233 220 18610246 117042147
 12
 1 101 0 69 0 20 1 14 101694 203388
 2 108 0 66 1 54 1 14 253040 506080
 3 74 0 62 1 33 1 12 132910 265820
 4 69 0 61 1 33 1 16 124648 249296
 5 71 0 64 0 31 1 24 95037 190074
 6 38 1 32 1 30 1 14 30587 61174
 7 108 0 47 1 37 1 17 135858 271716
 8 100 0 41 1 36 1 13 88923 177846
 9 99 0 79 0 39 1 11 191420 382840
 10 83 0 55 0 22 1 16 66268 132536
 11 99 0 49 1 36 1 15 155474 310948
 12 83 0 56 0 22 1 20 61888 123776
 96 2512005
 587 233 220 21571716 125680302
 12
 1 64 0 42 1 26 1 14 62238 124476
 2 92 1 58 1 52 1 14 214255 428510
 3 92 0 85 0 21 1 11 135310 270620
 4 90 0 49 1 33 1 11 93483 186966
 5 54 1 48 1 34 1 16 77506 155012
 6 95 0 62 1 45 1 10 209472 418944
 7 72 1 49 1 46 1 12 123389 246778
 8 56 0 42 1 25 1 9 39060 78120
 9 64 0 34 1 26 1 18 41979 83958
 10 113 0 90 1 54 1 11 438424 876848
 11 113 0 52 1 42 1 13 181377 362754
 12 94 0 86 0 38 1 16 186187 372374
 97 2512105
 587 233 220 26464125 91581117
 12
 1 74 0 60 1 32 1 13 101175 202350
 2 100 0 50 1 43 1 10 148377 296754
 3 95 0 74 1 42 1 11 254358 508716
 4 95 0 70 0 30 1 14 171685 343370
 5 45 1 37 1 24 1 13 25819 51638
 6 67 0 60 0 25 1 13 72441 144882
 7 55 1 51 1 35 1 13 71988 143976
 8 76 1 71 1 61 1 7 205509 411018
 9 119 0 88 1 51 1 12 469354 938708
 10 98 0 81 0 26 1 9 166396 332792
 11 86 1 69 1 61 1 11 271193 542386
 12 117 0 54 1 30 1 11 127112 254224
 98 2512205
 587 233 220 23738251 175238673
 12
 1 106 0 55 1 38 1 12 194519 389038
 2 69 1 50 1 48 1 19 102070 204140
 3 106 1 63 1 57 1 11 311823 623646
 4 71 1 66 1 51 1 11 157100 314200
 5 62 1 41 1 36 1 15 57174 114348
 6 75 1 49 1 39 1 5 125921 251842
 7 90 1 64 1 53 1 10 213254 426508
 8 96 1 79 1 55 1 9 275530 551060
 9 83 1 75 1 67 1 12 292512 585024
 10 58 1 48 1 30 1 12 55769 111538
 11 81 0 59 0 24 1 7 75623 151246
 12 71 1 56 1 41 1 10 138702 277404
 99 2512305
 587 233 220 18539422 77766061
 12
 1 51 1 46 1 44 1 20 85445 170890
 2 95 0 92 1 47 1 16 256877 513754
 3 116 0 39 1 23 1 12 93342 186684
 4 51 1 37 1 32 1 8 38877 77754
 5 117 0 44 1 38 1 8 170737 341474
 6 103 1 89 1 73 1 9 406503 813006
 7 73 1 55 1 54 1 13 174923 349846
 8 116 0 98 0 40 1 10 374303 748606
 9 62 0 48 0 22 1 9 56979 113958
 10 106 0 38 1 30 1 8 106830 213660
 11 100 0 40 1 32 1 14 89424 178848
 12 87 0 53 0 26 1 8 76135 152270
 100 2512405
 587 233 220 25831930 136357666
 12
 1 78 1 49 1 47 1 8 154447 308894
 2 46 1 45 1 43 1 13 58810 117620
 3 98 0 44 1 36 1 10 136286 272572
 4 100 0 89 0 31 1 11 207715 415430
 5 108 0 76 1 47 1 7 274918 549836
 6 75 0 36 1 28 1 12 49024 98048
 7 108 1 82 1 56 1 16 416568 833136
 8 45 1 41 1 24 1 14 36020 72040
 9 103 0 48 1 38 1 11 125970 251940
 10 74 1 62 1 46 1 10 132710 265420
 11 96 0 56 1 44 1 10 150084 300168
 12 117 0 64 1 42 1 13 233524 467048
