100
 1 2502505
 587 233 220 26880973 103144630
 15
 1 108 0 76 0 30 1 12 193176 386352
 2 110 0 43 1 25 1 12 93687 187374
 3 92 1 81 1 55 1 6 262934 525868
 4 81 0 33 1 28 1 9 61478 122956
 5 120 1 99 1 73 1 5 600308 1200616
 6 111 0 70 1 48 1 12 251263 502526
 7 98 0 72 1 46 1 9 262806 525612
 8 95 0 66 0 31 1 10 155078 310156
 9 85 0 84 0 30 1 8 190191 380382
 10 71 0 32 1 25 1 3 38754 77508
 11 36 1 34 1 25 1 10 19541 39082
 12 97 1 67 1 62 1 7 325325 650650
 13 33 1 25 1 23 1 7 16708 33416
 14 95 0 27 1 26 1 10 57045 114090
 15 94 0 81 1 44 1 9 252983 505966
 2 2502605
 587 233 220 23406449 160768184
 15
 1 49 0 25 1 21 1 13 18068 36136
 2 60 1 51 1 41 1 9 112036 224072
 3 103 1 76 1 64 1 8 340226 680452
 4 95 1 70 1 62 1 6 312891 625782
 5 111 0 49 1 26 1 10 114576 229152
 6 85 1 84 1 72 1 10 325588 651176
 7 48 1 36 1 31 1 10 32244 64488
 8 86 0 76 0 38 1 12 162825 325650
 9 71 1 48 1 47 1 14 126402 252804
 10 90 0 43 1 33 1 9 97480 194960
 11 98 0 52 1 44 1 9 163387 326774
 12 73 0 37 1 23 1 10 45497 90994
 13 61 1 48 1 39 1 14 90121 180242
 14 75 1 75 1 63 1 11 292460 584920
 15 74 1 42 1 40 1 4 87970 175940
 3 2502705
 587 233 220 19515437 105748065
 15
 1 97 0 81 0 27 1 6 142613 285226
 2 102 0 78 0 39 1 6 246708 493416
 3 113 0 46 1 36 1 15 147311 294622
 4 66 1 50 1 42 1 8 119341 238682
 5 101 0 30 1 26 1 6 70036 140072
 6 100 0 56 1 35 1 7 129610 259220
 7 91 0 50 1 40 1 12 138462 276924
 8 106 1 61 1 56 1 10 225330 450660
 9 103 1 63 1 58 1 8 297469 594938
 10 75 1 57 1 41 1 11 156210 312420
 11 71 1 68 1 64 1 6 207446 414892
 12 85 0 67 1 39 1 14 157454 314908
 13 97 1 63 1 56 1 9 279765 559530
 14 61 0 48 1 30 1 11 67510 135020
 15 80 0 54 1 35 1 9 120135 240270
 4 2502805
 587 233 220 26305104 170862124
 15
 1 113 0 92 0 33 1 8 259557 519114
 2 52 1 37 1 28 1 12 40778 81556
 3 57 1 33 1 29 1 5 38790 77580
 4 99 0 37 1 30 1 12 86966 173932
 5 92 0 64 1 33 1 9 157542 315084
 6 119 0 59 1 39 1 12 244803 489606
 7 54 1 52 1 49 1 8 113215 226430
 8 75 0 45 1 35 1 6 88735 177470
 9 79 1 68 1 44 1 12 168313 336626
 10 116 0 49 1 47 1 9 181789 363578
 11 83 0 44 1 23 1 11 68804 137608
 12 98 1 96 1 56 1 10 419824 839648
 13 78 1 72 1 57 1 8 224064 448128
 14 98 0 88 1 47 1 9 287263 574526
 15 41 1 33 1 31 1 13 27547 55094
 5 2502905
 587 233 220 21948870 157784253
 15
 1 88 0 54 1 39 1 7 121327 242654
 2 94 0 54 1 36 1 5 139090 278180
 3 87 0 77 1 43 1 11 204801 409602
 4 100 1 80 1 72 1 8 444970 889940
 5 83 0 40 1 36 1 16 81197 162394
 6 91 0 54 0 22 1 13 79768 159536
 7 109 0 58 1 54 1 16 281244 562488
 8 94 0 55 1 30 1 10 106085 212170
 9 34 1 32 1 31 1 8 29230 58460
 10 83 1 80 1 57 1 4 319566 639132
 11 108 0 40 1 26 1 11 83028 166056
 12 72 0 37 1 32 1 8 61830 123660
 13 93 0 93 0 28 1 13 185746 371492
 14 71 0 56 1 33 1 10 103219 206438
 15 104 0 78 0 26 1 5 189566 379132
 6 2503005
 587 233 220 20785740 140223287
 15
 1 86 1 84 1 45 1 11 266578 533156
 2 81 0 45 1 34 1 15 99580 199160
 3 70 1 54 1 37 1 12 125136 250272
 4 71 1 61 1 52 1 9 155102 310204
 5 78 1 73 1 40 1 10 140789 281578
 6 69 1 63 1 46 1 12 152248 304496
 7 72 1 67 1 56 1 9 162542 325084
 8 75 0 75 0 36 1 7 162990 325980
 9 94 1 88 1 50 1 8 337990 675980
 10 65 1 51 1 50 1 10 112717 225434
 11 81 1 56 1 46 1 5 167747 335494
 12 68 0 44 1 27 1 6 65365 130730
 13 108 0 52 1 45 1 10 183961 367922
 14 114 0 80 1 44 1 7 287151 574302
 15 84 0 39 1 22 1 7 59012 118024
 7 2503105
 587 233 220 26977819 128939514
 15
 1 118 0 79 1 51 1 9 331800 663600
 2 86 0 32 1 31 1 9 72342 144684
 3 64 1 58 1 52 1 5 128430 256860
 4 42 1 42 1 32 1 9 37031 74062
 5 64 1 55 1 43 1 7 109672 219344
 6 84 0 70 0 35 1 10 164393 328786
 7 76 0 57 1 36 1 11 124579 249158
 8 95 1 60 1 55 1 6 205908 411816
 9 80 1 66 1 52 1 5 195756 391512
 10 109 0 73 0 23 1 8 143325 286650
 11 72 1 65 1 54 1 9 211157 422314
 12 98 0 55 1 44 1 8 169654 339308
 13 88 0 61 1 31 1 8 102847 205694
 14 94 1 82 1 66 1 7 399398 798796
 15 78 1 77 1 64 1 12 317444 634888
 8 2503205
 587 233 220 23225370 79683691
 15
 1 75 1 58 1 57 1 6 215149 430298
 2 57 1 37 1 30 1 5 52751 105502
 3 79 0 74 0 35 1 5 155712 311424
 4 104 1 99 1 74 1 11 506736 1013472
 5 55 1 46 1 31 1 7 57328 114656
 6 99 0 98 0 33 1 5 210608 421216
 7 90 1 85 1 59 1 7 367599 735198
 8 115 0 74 1 44 1 9 280239 560478
 9 107 0 67 0 21 1 9 103727 207454
 10 81 1 76 1 55 1 8 293738 587476
 11 118 0 84 0 27 1 4 166480 332960
 12 67 1 60 1 38 1 5 121451 242902
 13 78 1 48 1 46 1 7 134415 268830
 14 67 1 53 1 49 1 10 121644 243288
 15 74 1 43 1 38 1 6 99838 199676
 9 2503305
 587 233 220 22135709 76554919
 15
 1 90 1 70 1 63 1 2 317607 635214
 2 84 0 78 0 28 1 6 126197 252394
 3 94 0 85 0 39 1 9 228004 456008
 4 80 1 76 1 54 1 8 227884 455768
 5 69 1 50 1 45 1 10 138831 277662
 6 70 1 57 1 37 1 8 124307 248614
 7 94 1 61 1 54 1 5 189864 379728
 8 92 0 44 1 29 1 8 72048 144096
 9 72 1 53 1 37 1 13 99571 199142
 10 89 0 43 1 27 1 8 71140 142280
 11 91 0 44 1 28 1 7 89289 178578
 12 78 1 76 1 68 1 11 276807 553614
 13 84 0 61 1 33 1 5 117897 235794
 14 107 0 40 1 39 1 13 137510 275020
 15 114 1 75 1 69 1 11 429791 859582
 10 2503405
 587 233 220 24504108 100586131
 15
 1 68 0 66 0 31 1 10 109951 219902
 2 120 0 34 1 26 1 6 88315 176630
 3 95 1 76 1 60 1 12 383718 767436
 4 61 1 47 1 34 1 11 77420 154840
 5 53 1 45 1 36 1 7 61250 122500
 6 80 1 52 1 42 1 9 106209 212418
 7 109 0 63 0 28 1 6 161292 322584
 8 74 0 64 1 35 1 13 104524 209048
 9 53 1 40 1 36 1 10 47798 95596
 10 102 1 96 1 59 1 9 359833 719666
 11 64 1 60 1 47 1 7 150784 301568
 12 99 0 90 0 32 1 7 204744 409488
 13 76 1 50 1 43 1 10 142833 285666
 14 90 0 75 0 25 1 15 124587 249174
 15 94 0 65 1 37 1 12 165442 330884
 11 2503505
 587 233 220 26914425 173872625
 15
 1 74 1 63 1 61 1 7 181957 363914
 2 71 0 60 0 25 1 8 90092 180184
 3 106 1 80 1 59 1 10 312043 624086
 4 109 0 76 1 42 1 9 217791 435582
 5 118 0 56 0 22 1 8 110579 221158
 6 105 0 67 1 43 1 4 228618 457236
 7 72 1 65 1 37 1 10 137604 275208
 8 84 1 59 1 54 1 12 177512 355024
 9 91 0 69 0 26 1 11 109798 219596
 10 69 0 31 1 28 1 8 46994 93988
 11 76 0 67 1 37 1 8 164557 329114
 12 48 1 39 1 25 1 14 37354 74708
 13 91 1 79 1 66 1 8 418275 836550
 14 72 1 63 1 42 1 8 128212 256424
 15 74 1 74 1 60 1 6 247527 495054
 12 2503605
 587 233 220 21562571 129875763
 15
 1 95 1 80 1 57 1 7 297353 594706
 2 112 0 87 0 23 1 11 186847 373694
 3 116 0 41 1 40 1 8 143564 287128
 4 98 1 80 1 56 1 10 276354 552708
 5 108 1 60 1 59 1 7 331309 662618
 6 82 1 77 1 67 1 12 369988 739976
 7 67 1 46 1 36 1 6 90381 180762
 8 104 0 72 1 44 1 7 207665 415330
 9 89 0 56 0 24 1 8 77221 154442
 10 64 1 36 1 36 1 6 67472 134944
 11 101 0 86 0 31 1 4 210365 420730
 12 69 1 65 1 37 1 7 134451 268902
 13 106 0 39 1 22 1 11 75223 150446
 14 100 0 58 1 37 1 12 181196 362392
 15 56 1 53 1 35 1 6 72978 145956
 13 2503705
 587 233 220 24566509 106468003
 15
 1 52 0 36 1 25 1 19 31703 63406
 2 63 0 37 1 21 1 18 37745 75490
 3 100 0 61 1 36 1 9 182837 365674
 4 79 0 52 1 36 1 17 104686 209372
 5 99 0 63 1 36 1 13 181858 363716
 6 97 0 49 1 30 1 13 95931 191862
 7 90 1 69 1 55 1 10 210166 420332
 8 91 0 33 1 28 1 14 75533 151066
 9 111 0 76 1 41 1 7 220074 440148
 10 95 0 44 1 35 1 11 113962 227924
 11 74 0 47 1 29 1 10 62970 125940
 12 100 0 48 0 20 1 12 80472 160944
 13 75 0 38 1 30 1 16 68294 136588
 14 86 1 68 1 44 1 18 197598 395196
 15 72 0 52 1 33 1 16 109368 218736
 14 2503805
 587 233 220 25149713 68173590
 15
 1 68 0 48 1 31 1 7 63519 127038
 2 104 1 80 1 63 1 9 431791 863582
 3 82 0 46 0 21 1 12 50314 100628
 4 114 1 78 1 60 1 7 395792 791584
 5 90 1 74 1 66 1 11 293180 586360
 6 112 0 54 1 36 1 8 192574 385148
 7 71 1 64 1 54 1 8 215991 431982
 8 74 0 53 1 33 1 10 88988 177976
 9 75 1 62 1 57 1 9 199372 398744
 10 68 1 62 1 52 1 10 147855 295710
 11 64 1 49 1 47 1 6 128194 256388
 12 60 1 39 1 36 1 11 71369 142738
 13 55 1 45 1 35 1 12 69305 138610
 14 59 1 35 1 31 1 11 53705 107410
 15 104 0 47 1 34 1 12 133484 266968
 15 2503905
 587 233 220 22710890 101360006
 15
 1 100 0 44 1 37 1 7 142645 285290
 2 90 1 78 1 55 1 4 268251 536502
 3 65 1 57 1 42 1 7 97077 194154
 4 85 0 58 1 41 1 8 125978 251956
 5 81 1 69 1 50 1 4 249282 498564
 6 84 1 78 1 51 1 7 229003 458006
 7 109 1 73 1 73 1 7 444339 888678
 8 73 1 58 1 52 1 4 192775 385550
 9 73 1 49 1 40 1 8 89037 178074
 10 120 0 60 1 39 1 7 202462 404924
 11 111 1 80 1 68 1 13 442863 885726
 12 71 1 70 1 53 1 3 220620 441240
 13 71 1 70 1 59 1 9 207826 415652
 14 93 0 78 0 33 1 3 157750 315500
 15 83 1 71 1 43 1 4 226972 453944
 16 2504005
 587 233 220 23745698 124752855
 15
 1 43 1 40 1 39 1 10 44425 88850
 2 97 0 76 1 40 1 11 237833 475666
 3 67 1 63 1 47 1 6 132586 265172
 4 98 0 57 1 38 1 9 131654 263308
 5 73 0 71 0 27 1 5 88610 177220
 6 66 1 56 1 41 1 7 135465 270930
 7 82 1 75 1 72 1 7 343064 686128
 8 93 0 71 1 43 1 10 187516 375032
 9 95 0 35 1 28 1 5 59766 119532
 10 88 1 72 1 68 1 7 369512 739024
 11 88 0 85 0 35 1 8 224093 448186
 12 100 1 83 1 69 1 11 358207 716414
 13 74 0 30 1 27 1 15 40276 80552
 14 82 1 64 1 61 1 6 218236 436472
 15 63 1 38 1 32 1 5 53763 107526
 17 2504105
 587 233 220 19501969 117905865
 15
 1 72 0 49 1 35 1 10 101944 203888
 2 75 1 66 1 47 1 9 208993 417986
 3 78 0 30 1 22 1 8 45548 91096
 4 119 1 79 1 79 1 6 657108 1314216
 5 76 1 65 1 62 1 9 237349 474698
 6 119 1 81 1 65 1 8 469318 938636
 7 91 0 77 0 36 1 8 198231 396462
 8 113 0 89 0 27 1 9 219455 438910
 9 98 0 59 1 44 1 10 216706 433412
 10 76 1 55 1 43 1 8 114784 229568
 11 58 1 51 1 31 1 8 65377 130754
 12 94 0 40 1 25 1 8 70173 140346
 13 89 0 66 1 43 1 7 168526 337052
 14 119 0 55 1 50 1 4 204733 409466
 15 70 0 43 1 34 1 9 87099 174198
 18 2504205
 587 233 220 24956208 81941931
 15
 1 104 0 55 1 30 1 3 143553 287106
 2 92 1 89 1 73 1 7 504172 1008344
 3 88 0 88 0 43 1 6 246319 492638
 4 90 1 60 1 60 1 9 222218 444436
 5 79 1 53 1 41 1 4 145751 291502
 6 96 0 91 0 28 1 5 164691 329382
 7 100 1 90 1 79 1 7 537379 1074758
 8 73 0 42 1 32 1 3 65969 131938
 9 115 1 85 1 60 1 5 493193 986386
 10 113 1 83 1 76 1 10 629181 1258362
 11 68 0 50 1 31 1 5 84901 169802
 12 70 0 41 1 30 1 8 70325 140650
 13 104 0 60 0 26 1 7 116682 233364
 14 86 0 36 1 29 1 4 68443 136886
 15 114 0 31 1 29 1 5 80993 161986
 19 2504305
 587 233 220 20877109 131652350
 15
 1 60 0 45 1 26 1 11 54235 108470
 2 71 1 43 1 39 1 9 97771 195542
 3 99 1 71 1 64 1 5 275793 551586
 4 61 1 41 1 40 1 6 73158 146316
 5 83 1 79 1 43 1 6 246456 492912
 6 63 1 52 1 35 1 9 75033 150066
 7 54 0 33 1 20 1 7 24339 48678
 8 62 1 57 1 51 1 5 129060 258120
 9 79 1 76 1 71 1 13 279620 559240
 10 91 1 81 1 48 1 7 218176 436352
 11 95 0 70 0 23 1 14 127486 254972
 12 101 0 57 1 42 1 6 168387 336774
 13 119 1 76 1 61 1 13 455092 910184
 14 78 0 54 0 22 1 10 78242 156484
 15 93 0 68 0 25 1 11 117479 234958
 20 2504405
 587 233 220 23949935 91913729
 15
 1 97 1 77 1 66 1 6 332274 664548
 2 81 1 69 1 69 1 13 233231 466462
 3 109 0 53 0 24 1 12 117680 235360
 4 98 0 33 1 20 1 10 58124 116248
 5 86 0 56 1 34 1 6 121085 242170
 6 76 0 50 1 35 1 10 106885 213770
 7 109 0 42 1 22 1 10 73530 147060
 8 82 1 69 1 42 1 7 144124 288248
 9 58 1 43 1 31 1 9 65405 130810
 10 99 0 80 1 48 1 11 307054 614108
 11 89 0 68 1 39 1 11 169211 338422
 12 74 1 53 1 40 1 5 136680 273360
 13 97 0 43 1 32 1 10 90915 181830
 14 112 0 70 1 51 1 12 273738 547476
 15 73 0 29 1 20 1 8 37179 74358
 21 2504505
 587 233 220 21816798 167753938
 15
 1 109 1 93 1 72 1 4 453980 907960
 2 95 0 67 0 32 1 6 127351 254702
 3 119 0 45 1 36 1 7 153682 307364
 4 95 1 78 1 62 1 11 329481 658962
 5 116 0 89 0 32 1 10 282132 564264
 6 98 0 65 1 38 1 9 180839 361678
 7 72 0 51 0 24 1 7 55304 110608
 8 102 0 88 0 26 1 9 203777 407554
 9 99 0 47 1 44 1 12 158094 316188
 10 106 0 52 1 31 1 6 143091 286182
 11 55 1 41 1 32 1 6 61396 122792
 12 71 0 65 0 29 1 12 92221 184442
 13 58 1 57 1 48 1 10 113972 227944
 14 79 0 56 0 25 1 11 73697 147394
 15 77 1 67 1 53 1 9 234010 468020
 22 2504605
 587 233 220 26416273 114975571
 15
 1 89 1 78 1 50 1 7 231444 462888
 2 73 1 65 1 46 1 8 156266 312532
 3 94 0 66 1 39 1 9 168166 336332
 4 66 1 59 1 42 1 6 105163 210326
 5 106 1 93 1 70 1 4 453949 907898
 6 80 1 71 1 62 1 10 241600 483200
 7 60 0 36 1 26 1 11 38736 77472
 8 72 0 31 1 31 1 12 55235 110470
 9 63 0 63 0 31 1 15 79795 159590
 10 74 0 39 1 23 1 7 57311 114622
 11 105 0 72 1 52 1 8 335235 670470
 12 101 0 76 1 45 1 10 258382 516764
 13 93 1 73 1 65 1 10 299538 599076
 14 74 1 47 1 42 1 7 89070 178140
 15 72 0 33 1 28 1 7 44871 89742
 23 2504705
 587 233 220 22779345 159931612
 15
 1 84 0 81 0 23 1 7 99146 198292
 2 115 1 72 1 64 1 6 365591 731182
 3 77 0 49 1 25 1 13 62434 124868
 4 40 1 37 1 22 1 8 27317 54634
 5 97 0 96 0 46 1 8 319196 638392
 6 95 0 43 1 25 1 3 78918 157836
 7 90 0 69 0 28 1 6 128976 257952
 8 56 1 51 1 49 1 4 123580 247160
 9 118 1 93 1 80 1 8 685858 1371716
 10 56 1 47 1 41 1 11 79180 158360
 11 78 0 71 0 27 1 4 122556 245112
 12 88 0 62 1 41 1 7 174917 349834
 13 87 0 53 0 21 1 10 76024 152048
 14 105 0 47 1 28 1 8 107194 214388
 15 103 1 68 1 65 1 13 376542 753084
 24 2504805
 587 233 220 24707683 82165513
 15
 1 113 0 80 0 29 1 7 171255 342510
 2 98 1 65 1 62 1 8 289891 579782
 3 60 1 59 1 46 1 6 110628 221256
 4 100 1 97 1 64 1 6 409434 818868
 5 99 0 88 0 23 1 5 166249 332498
 6 106 0 49 1 33 1 3 150713 301426
 7 78 0 54 1 30 1 6 102373 204746
 8 71 1 68 1 41 1 9 174338 348676
 9 83 0 80 0 35 1 5 180925 361850
 10 99 0 55 0 27 1 11 121158 242316
 11 91 0 51 1 43 1 6 130857 261714
 12 99 1 78 1 72 1 7 408530 817060
 13 102 0 88 0 37 1 12 247828 495656
 14 97 1 75 1 72 1 6 423590 847180
 15 83 0 63 0 27 1 8 106325 212650
 25 2504905
 587 233 220 18531827 73968051
 15
 1 75 0 54 1 35 1 15 127292 254584
 2 107 0 60 1 49 1 9 243868 487736
 3 70 1 67 1 42 1 14 161893 323786
 4 78 1 71 1 44 1 7 148222 296444
 5 78 0 61 0 27 1 5 80826 161652
 6 78 1 73 1 48 1 10 238903 477806
 7 109 0 87 0 32 1 10 187535 375070
 8 91 0 87 0 25 1 6 134305 268610
 9 67 1 51 1 47 1 12 118211 236422
 10 67 1 63 1 60 1 5 217611 435222
 11 115 0 59 1 34 1 13 142567 285134
 12 102 0 35 1 34 1 7 105344 210688
 13 117 0 54 1 48 1 9 211628 423256
 14 70 1 61 1 40 1 9 114385 228770
 15 64 1 63 1 59 1 7 162456 324912
 26 2505005
 587 233 220 23362123 122814262
 15
 1 86 0 71 1 41 1 14 169382 338764
 2 75 1 58 1 58 1 13 213034 426068
 3 100 0 81 0 27 1 13 190996 381992
 4 59 0 42 1 24 1 10 40805 81610
 5 69 0 37 1 30 1 9 57530 115060
 6 63 1 50 1 36 1 13 94438 188876
 7 96 0 72 0 34 1 12 201304 402608
 8 111 0 71 0 29 1 10 149383 298766
 9 102 1 67 1 53 1 6 307831 615662
 10 71 0 34 1 32 1 13 50332 100664
 11 88 1 75 1 53 1 8 307399 614798
 12 50 1 46 1 42 1 10 64943 129886
 13 84 0 70 1 41 1 11 165253 330506
 14 98 0 48 1 44 1 11 171763 343526
 15 54 0 43 1 25 1 12 48607 97214
 27 2505105
 587 233 220 26247413 165468167
 15
 1 118 0 66 1 47 1 10 287819 575638
 2 99 0 56 0 25 1 9 117229 234458
 3 91 1 83 1 48 1 9 273833 547666
 4 104 0 66 1 40 1 13 201394 402788
 5 75 0 60 1 33 1 4 121804 243608
 6 113 1 78 1 60 1 5 455419 910838
 7 36 1 36 1 29 1 10 31118 62236
 8 56 1 48 1 40 1 10 86593 173186
 9 67 0 40 1 22 1 8 48540 97080
 10 92 1 78 1 64 1 11 297179 594358
 11 73 0 61 1 31 1 6 117799 235598
 12 72 1 66 1 58 1 8 201404 402808
 13 56 0 44 1 26 1 9 55628 111256
 14 93 0 65 1 34 1 8 162898 325796
 15 113 0 63 1 50 1 8 261542 523084
 28 2505205
 587 233 220 20104170 84990966
 15
 1 62 1 59 1 52 1 14 118216 236432
 2 54 1 52 1 50 1 5 121340 242680
 3 102 1 69 1 65 1 8 307278 614556
 4 97 0 76 1 46 1 6 296190 592380
 5 52 1 50 1 37 1 6 77987 155974
 6 93 0 85 0 23 1 12 160446 320892
 7 90 0 38 1 38 1 11 84585 169170
 8 66 1 60 1 40 1 5 137225 274450
 9 38 1 31 1 26 1 9 19255 38510
 10 86 0 60 1 36 1 18 112298 224596
 11 92 0 47 1 34 1 11 128935 257870
 12 103 0 69 0 22 1 11 96319 192638
 13 79 1 71 1 42 1 13 181424 362848
 14 66 0 33 1 20 1 10 31125 62250
 15 100 0 93 0 45 1 13 319461 638922
 29 2505305
 587 233 220 22484409 63658510
 15
 1 91 1 58 1 57 1 10 249681 499362
 2 92 1 78 1 53 1 9 274116 548232
 3 112 0 48 1 28 1 10 133604 267208
 4 78 0 47 1 26 1 8 79778 159556
 5 41 1 40 1 28 1 12 37637 75274
 6 57 1 47 1 32 1 5 56763 113526
 7 54 1 47 1 40 1 13 71844 143688
 8 85 0 80 0 25 1 9 121216 242432
 9 89 1 86 1 54 1 7 360650 721300
 10 118 1 94 1 68 1 7 649199 1298398
 11 98 0 63 1 36 1 8 151343 302686
 12 81 0 42 1 38 1 11 99275 198550
 13 86 0 59 1 39 1 13 143599 287198
 14 91 0 67 1 40 1 10 169930 339860
 15 73 1 61 1 41 1 6 139073 278146
 30 2505405
 587 233 220 21175734 124316689
 15
 1 64 0 53 1 32 1 9 82273 164546
 2 51 1 42 1 28 1 13 41076 82152
 3 49 1 32 1 30 1 7 41207 82414
 4 109 1 68 1 59 1 10 375826 751652
 5 66 0 43 1 32 1 15 58319 116638
 6 120 0 71 1 47 1 6 357359 714718
 7 109 0 57 1 41 1 6 179013 358026
 8 100 0 70 0 28 1 9 144783 289566
 9 76 1 70 1 51 1 8 163517 327034
 10 85 0 40 1 26 1 12 72258 144516
 11 79 1 71 1 55 1 9 249431 498862
 12 93 1 73 1 55 1 10 299607 599214
 13 101 1 75 1 75 1 6 500361 1000722
 14 89 1 58 1 53 1 6 203407 406814
 15 98 0 53 1 36 1 9 122445 244890
 31 2505505
 587 233 220 25564299 154471380
 15
 1 70 1 63 1 49 1 9 141972 283944
 2 84 1 54 1 49 1 12 142310 284620
 3 89 0 70 1 42 1 12 222326 444652
 4 80 0 48 1 39 1 6 102069 204138
 5 114 0 47 1 42 1 9 180114 360228
 6 92 0 62 1 34 1 13 158606 317212
 7 72 1 66 1 43 1 12 158440 316880
 8 120 0 55 1 46 1 11 211866 423732
 9 106 0 62 0 25 1 7 138964 277928
 10 72 0 53 1 34 1 12 90948 181896
 11 74 0 44 1 35 1 13 77348 154696
 12 103 0 71 0 28 1 13 148448 296896
 13 115 0 35 1 31 1 9 75477 150954
 14 117 0 62 1 39 1 8 205581 411162
 15 60 1 32 1 32 1 13 39438 78876
 32 2505605
 587 233 220 26064201 114727737
 15
 1 95 0 76 1 44 1 7 191384 382768
 2 81 0 47 1 34 1 8 88047 176094
 3 71 0 52 1 30 1 12 94555 189110
 4 96 0 52 1 28 1 10 94365 188730
 5 104 0 80 1 50 1 13 285247 570494
 6 77 1 64 1 57 1 7 218863 437726
 7 75 0 45 1 36 1 7 91769 183538
 8 65 1 49 1 39 1 13 94341 188682
 9 70 1 49 1 41 1 10 105308 210616
 10 111 0 44 1 42 1 17 132729 265458
 11 108 0 94 1 51 1 11 442393 884786
 12 43 1 40 1 26 1 8 30889 61778
 13 70 1 47 1 39 1 8 92270 184540
 14 84 0 36 1 26 1 5 56499 112998
 15 103 0 97 0 27 1 7 209417 418834
 33 2505705
 587 233 220 25577177 127103256
 15
 1 40 1 36 1 21 1 6 20311 40622
 2 76 0 45 1 31 1 9 79875 159750
 3 63 1 54 1 51 1 7 130738 261476
 4 114 1 77 1 69 1 9 426852 853704
 5 95 1 57 1 53 1 10 222396 444792
 6 92 0 36 1 20 1 12 54366 108732
 7 90 1 84 1 47 1 10 225457 450914
 8 84 0 69 0 24 1 10 95857 191714
 9 57 1 35 1 35 1 6 52890 105780
 10 78 1 76 1 50 1 14 260621 521242
 11 81 0 67 1 37 1 9 159150 318300
 12 73 1 51 1 43 1 9 126736 253472
 13 64 0 54 1 30 1 10 89313 178626
 14 85 1 73 1 51 1 12 277472 554944
 15 83 0 58 0 23 1 8 85677 171354
 34 2505805
 587 233 220 22027839 90462852
 15
 1 68 0 35 1 27 1 8 54110 108220
 2 118 0 57 1 43 1 7 248119 496238
 3 73 0 72 0 36 1 5 140613 281226
 4 85 1 58 1 50 1 10 188439 376878
 5 86 0 56 1 33 1 7 100796 201592
 6 99 0 44 1 31 1 9 98391 196782
 7 93 1 54 1 49 1 7 189232 378464
 8 89 0 69 0 26 1 4 120676 241352
 9 98 1 90 1 74 1 6 461396 922792
 10 58 1 48 1 46 1 6 114062 228124
 11 56 0 55 0 22 1 11 41435 82870
 12 104 1 63 1 59 1 10 271764 543528
 13 80 1 69 1 66 1 7 224161 448322
 14 110 1 59 1 58 1 6 269837 539674
 15 96 1 79 1 63 1 10 369128 738256
 35 2505905
 587 233 220 22499584 162073669
 15
 1 100 0 33 1 31 1 6 90127 180254
 2 84 0 68 1 42 1 9 145288 290576
 3 95 0 84 0 31 1 7 186978 373956
 4 57 1 39 1 30 1 10 42763 85526
 5 76 1 71 1 60 1 11 248590 497180
 6 71 1 68 1 46 1 11 150999 301998
 7 109 0 51 1 26 1 14 108078 216156
 8 109 0 54 1 45 1 14 226514 453028
 9 84 0 55 1 29 1 10 85374 170748
 10 104 0 66 0 20 1 9 108840 217680
 11 119 0 76 1 39 1 16 227971 455942
 12 75 1 74 1 43 1 4 169095 338190
 13 84 0 36 1 26 1 11 51062 102124
 14 77 0 45 1 32 1 10 80256 160512
 15 75 1 57 1 42 1 10 126355 252710
 36 2506005
 587 233 220 18716844 59630626
 15
 1 41 1 39 1 26 1 14 33541 67082
 2 110 0 40 1 34 1 8 106311 212622
 3 94 1 77 1 52 1 5 235278 470556
 4 119 1 96 1 71 1 7 566716 1133432
 5 67 1 63 1 47 1 7 133863 267726
 6 61 1 43 1 31 1 5 63664 127328
 7 72 0 53 1 35 1 13 98580 197160
 8 64 1 38 1 38 1 9 72338 144676
 9 110 0 71 1 45 1 9 235408 470816
 10 73 1 71 1 52 1 7 189944 379888
 11 95 1 92 1 55 1 4 366352 732704
 12 86 0 74 0 31 1 3 120038 240076
 13 99 1 62 1 52 1 6 198510 397020
 14 81 0 44 1 31 1 8 87672 175344
 15 113 1 94 1 70 1 8 602781 1205562
 37 2506105
 587 233 220 23277442 93095499
 15
 1 98 0 73 1 44 1 6 214592 429184
 2 60 1 60 1 38 1 7 95630 191260
 3 105 1 73 1 60 1 10 348625 697250
 4 90 1 77 1 52 1 3 242693 485386
 5 66 0 58 0 24 1 5 73413 146826
 6 106 1 76 1 55 1 10 317740 635480
 7 55 1 44 1 36 1 12 68699 137398
 8 82 0 58 0 23 1 7 92691 185382
 9 74 1 61 1 58 1 6 220965 441930
 10 81 0 39 1 24 1 8 48785 97570
 11 71 1 65 1 39 1 11 130418 260836
 12 105 0 97 0 47 1 4 430325 860650
 13 114 1 97 1 69 1 5 518854 1037708
 14 103 1 78 1 55 1 6 332773 665546
 15 93 1 66 1 55 1 6 267519 535038
 38 2506205
 587 233 220 21116079 127044511
 15
 1 104 0 94 1 50 1 6 437645 875290
 2 102 0 87 0 36 1 10 232846 465692
 3 115 0 42 1 33 1 14 133098 266196
 4 61 1 58 1 32 1 7 78440 156880
 5 70 1 62 1 48 1 9 129489 258978
 6 91 1 79 1 78 1 7 354281 708562
 7 90 1 57 1 53 1 10 183816 367632
 8 78 0 68 0 25 1 10 110647 221294
 9 77 1 44 1 39 1 5 82400 164800
 10 97 1 89 1 56 1 10 369396 738792
 11 58 0 38 1 26 1 7 47434 94868
 12 64 1 44 1 33 1 8 73145 146290
 13 57 0 38 1 25 1 13 34389 68778
 14 70 0 65 0 28 1 9 87375 174750
 15 93 1 73 1 61 1 6 348287 696574
 39 2506305
 587 233 220 18264669 117340326
 15
 1 89 1 56 1 45 1 16 156072 312144
 2 53 1 37 1 34 1 11 47209 94418
 3 54 0 35 1 25 1 12 29281 58562
 4 73 0 39 1 33 1 11 78334 156668
 5 73 1 39 1 38 1 19 85652 171304
 6 50 1 42 1 29 1 7 36559 73118
 7 62 1 59 1 54 1 13 129016 258032
 8 98 0 53 1 44 1 13 140400 280800
 9 94 0 32 1 31 1 7 80796 161592
 10 97 0 64 0 28 1 14 129921 259842
 11 102 0 77 1 42 1 10 278559 557118
 12 80 1 75 1 44 1 11 199643 399286
 13 93 0 52 1 41 1 16 126424 252848
 14 77 0 51 1 38 1 10 126169 252338
 15 57 1 54 1 52 1 13 135632 271264
 40 2506405
 587 233 220 22989775 136893322
 15
 1 85 1 77 1 62 1 7 296442 592884
 2 94 0 63 1 32 1 4 122322 244644
 3 83 1 75 1 45 1 6 224336 448672
 4 95 1 95 1 54 1 6 303152 606304
 5 76 0 76 0 30 1 3 110223 220446
 6 113 0 66 1 44 1 7 278602 557204
 7 108 1 71 1 61 1 12 293813 587626
 8 118 0 62 1 37 1 10 220630 441260
 9 93 1 58 1 48 1 5 232582 465164
 10 60 0 32 1 29 1 7 43120 86240
 11 97 1 75 1 59 1 9 340872 681744
 12 105 0 56 1 35 1 9 174916 349832
 13 67 1 58 1 53 1 8 136949 273898
 14 96 0 51 1 37 1 6 154040 308080
 15 91 0 52 1 32 1 3 109815 219630
 41 2506505
 587 233 220 25998456 76300729
 15
 1 109 1 80 1 68 1 4 508766 1017532
 2 90 0 45 1 31 1 10 76193 152386
 3 66 1 56 1 34 1 11 99468 198936
 4 76 0 66 1 34 1 9 116101 232202
 5 111 0 80 1 53 1 6 325731 651462
 6 86 0 59 0 29 1 8 88862 177724
 7 80 1 72 1 63 1 8 290984 581968
 8 81 0 47 0 22 1 14 65320 130640
 9 114 1 80 1 64 1 8 435084 870168
 10 90 0 37 1 32 1 11 94320 188640
 11 75 1 48 1 40 1 8 97127 194254
 12 67 1 52 1 45 1 11 100467 200934
 13 88 1 82 1 74 1 6 330446 660892
 14 100 0 63 0 23 1 8 108053 216106
 15 103 0 53 1 48 1 9 225992 451984
 42 2506605
 587 233 220 23399364 132738265
 15
 1 76 1 74 1 50 1 15 196691 393382
 2 86 0 40 1 29 1 5 66129 132258
 3 66 1 55 1 48 1 6 117222 234444
 4 75 0 57 1 37 1 10 141184 282368
 5 102 0 83 0 29 1 5 197292 394584
 6 74 1 58 1 52 1 10 187357 374714
 7 89 0 65 1 36 1 8 142279 284558
 8 99 1 68 1 67 1 5 386370 772740
 9 80 1 78 1 66 1 11 341083 682166
 10 65 1 57 1 45 1 13 108547 217094
 11 112 0 59 1 30 1 6 150471 300942
 12 79 1 75 1 68 1 7 322605 645210
 13 97 0 48 1 30 1 12 108117 216234
 14 73 0 70 0 31 1 6 141014 282028
 15 90 0 83 1 44 1 6 230681 461362
 43 2506705
 587 233 220 26058817 73667659
 15
 1 82 1 80 1 71 1 9 366895 733790
 2 66 0 37 1 27 1 6 56389 112778
 3 77 0 76 0 31 1 3 137340 274680
 4 100 0 56 1 38 1 4 189627 379254
 5 93 1 86 1 67 1 5 432202 864404
 6 89 0 76 0 30 1 7 164026 328052
 7 98 1 90 1 67 1 8 386161 772322
 8 87 0 52 1 42 1 6 154109 308218
 9 53 1 42 1 35 1 5 59897 119794
 10 116 0 53 1 36 1 12 174930 349860
 11 85 1 79 1 46 1 9 226241 452482
 12 106 0 91 0 24 1 10 157649 315298
 13 112 0 84 1 46 1 6 335564 671128
 14 89 1 56 1 47 1 10 188823 377646
 15 62 1 51 1 39 1 8 80371 160742
 44 2506805
 587 233 220 25472722 91070768
 15
 1 114 0 67 0 25 1 11 163772 327544
 2 92 0 79 0 25 1 14 136050 272100
 3 89 0 87 0 36 1 9 206831 413662
 4 95 0 71 1 36 1 8 182753 365506
 5 90 0 83 1 43 1 15 259895 519790
 6 93 0 39 1 28 1 7 72634 145268
 7 69 0 54 1 31 1 11 93315 186630
 8 107 0 61 1 37 1 7 183891 367782
 9 98 0 52 1 40 1 11 169370 338740
 10 83 1 69 1 60 1 10 240282 480564
 11 98 1 63 1 58 1 11 321777 643554
 12 45 1 40 1 26 1 10 34708 69416
 13 63 1 44 1 36 1 6 86020 172040
 14 96 0 56 1 43 1 4 166910 333820
 15 88 0 42 1 35 1 6 81898 163796
 45 2506905
 587 233 220 18970583 59776084
 15
 1 63 0 55 1 31 1 9 70617 141234
 2 120 0 43 1 23 1 10 96922 193844
 3 97 1 72 1 57 1 4 259702 519404
 4 77 1 76 1 42 1 15 215085 430170
 5 93 0 74 0 20 1 17 90511 181022
 6 65 1 63 1 43 1 12 123149 246298
 7 108 0 71 1 40 1 10 226571 453142
 8 79 0 36 1 21 1 4 53536 107072
 9 68 0 62 0 26 1 12 80515 161030
 10 68 1 50 1 40 1 9 109567 219134
 11 79 0 42 1 31 1 7 84871 169742
 12 76 0 56 1 38 1 8 113295 226590
 13 80 1 79 1 51 1 17 232995 465990
 14 115 0 69 0 29 1 12 141656 283312
 15 113 0 50 1 30 1 11 114321 228642
 46 2507005
 587 233 220 23500846 111792441
 15
 1 86 0 58 1 36 1 7 149745 299490
 2 71 0 69 0 22 1 4 65489 130978
 3 108 0 78 1 54 1 9 302777 605554
 4 104 1 58 1 57 1 7 280998 561996
 5 96 1 65 1 58 1 8 229130 458260
 6 58 0 37 1 26 1 10 37700 75400
 7 73 1 72 1 49 1 11 223639 447278
 8 98 1 67 1 56 1 7 314178 628356
 9 117 0 89 0 23 1 5 162556 325112
 10 109 1 76 1 73 1 4 443903 887806
 11 95 0 61 1 34 1 7 170840 341680
 12 106 0 73 1 49 1 10 286040 572080
 13 66 1 39 1 35 1 8 72155 144310
 14 82 1 76 1 43 1 7 163516 327032
 15 93 0 87 0 26 1 7 129489 258978
 47 2507105
 587 233 220 18407182 75384473
 15
 1 118 0 54 1 42 1 11 216360 432720
 2 112 0 95 0 20 1 8 160289 320578
 3 118 0 38 1 37 1 9 133517 267034
 4 76 0 38 1 38 1 12 83819 167638
 5 100 0 56 1 34 1 14 156557 313114
 6 100 0 73 1 50 1 8 250367 500734
 7 75 0 58 1 36 1 11 129452 258904
 8 76 1 51 1 41 1 9 118214 236428
 9 82 0 75 1 39 1 10 202418 404836
 10 84 1 76 1 44 1 3 245376 490752
 11 80 1 68 1 50 1 14 164298 328596
 12 61 0 46 1 28 1 8 55676 111352
 13 80 1 75 1 51 1 11 267395 534790
 14 92 1 62 1 49 1 7 218350 436700
 15 72 0 48 0 21 1 12 57960 115920
 48 2507205
 587 233 220 20966347 98649605
 15
 1 59 1 49 1 48 1 3 119453 238906
 2 79 1 63 1 46 1 7 163937 327874
 3 95 0 58 1 38 1 5 130948 261896
 4 95 0 79 1 47 1 8 312404 624808
 5 72 0 46 1 27 1 9 70773 141546
 6 88 1 74 1 72 1 8 410421 820842
 7 90 1 77 1 67 1 7 390250 780500
 8 96 0 59 1 36 1 5 158024 316048
 9 62 1 55 1 46 1 9 139757 279514
 10 92 0 77 1 43 1 9 216336 432672
 11 100 0 66 1 41 1 8 169595 339190
 12 76 1 72 1 44 1 11 167802 335604
 13 95 0 68 1 35 1 8 166343 332686
 14 108 0 66 1 48 1 9 290636 581272
 15 86 1 78 1 52 1 4 213037 426074
 49 2507305
 587 233 220 21783579 95659091
 15
 1 91 0 54 1 45 1 9 152520 305040
 2 105 1 77 1 72 1 6 413642 827284
 3 79 1 78 1 48 1 6 241071 482142
 4 109 1 76 1 59 1 10 365314 730628
 5 48 1 37 1 30 1 6 32265 64530
 6 44 1 37 1 27 1 5 38655 77310
 7 79 1 76 1 54 1 9 227910 455820
 8 116 0 78 0 20 1 6 162282 324564
 9 101 0 71 1 49 1 9 226535 453070
 10 102 0 100 0 49 1 1 351932 703864
 11 105 0 43 1 22 1 7 59947 119894
 12 107 1 84 1 61 1 10 386760 773520
 13 110 0 71 0 23 1 7 134520 269040
 14 75 0 39 1 34 1 9 86908 173816
 15 73 0 47 1 32 1 8 80089 160178
 50 2507405
 587 233 220 22318810 133048828
 15
 1 60 1 40 1 32 1 7 53171 106342
 2 98 1 75 1 55 1 9 353208 706416
 3 60 1 59 1 39 1 9 120732 241464
 4 81 0 56 1 40 1 17 126945 253890
 5 119 0 34 1 25 1 10 84028 168056
 6 107 0 61 1 42 1 10 194309 388618
 7 108 0 85 0 20 1 5 153559 307118
 8 97 0 66 1 45 1 5 252397 504794
 9 66 0 35 1 26 1 6 52227 104454
 10 69 0 32 1 20 1 12 27404 54808
 11 78 0 63 1 38 1 13 159892 319784
 12 95 0 77 1 47 1 15 292590 585180
 13 40 1 34 1 30 1 7 30440 60880
 14 88 0 42 0 20 1 10 46308 92616
 15 103 1 84 1 69 1 10 500365 1000730
 51 2507505
 587 233 220 26548034 178725902
 15
 1 66 1 64 1 36 1 8 130267 260534
 2 97 1 73 1 49 1 6 291473 582946
 3 69 1 60 1 43 1 18 159330 318660
 4 52 0 37 1 20 1 14 25592 51184
 5 109 0 63 1 37 1 11 202711 405422
 6 79 0 57 0 24 1 13 94901 189802
 7 95 0 72 0 22 1 17 93359 186718
 8 65 1 50 1 39 1 11 113657 227314
 9 98 0 42 1 30 1 12 92507 185014
 10 53 1 40 1 36 1 11 51841 103682
 11 82 1 54 1 51 1 12 143057 286114
 12 77 0 33 1 31 1 9 51574 103148
 13 66 1 56 1 49 1 13 137972 275944
 14 101 1 68 1 62 1 10 285863 571726
 15 82 1 64 1 46 1 10 208403 416806
 52 2507605
 587 233 220 24757463 100934890
 15
 1 96 0 72 0 31 1 8 186158 372316
 2 75 1 72 1 47 1 7 156846 313692
 3 80 0 25 1 20 1 11 28013 56026
 4 114 1 94 1 61 1 9 466513 933026
 5 100 0 40 1 39 1 10 119669 239338
 6 72 1 51 1 48 1 7 153622 307244
 7 36 1 28 1 24 1 9 15091 30182
 8 85 0 58 1 35 1 6 139258 278516
 9 85 1 84 1 58 1 11 261988 523976
 10 95 0 48 0 24 1 9 70159 140318
 11 115 0 70 0 25 1 6 161079 322158
 12 108 0 49 1 42 1 14 158775 317550
 13 73 0 64 0 26 1 14 93433 186866
 14 68 1 54 1 35 1 7 79148 158296
 15 83 1 62 1 60 1 12 248432 496864
 53 2507705
 587 233 220 25647037 165321675
 15
 1 78 0 37 1 27 1 7 47251 94502
 2 89 0 70 0 25 1 15 128842 257684
 3 90 0 84 0 41 1 13 218028 436056
 4 85 0 75 1 42 1 5 182921 365842
 5 91 0 77 1 44 1 9 219716 439432
 6 114 1 87 1 71 1 6 577740 1155480
 7 90 0 37 1 25 1 8 61352 122704
 8 105 1 80 1 77 1 9 477301 954602
 9 74 1 71 1 50 1 7 176833 353666
 10 62 1 57 1 55 1 3 151273 302546
 11 89 0 45 1 26 1 11 67195 134390
 12 65 1 54 1 47 1 7 132535 265070
 13 79 0 62 0 28 1 12 118836 237672
 14 84 0 40 1 35 1 8 98063 196126
 15 55 1 44 1 42 1 8 86859 173718
 54 2507805
 587 233 220 19046911 110035333
 15
 1 99 0 68 0 23 1 17 116200 232400
 2 68 1 52 1 40 1 12 121043 242086
 3 101 1 66 1 61 1 10 348410 696820
 4 57 0 56 0 22 1 14 47748 95496
 5 81 1 54 1 47 1 12 171453 342906
 6 86 0 34 1 25 1 11 60896 121792
 7 54 0 46 1 27 1 14 48240 96480
 8 95 0 65 1 34 1 13 167556 335112
 9 105 0 57 1 29 1 13 136881 273762
 10 120 0 63 0 28 1 8 150035 300070
 11 64 1 62 1 42 1 8 139407 278814
 12 78 0 65 0 21 1 10 93886 187772
 13 98 0 94 0 45 1 8 319886 639772
 14 94 0 58 0 26 1 9 87602 175204
 15 113 0 81 1 51 1 6 419916 839832
 55 2507905
 587 233 220 20255084 153454363
 15
 1 100 0 94 0 28 1 11 180554 361108
 2 81 1 78 1 66 1 10 332881 665762
 3 111 0 49 0 21 1 11 72903 145806
 4 119 0 63 1 37 1 8 189133 378266
 5 72 0 50 1 30 1 13 75166 150332
 6 58 1 58 1 40 1 10 90613 181226
 7 108 0 55 1 29 1 9 109596 219192
 8 54 1 49 1 38 1 10 66913 133826
 9 69 1 46 1 44 1 10 111261 222522
 10 88 1 71 1 61 1 5 258017 516034
 11 83 0 58 1 35 1 16 122601 245202
 12 108 0 77 0 37 1 9 214549 429098
 13 108 1 62 1 57 1 8 273016 546032
 14 73 0 61 1 31 1 5 93827 187654
 15 92 0 46 1 43 1 9 135249 270498
 56 2508005
 587 233 220 24404031 72765045
 15
 1 90 0 41 1 34 1 18 92803 185606
 2 64 0 32 1 28 1 16 38673 77346
 3 42 1 31 1 31 1 6 34583 69166
 4 94 0 90 0 44 1 7 326609 653218
 5 68 1 63 1 53 1 6 194531 389062
 6 55 0 30 1 21 1 7 28304 56608
 7 72 0 64 0 31 1 10 91013 182026
 8 75 0 56 1 34 1 8 92241 184482
 9 62 0 34 1 31 1 12 47066 94132
 10 79 0 55 1 32 1 8 83552 167104
 11 99 0 74 0 27 1 8 124746 249492
 12 89 1 54 1 48 1 11 164957 329914
 13 93 0 78 0 32 1 9 192648 385296
 14 119 0 80 1 59 1 16 444869 889738
 15 80 1 72 1 42 1 11 155130 310260
 57 2508105
 587 233 220 18156687 133640380
 15
 1 85 0 73 1 40 1 4 216870 433740
 2 73 1 62 1 54 1 9 215995 431990
 3 90 0 63 1 41 1 3 207505 415010
 4 75 0 61 0 24 1 7 97967 195934
 5 57 1 53 1 44 1 11 102012 204024
 6 93 0 70 1 45 1 8 187814 375628
 7 73 0 36 1 33 1 6 75430 150860
 8 95 1 80 1 75 1 8 503340 1006680
 9 93 1 89 1 78 1 6 489733 979466
 10 113 1 87 1 65 1 7 486253 972506
 11 72 0 46 1 30 1 9 71222 142444
 12 100 1 78 1 70 1 7 400743 801486
 13 53 1 47 1 34 1 8 75121 150242
 14 87 1 54 1 46 1 10 189106 378212
 15 52 1 41 1 37 1 8 51319 102638
 58 2508205
 587 233 220 21977832 76119450
 15
 1 105 0 81 1 46 1 18 310162 620324
 2 115 1 81 1 61 1 6 453484 906968
 3 72 0 51 0 23 1 6 65946 131892
 4 65 1 56 1 33 1 8 84986 169972
 5 60 0 44 0 21 1 6 40195 80390
 6 85 1 69 1 65 1 6 247967 495934
 7 90 0 82 0 35 1 10 226281 452562
 8 115 1 94 1 64 1 8 619480 1238960
 9 80 0 53 1 33 1 3 117724 235448
 10 95 0 81 0 37 1 10 237837 475674
 11 66 1 46 1 45 1 9 111766 223532
 12 109 0 36 1 25 1 7 65662 131324
 13 89 1 62 1 50 1 4 239744 479488
 14 54 0 32 1 27 1 5 37359 74718
 15 79 0 33 1 32 1 10 61303 122606
 59 2508305
 587 233 220 25097073 75141496
 15
 1 76 1 52 1 46 1 9 111892 223784
 2 66 0 59 1 31 1 8 79694 159388
 3 62 1 55 1 44 1 14 125975 251950
 4 95 0 46 1 36 1 7 106798 213596
 5 63 1 59 1 35 1 9 108060 216120
 6 100 0 37 1 32 1 6 73470 146940
 7 91 0 54 1 37 1 3 124726 249452
 8 49 1 44 1 36 1 6 69465 138930
 9 109 0 66 1 49 1 9 217937 435874
 10 69 0 48 1 27 1 8 70994 141988
 11 109 1 85 1 62 1 9 414084 828168
 12 48 1 47 1 42 1 10 60114 120228
 13 77 1 67 1 48 1 9 186479 372958
 14 112 1 79 1 76 1 12 516245 1032490
 15 102 0 40 1 28 1 7 72249 144498
 60 2508405
 587 233 220 19514147 77315116
 15
 1 78 1 72 1 58 1 8 286206 572412
 2 107 1 57 1 57 1 6 251367 502734
 3 72 1 64 1 37 1 11 135839 271678
 4 93 0 66 0 26 1 14 131629 263258
 5 116 0 67 1 35 1 13 187700 375400
 6 101 0 56 1 39 1 10 155814 311628
 7 108 0 100 0 39 1 10 298725 597450
 8 64 1 55 1 33 1 9 92401 184802
 9 73 1 65 1 53 1 6 167221 334442
 10 106 0 41 1 35 1 8 110731 221462
 11 82 0 78 0 28 1 4 159910 319820
 12 79 1 59 1 58 1 6 191755 383510
 13 92 0 84 0 22 1 10 127732 255464
 14 80 1 65 1 50 1 8 174826 349652
 15 82 0 77 0 24 1 9 113894 227788
 61 2508505
 587 233 220 23687278 164751959
 15
 1 109 1 68 1 64 1 3 356121 712242
 2 84 1 58 1 55 1 6 196068 392136
 3 96 0 83 0 24 1 4 165549 331098
 4 74 0 67 1 37 1 7 142411 284822
 5 107 1 73 1 70 1 9 352830 705660
 6 80 1 73 1 54 1 9 275836 551672
 7 72 0 41 1 33 1 4 69406 138812
 8 84 1 79 1 74 1 11 315327 630654
 9 40 0 37 1 20 1 5 24791 49582
 10 74 1 73 1 42 1 7 167274 334548
 11 55 1 48 1 33 1 11 66465 132930
 12 109 1 74 1 70 1 5 379963 759926
 13 107 0 44 1 39 1 9 114992 229984
 14 99 0 51 1 47 1 9 179657 359314
 15 80 0 62 1 38 1 11 142378 284756
 62 2508605
 587 233 220 21658273 98949552
 15
 1 70 1 63 1 50 1 10 190883 381766
 2 100 0 53 1 34 1 7 156834 313668
 3 93 0 78 1 45 1 5 204336 408672
 4 100 0 55 1 48 1 6 170786 341572
 5 98 1 73 1 50 1 10 238317 476634
 6 69 1 45 1 43 1 7 93104 186208
 7 43 1 42 1 36 1 6 52111 104222
 8 104 1 92 1 63 1 11 396191 792382
 9 93 0 36 1 26 1 4 69428 138856
 10 50 1 45 1 41 1 9 66014 132028
 11 119 0 67 1 50 1 8 303765 607530
 12 82 0 49 1 30 1 13 91792 183584
 13 80 0 55 1 31 1 9 122585 245170
 14 105 0 73 1 37 1 6 249382 498764
 15 76 1 76 1 42 1 12 153610 307220
 63 2508705
 587 233 220 22598451 107808777
 15
 1 82 1 76 1 59 1 6 290594 581188
 2 60 1 51 1 50 1 12 108736 217472
 3 104 1 66 1 61 1 6 336169 672338
 4 71 0 36 1 28 1 4 61974 123948
 5 89 0 77 0 26 1 8 134228 268456
 6 108 1 84 1 66 1 4 361288 722576
 7 90 0 51 1 45 1 6 183187 366374
 8 48 1 35 1 33 1 7 43349 86698
 9 89 1 57 1 52 1 14 231231 462462
 10 99 1 77 1 58 1 8 358187 716374
 11 92 1 86 1 66 1 7 409346 818692
 12 93 0 80 1 46 1 7 248138 496276
 13 72 1 45 1 39 1 3 94081 188162
 14 73 0 46 1 24 1 11 54911 109822
 15 112 0 71 1 37 1 11 227518 455036
 64 2508805
 587 233 220 22990911 118865834
 15
 1 114 0 54 0 20 1 8 75767 151534
 2 92 1 87 1 50 1 10 317877 635754
 3 114 0 43 1 26 1 7 94561 189122
 4 93 0 69 1 42 1 8 182233 364466
 5 80 1 79 1 64 1 4 299971 599942
 6 99 0 80 0 29 1 6 178024 356048
 7 60 1 54 1 47 1 18 107915 215830
 8 54 1 53 1 32 1 5 64865 129730
 9 113 1 75 1 68 1 9 414403 828806
 10 67 1 66 1 49 1 9 170197 340394
 11 65 0 30 1 21 1 7 35404 70808
 12 110 0 63 0 29 1 14 122380 244760
 13 75 0 60 0 27 1 9 88142 176284
 14 95 0 71 1 40 1 5 237907 475814
 15 92 1 74 1 67 1 6 389788 779576
 65 2508905
 587 233 220 18463899 100323084
 15
 1 55 0 50 1 26 1 6 48501 97002
 2 48 1 42 1 37 1 8 62785 125570
 3 47 1 34 1 26 1 9 34889 69778
 4 104 0 74 1 50 1 8 307688 615376
 5 83 0 70 1 40 1 13 177208 354416
 6 53 1 52 1 38 1 12 87998 175996
 7 108 0 69 1 49 1 15 299615 599230
 8 78 1 73 1 72 1 8 350012 700024
 9 77 0 62 0 24 1 13 76849 153698
 10 74 0 34 1 21 1 12 44303 88606
 11 49 1 38 1 37 1 7 58453 116906
 12 79 1 50 1 40 1 14 95733 191466
 13 75 0 44 1 35 1 9 70849 141698
 14 98 1 69 1 57 1 14 326566 653132
 15 72 0 62 1 36 1 8 120049 240098
 66 2509005
 587 233 220 23237109 147831114
 15
 1 87 0 45 1 32 1 16 107876 215752
 2 84 1 63 1 46 1 9 181706 363412
 3 84 1 67 1 44 1 5 196547 393094
 4 76 0 55 1 30 1 5 92218 184436
 5 87 1 78 1 61 1 7 277968 555936
 6 115 0 77 1 53 1 6 301399 602798
 7 78 1 72 1 51 1 12 201714 403428
 8 93 1 91 1 62 1 7 434124 868248
 9 48 1 41 1 40 1 6 59911 119822
 10 92 1 82 1 53 1 7 304210 608420
 11 102 1 69 1 54 1 4 339577 679154
 12 80 0 52 1 34 1 9 87771 175542
 13 90 1 71 1 60 1 5 321520 643040
 14 66 1 43 1 42 1 9 100977 201954
 15 73 1 58 1 52 1 9 151941 303882
 67 2509105
 587 233 220 26832895 129142456
 15
 1 119 0 41 1 38 1 9 132177 264354
 2 90 0 44 1 35 1 9 100021 200042
 3 67 0 55 0 27 1 6 88618 177236
 4 71 1 47 1 36 1 5 77491 154982
 5 90 1 55 1 51 1 10 170750 341500
 6 87 0 68 1 40 1 10 209940 419880
 7 87 0 53 1 36 1 9 106451 212902
 8 113 0 47 1 34 1 13 137957 275914
 9 97 0 56 1 35 1 10 126020 252040
 10 90 0 60 0 25 1 11 94776 189552
 11 88 1 75 1 70 1 11 348139 696278
 12 111 0 64 1 51 1 12 275302 550604
 13 105 0 77 0 31 1 10 216238 432476
 14 91 0 33 1 29 1 13 57427 114854
 15 53 1 34 1 31 1 12 33972 67944
 68 2509205
 587 233 220 19729045 57241240
 15
 1 60 1 44 1 36 1 6 65590 131180
 2 76 1 42 1 40 1 6 109301 218602
 3 65 1 49 1 48 1 5 97102 194204
 4 109 0 92 1 51 1 6 455633 911266
 5 93 0 42 1 31 1 8 106929 213858
 6 83 1 64 1 59 1 7 220901 441802
 7 96 1 90 1 55 1 8 311177 622354
 8 52 1 42 1 31 1 6 51802 103604
 9 98 1 72 1 61 1 5 355513 711026
 10 118 0 98 1 57 1 9 562693 1125386
 11 48 1 31 1 25 1 9 25627 51254
 12 75 1 67 1 50 1 9 162033 324066
 13 120 0 66 0 32 1 7 171664 343328
 14 91 1 76 1 65 1 4 384290 768580
 15 102 0 71 1 49 1 8 286496 572992
 69 2509305
 587 233 220 21720414 83434993
 15
 1 91 0 50 1 32 1 11 93463 186926
 2 118 0 66 1 40 1 19 212157 424314
 3 75 0 69 0 32 1 8 124109 248218
 4 81 0 73 0 32 1 9 158627 317254
 5 97 0 69 0 33 1 15 174021 348042
 6 97 0 31 1 27 1 10 61828 123656
 7 57 1 54 1 29 1 13 72970 145940
 8 77 1 71 1 62 1 10 247453 494906
 9 116 0 84 0 27 1 9 196831 393662
 10 85 0 30 1 29 1 9 66423 132846
 11 112 0 51 1 41 1 11 164947 329894
 12 87 0 81 0 23 1 11 123415 246830
 13 49 1 44 1 26 1 13 42752 85504
 14 63 1 59 1 38 1 9 103898 207796
 15 82 0 44 1 33 1 10 86703 173406
 70 2509405
 587 233 220 25831241 177067022
 15
 1 56 0 32 1 28 1 6 37244 74488
 2 92 0 68 1 39 1 6 166972 333944
 3 90 0 86 0 29 1 9 194680 389360
 4 73 1 54 1 52 1 4 161638 323276
 5 114 0 100 0 45 1 9 328160 656320
 6 94 0 51 1 36 1 9 123077 246154
 7 108 0 59 1 38 1 9 199985 399970
 8 89 1 82 1 61 1 9 321523 643046
 9 81 1 71 1 43 1 11 169662 339324
 10 61 1 53 1 37 1 5 80694 161388
 11 85 1 70 1 58 1 8 224000 448000
 12 111 0 98 0 39 1 4 305610 611220
 13 66 1 62 1 59 1 6 203796 407592
 14 117 0 87 1 49 1 6 421682 843364
 15 70 1 62 1 40 1 5 153471 306942
 71 2509505
 587 233 220 25325881 165753777
 15
 1 99 1 64 1 62 1 15 299647 599294
 2 110 0 43 1 37 1 10 118187 236374
 3 96 1 73 1 50 1 12 229668 459336
 4 114 0 53 1 35 1 5 154509 309018
 5 105 0 27 1 22 1 5 51974 103948
 6 75 1 66 1 51 1 8 190425 380850
 7 72 1 61 1 48 1 6 175349 350698
 8 102 0 46 1 32 1 13 105855 211710
 9 59 1 57 1 45 1 5 95223 190446
 10 111 0 45 1 33 1 12 142579 285158
 11 90 1 74 1 58 1 14 253870 507740
 12 55 1 51 1 34 1 5 73530 147060
 13 98 0 73 0 21 1 9 105298 210596
 14 85 0 61 1 35 1 6 147593 295186
 15 41 1 35 1 31 1 12 26890 53780
 72 2509605
 587 233 220 23307752 150509984
 15
 1 96 1 95 1 68 1 10 412847 825694
 2 69 1 61 1 35 1 3 117046 234092
 3 107 1 70 1 55 1 7 367386 734772
 4 92 0 85 0 34 1 5 231793 463586
 5 96 0 60 1 31 1 7 121375 242750
 6 66 1 38 1 38 1 9 70836 141672
 7 63 1 57 1 36 1 8 100840 201680
 8 51 1 31 1 31 1 7 31309 62618
 9 100 0 75 1 44 1 15 274927 549854
 10 78 1 66 1 53 1 12 202380 404760
 11 33 1 32 1 29 1 8 25858 51716
 12 81 1 72 1 45 1 11 221771 443542
 13 88 0 57 1 38 1 9 141168 282336
 14 52 0 34 1 21 1 12 28361 56722
 15 112 0 69 0 31 1 9 173351 346702
 73 2509705
 587 233 220 26663389 88032675
 15
 1 90 0 73 1 37 1 6 190963 381926
 2 102 0 95 0 33 1 10 279924 559848
 3 117 0 38 1 30 1 8 101723 203446
 4 75 1 73 1 57 1 10 279779 559558
 5 86 0 36 1 34 1 6 92570 185140
 6 101 1 81 1 62 1 8 419225 838450
 7 90 1 66 1 65 1 8 257913 515826
 8 76 1 69 1 51 1 6 225749 451498
 9 65 0 30 1 30 1 11 48525 97050
 10 61 1 46 1 37 1 6 65082 130164
 11 96 0 52 1 45 1 9 153674 307348
 12 112 0 57 0 27 1 8 123038 246076
 13 103 1 93 1 54 1 4 435297 870594
 14 110 1 84 1 68 1 7 490935 981870
 15 92 0 30 1 27 1 7 51655 103310
 74 2509805
 587 233 220 23791603 121978597
 15
 1 86 1 79 1 69 1 7 415264 830528
 2 53 1 46 1 31 1 4 64409 128818
 3 96 0 51 1 37 1 8 109506 219012
 4 119 0 55 1 54 1 8 316255 632510
 5 77 0 74 0 37 1 9 141738 283476
 6 96 0 73 0 24 1 6 117930 235860
 7 75 1 67 1 54 1 5 240115 480230
 8 88 1 71 1 61 1 4 272965 545930
 9 120 0 93 0 46 1 5 308651 617302
 10 104 1 70 1 69 1 9 315353 630706
 11 72 1 69 1 61 1 5 271780 543560
 12 68 1 51 1 43 1 6 121662 243324
 13 118 0 71 1 53 1 8 297062 594124
 14 78 1 57 1 54 1 9 184842 369684
 15 72 0 67 0 22 1 7 72643 145286
 75 2509905
 587 233 220 21655326 106526415
 15
 1 101 0 81 0 24 1 7 141770 283540
 2 94 0 72 0 29 1 7 153977 307954
 3 79 1 72 1 47 1 8 240514 481028
 4 90 0 36 1 35 1 8 82726 165452
 5 68 1 51 1 40 1 13 85734 171468
 6 48 1 45 1 35 1 11 67683 135366
 7 108 1 84 1 69 1 9 489142 978284
 8 91 0 45 1 31 1 4 87967 175934
 9 84 1 80 1 62 1 15 329637 659274
 10 77 1 71 1 41 1 3 194106 388212
 11 91 0 78 1 42 1 6 182866 365732
 12 82 1 80 1 60 1 12 299222 598444
 13 89 0 42 1 26 1 5 87079 174158
 14 45 1 41 1 30 1 4 38454 76908
 15 79 0 51 1 29 1 11 103398 206796
 76 2510005
 587 233 220 19433132 148405309
 15
 1 77 0 42 1 30 1 11 71296 142592
 2 98 0 45 1 28 1 5 102426 204852
 3 61 1 58 1 32 1 6 74546 149092
 4 92 1 77 1 61 1 7 322786 645572
 5 58 0 44 1 27 1 11 48695 97390
 6 108 0 72 1 50 1 8 260058 520116
 7 93 1 72 1 71 1 6 349040 698080
 8 111 0 49 1 30 1 6 138154 276308
 9 79 1 66 1 49 1 14 194295 388590
 10 85 0 74 1 39 1 11 203084 406168
 11 106 0 34 1 33 1 9 90641 181282
 12 113 1 91 1 76 1 8 477191 954382
 13 57 1 49 1 43 1 4 73564 147128
 14 103 0 80 0 27 1 7 187175 374350
 15 74 0 66 0 31 1 9 118421 236842
 77 2510105
 587 233 220 20551361 119001515
 15
 1 73 0 73 0 36 1 11 163528 327056
 2 87 0 49 1 26 1 12 77617 155234
 3 68 1 53 1 44 1 7 129144 258288
 4 73 0 57 1 33 1 10 90038 180076
 5 65 1 49 1 47 1 19 132075 264150
 6 80 0 65 1 35 1 10 151162 302324
 7 72 0 35 1 26 1 10 43029 86058
 8 75 1 68 1 40 1 7 133949 267898
 9 104 0 53 1 34 1 18 164012 328024
 10 97 0 93 0 45 1 9 273281 546562
 11 79 1 54 1 49 1 17 140968 281936
 12 52 1 32 1 27 1 7 29623 59246
 13 84 1 72 1 59 1 12 281762 563524
 14 74 1 71 1 53 1 5 197382 394764
 15 102 0 70 0 27 1 4 120182 240364
 78 2510205
 587 233 220 19206881 70462708
 15
 1 105 0 68 1 42 1 9 239242 478484
 2 75 0 37 1 24 1 12 49902 99804
 3 79 0 73 0 26 1 12 115268 230536
 4 95 0 53 1 38 1 13 122835 245670
 5 50 1 41 1 40 1 11 68941 137882
 6 80 1 59 1 52 1 9 214308 428616
 7 90 0 74 0 35 1 5 170556 341112
 8 87 1 60 1 60 1 9 280023 560046
 9 68 1 50 1 39 1 12 113993 227986
 10 78 0 64 0 25 1 10 78103 156206
 11 73 1 65 1 52 1 10 180116 360232
 12 83 0 48 1 38 1 9 106829 213658
 13 87 1 76 1 44 1 12 246086 492172
 14 60 0 38 1 26 1 9 41369 82738
 15 82 1 65 1 64 1 13 241818 483636
 79 2510305
 587 233 220 19158971 78405646
 15
 1 64 1 48 1 46 1 10 113472 226944
 2 79 0 25 1 22 1 15 34364 68728
 3 89 0 85 0 33 1 16 165040 330080
 4 79 0 66 1 34 1 10 134380 268760
 5 79 0 54 1 31 1 15 106341 212682
 6 115 0 95 0 22 1 10 162270 324540
 7 76 1 54 1 44 1 7 158137 316274
 8 80 0 44 1 29 1 17 65562 131124
 9 66 0 33 1 26 1 8 44402 88804
 10 50 1 32 1 32 1 7 32810 65620
 11 116 0 93 0 21 1 9 153733 307466
 12 113 0 64 1 50 1 9 290446 580892
 13 101 0 80 0 31 1 13 195417 390834
 14 96 0 76 1 46 1 14 301857 603714
 15 61 0 61 0 26 1 8 77425 154850
 80 2510405
 587 233 220 18454533 72848112
 15
 1 78 1 59 1 54 1 10 212861 425722
 2 120 0 52 0 20 1 13 83954 167908
 3 100 1 67 1 54 1 9 251595 503190
 4 91 0 59 1 37 1 8 153538 307076
 5 112 0 57 1 56 1 8 260710 521420
 6 88 0 46 1 34 1 18 103399 206798
 7 108 0 78 1 53 1 12 395648 791296
 8 100 0 48 1 29 1 11 101456 202912
 9 89 0 88 0 21 1 14 110651 221302
 10 90 0 40 1 21 1 15 60981 121962
 11 89 0 37 1 36 1 6 85175 170350
 12 62 0 53 0 20 1 7 45788 91576
 13 116 0 48 1 40 1 8 182993 365986
 14 64 0 49 1 32 1 10 77785 155570
 15 63 1 56 1 41 1 9 93982 187964
 81 2510505
 587 233 220 20200113 79065004
 15
 1 110 0 60 1 55 1 4 273954 547908
 2 80 1 78 1 71 1 7 391577 783154
 3 110 0 75 1 50 1 4 321851 643702
 4 100 0 72 1 40 1 6 230648 461296
 5 103 0 60 1 32 1 8 168254 336508
 6 70 1 60 1 49 1 5 136278 272556
 7 80 1 72 1 62 1 5 241359 482718
 8 120 1 74 1 67 1 9 460170 920340
 9 75 0 52 1 37 1 9 124764 249528
 10 57 1 54 1 48 1 6 98171 196342
 11 62 1 55 1 53 1 3 148101 296202
 12 83 0 73 0 36 1 6 154968 309936
 13 75 1 64 1 40 1 4 150208 300416
 14 98 0 80 0 31 1 9 192542 385084
 15 112 0 100 1 52 1 9 515749 1031498
 82 2510605
 587 233 220 20105130 133366340
 15
 1 65 1 51 1 50 1 7 146222 292444
 2 113 0 78 0 28 1 10 210453 420906
 3 120 0 35 1 32 1 10 120232 240464
 4 71 0 53 0 20 1 9 61251 122502
 5 94 1 70 1 64 1 8 277937 555874
 6 64 0 33 1 32 1 9 51262 102524
 7 71 0 35 1 21 1 11 40876 81752
 8 85 1 59 1 49 1 8 185755 371510
 9 108 0 62 1 53 1 9 295797 591594
 10 116 0 56 0 25 1 8 101839 203678
 11 75 0 69 1 35 1 11 113407 226814
 12 114 0 85 1 53 1 10 405514 811028
 13 55 0 35 1 20 1 11 24447 48894
 14 89 1 72 1 66 1 4 260904 521808
 15 92 1 62 1 47 1 14 168278 336556
 83 2510705
 587 233 220 19129051 68319746
 15
 1 83 1 71 1 46 1 13 201441 402882
 2 76 1 63 1 54 1 11 217048 434096
 3 91 0 56 1 40 1 9 168186 336372
 4 61 1 42 1 34 1 9 53436 106872
 5 84 1 67 1 47 1 5 233676 467352
 6 95 1 79 1 57 1 9 383240 766480
 7 90 0 80 0 23 1 10 107629 215258
 8 69 0 43 1 28 1 7 59226 118452
 9 72 1 69 1 48 1 7 170596 341192
 10 83 1 64 1 58 1 11 224331 448662
 11 99 0 94 0 24 1 6 144006 288012
 12 96 1 69 1 53 1 7 218297 436594
 13 71 1 70 1 36 1 9 110361 220722
 14 57 1 52 1 45 1 11 82708 165416
 15 99 0 71 1 43 1 5 238786 477572
 84 2510805
 587 233 220 26458224 137010830
 15
 1 114 0 77 1 42 1 8 245576 491152
 2 105 1 81 1 74 1 12 544957 1089914
 3 76 1 73 1 50 1 8 177270 354540
 4 104 0 91 0 41 1 11 335845 671690
 5 75 0 70 0 23 1 9 92223 184446
 6 93 0 67 0 20 1 11 101923 203846
 7 89 0 54 0 25 1 10 77024 154048
 8 89 0 46 1 28 1 10 70894 141788
 9 36 1 35 1 24 1 11 25740 51480
 10 72 0 50 1 29 1 5 86620 173240
 11 72 1 41 1 38 1 9 82166 164332
 12 84 0 32 1 24 1 7 47929 95858
 13 85 0 53 1 31 1 9 84487 168974
 14 115 0 94 0 38 1 9 366305 732610
 15 60 1 51 1 38 1 8 99471 198942
 85 2510905
 587 233 220 18813471 150495363
 15
 1 55 0 37 1 22 1 10 29782 59564
 2 72 0 55 1 31 1 12 83707 167414
 3 61 1 56 1 36 1 6 90861 181722
 4 76 0 72 0 22 1 7 80699 161398
 5 74 1 66 1 61 1 10 213713 427426
 6 43 1 39 1 32 1 9 37055 74110
 7 108 0 98 0 27 1 10 254115 508230
 8 109 1 73 1 65 1 8 440105 880210
 9 97 0 92 0 40 1 8 273647 547294
 10 109 1 80 1 62 1 9 382919 765838
 11 57 1 57 1 45 1 6 93441 186882
 12 114 0 43 1 41 1 8 131161 262322
 13 100 1 69 1 67 1 8 315571 631142
 14 82 0 68 0 24 1 7 94035 188070
 15 97 0 34 1 31 1 10 90738 181476
 86 2511005
 587 233 220 26196394 98774441
 15
 1 87 0 33 1 28 1 9 48430 96860
 2 97 1 70 1 57 1 11 258625 517250
 3 71 1 57 1 38 1 11 129288 258576
 4 63 1 53 1 47 1 8 96366 192732
 5 77 0 56 1 37 1 13 103941 207882
 6 102 0 67 1 47 1 7 211212 422424
 7 72 0 31 1 29 1 10 57504 115008
 8 84 0 58 1 38 1 11 163515 327030
 9 84 1 57 1 56 1 5 240136 480272
 10 88 0 76 0 33 1 9 146291 292582
 11 109 1 76 1 73 1 12 491308 982616
 12 57 1 55 1 54 1 9 105972 211944
 13 115 0 26 1 25 1 8 59089 118178
 14 71 1 50 1 41 1 7 96168 192336
 15 102 0 59 0 29 1 8 126418 252836
 87 2511105
 587 233 220 20833938 121105193
 15
 1 119 0 34 1 28 1 8 95441 190882
 2 84 1 69 1 48 1 8 168217 336434
 3 97 1 82 1 78 1 9 407924 815848
 4 109 0 43 1 33 1 10 132846 265692
 5 80 1 75 1 47 1 11 182723 365446
 6 74 0 62 0 30 1 7 113413 226826
 7 40 1 35 1 31 1 5 29624 59248
 8 58 0 43 1 26 1 7 44882 89764
 9 111 1 73 1 71 1 8 441045 882090
 10 95 0 66 1 43 1 5 222457 444914
 11 96 0 82 0 28 1 10 194164 388328
 12 84 1 73 1 66 1 2 266809 533618
 13 62 1 42 1 38 1 6 73677 147354
 14 108 1 91 1 58 1 8 478956 957912
 15 96 0 81 0 25 1 4 167506 335012
 88 2511205
 587 233 220 20054183 67837904
 15
 1 100 0 60 1 40 1 8 214157 428314
 2 89 0 67 1 34 1 7 178034 356068
 3 92 0 80 0 38 1 15 192252 384504
 4 90 0 81 0 24 1 11 124769 249538
 5 84 0 52 1 38 1 12 116159 232318
 6 77 1 54 1 46 1 11 120636 241272
 7 90 0 49 1 33 1 15 125751 251502
 8 78 0 45 1 27 1 10 77413 154826
 9 76 0 57 0 28 1 7 102929 205858
 10 102 0 38 1 27 1 10 75637 151274
 11 55 1 45 1 39 1 18 71658 143316
 12 115 0 78 0 29 1 8 157814 315628
 13 98 1 58 1 53 1 9 213469 426938
 14 75 1 64 1 44 1 20 154429 308858
 15 61 0 57 0 20 1 10 45663 91326
 89 2511305
 587 233 220 20467781 139038424
 15
 1 95 0 92 0 46 1 4 328851 657702
 2 65 1 60 1 40 1 7 137724 275448
 3 103 1 62 1 59 1 9 296170 592340
 4 71 1 65 1 52 1 8 212072 424144
 5 119 0 87 0 28 1 6 227504 455008
 6 109 1 92 1 78 1 7 663729 1327458
 7 58 1 54 1 35 1 3 84224 168448
 8 98 1 73 1 64 1 10 329171 658342
 9 44 1 44 1 40 1 12 63316 126632
 10 70 0 69 1 35 1 6 130299 260598
 11 119 0 61 1 58 1 7 274779 549558
 12 89 1 55 1 45 1 4 188741 377482
 13 75 1 68 1 58 1 8 224798 449596
 14 43 1 37 1 30 1 5 32619 65238
 15 95 0 77 1 41 1 4 180970 361940
 90 2511405
 587 233 220 20426602 123672010
 15
 1 91 0 52 1 33 1 7 111309 222618
 2 87 1 81 1 63 1 5 387624 775248
 3 113 0 79 1 45 1 8 326774 653548
 4 114 0 52 1 45 1 8 176445 352890
 5 110 1 90 1 66 1 6 435297 870594
 6 81 0 41 1 31 1 2 81421 162842
 7 108 0 67 1 37 1 3 166950 333900
 8 118 0 82 1 57 1 8 420377 840754
 9 96 0 60 0 30 1 7 110589 221178
 10 43 1 42 1 36 1 6 50821 101642
 11 93 1 78 1 77 1 6 496518 993036
 12 85 0 62 0 25 1 9 110495 220990
 13 93 0 83 0 30 1 1 188584 377168
 14 101 1 87 1 77 1 7 591475 1182950
 15 112 0 72 1 56 1 2 397170 794340
 91 2511505
 587 233 220 18617845 127078520
 15
 1 86 1 65 1 57 1 6 226530 453060
 2 61 1 37 1 32 1 8 60337 120674
 3 39 1 33 1 27 1 8 23228 46456
 4 85 0 33 1 26 1 8 60851 121702
 5 101 0 94 0 42 1 6 339706 679412
 6 65 1 53 1 46 1 3 107496 214992
 7 76 1 72 1 39 1 6 149259 298518
 8 47 1 42 1 25 1 9 29718 59436
 9 93 1 76 1 60 1 8 270763 541526
 10 95 1 74 1 51 1 11 290244 580488
 11 97 0 66 0 32 1 12 142360 284720
 12 116 0 78 0 37 1 6 299266 598532
 13 98 0 53 1 47 1 14 167600 335200
 14 68 1 63 1 60 1 11 228577 457154
 15 93 1 91 1 68 1 7 507483 1014966
 92 2511605
 587 233 220 18266849 91156602
 15
 1 96 1 82 1 63 1 7 444171 888342
 2 74 1 63 1 59 1 7 195584 391168
 3 86 0 60 1 43 1 10 174351 348702
 4 90 1 67 1 57 1 8 227515 455030
 5 97 1 91 1 80 1 6 447812 895624
 6 116 0 61 0 28 1 8 162463 324926
 7 86 0 41 1 35 1 12 79215 158430
 8 67 0 44 1 26 1 5 47290 94580
 9 115 0 79 0 31 1 9 248261 496522
 10 62 1 59 1 46 1 9 136856 273712
 11 49 1 41 1 39 1 4 48426 96852
 12 55 1 48 1 33 1 8 55229 110458
 13 113 1 89 1 63 1 8 425590 851180
 14 49 1 36 1 33 1 7 41481 82962
 15 71 1 63 1 54 1 6 206313 412626
 93 2511705
 587 233 220 19824214 96756930
 15
 1 78 0 69 1 37 1 5 138933 277866
 2 115 1 90 1 58 1 9 533831 1067662
 3 68 0 53 0 20 1 5 47572 95144
 4 119 0 71 1 47 1 5 287188 574376
 5 100 1 82 1 57 1 5 346833 693666
 6 88 1 76 1 52 1 7 241208 482416
 7 95 0 90 0 43 1 4 255591 511182
 8 87 1 72 1 62 1 5 325635 651270
 9 80 1 66 1 47 1 5 178250 356500
 10 120 1 78 1 67 1 5 510761 1021522
 11 103 1 65 1 60 1 6 250971 501942
 12 86 1 60 1 50 1 9 224009 448018
 13 80 0 49 1 37 1 5 112077 224154
 14 94 0 83 0 36 1 6 225400 450800
 15 92 1 59 1 51 1 5 215697 431394
 94 2511805
 587 233 220 23249597 133579982
 15
 1 75 1 73 1 69 1 9 266291 532582
 2 66 1 56 1 40 1 8 114105 228210
 3 64 1 51 1 41 1 13 99390 198780
 4 90 0 52 1 28 1 9 89267 178534
 5 73 0 33 1 28 1 14 44412 88824
 6 91 1 76 1 60 1 11 367230 734460
 7 54 1 45 1 28 1 13 50241 100482
 8 107 1 81 1 56 1 7 394667 789334
 9 63 1 53 1 44 1 11 113510 227020
 10 88 1 75 1 50 1 9 279716 559432
 11 79 0 76 0 20 1 5 73778 147556
 12 116 1 71 1 66 1 9 439170 878340
 13 84 0 52 1 35 1 11 103718 207436
 14 61 0 56 0 22 1 5 50305 100610
 15 54 1 53 1 31 1 4 65376 130752
 95 2511905
 587 233 220 24924070 93883844
 15
 1 101 0 69 0 20 1 9 115771 231542
 2 108 0 66 1 54 1 9 270240 540480
 3 74 0 62 1 33 1 11 113758 227516
 4 69 0 61 1 33 1 12 107312 214624
 5 71 0 64 0 31 1 8 104612 209224
 6 38 1 32 1 30 1 14 24275 48550
 7 108 0 47 1 37 1 12 146251 292502
 8 100 0 41 1 36 1 9 124635 249270
 9 99 0 79 0 39 1 10 247225 494450
 10 83 0 55 0 22 1 9 88118 176236
 11 99 0 49 1 36 1 9 117345 234690
 12 83 0 56 0 22 1 11 70002 140004
 13 66 1 52 1 44 1 6 131447 262894
 14 120 0 69 0 29 1 12 184122 368244
 15 101 0 90 1 50 1 14 286385 572770
 96 2512005
 587 233 220 26514238 96199903
 15
 1 64 0 42 1 26 1 10 53305 106610
 2 92 1 58 1 52 1 10 215654 431308
 3 92 0 85 0 21 1 10 127201 254402
 4 90 0 49 1 33 1 5 101210 202420
 5 54 1 48 1 34 1 9 55940 111880
 6 95 0 62 1 45 1 12 197401 394802
 7 72 1 49 1 46 1 6 116066 232132
 8 56 0 42 1 25 1 3 52146 104292
 9 64 0 34 1 26 1 8 40407 80814
 10 113 0 90 1 54 1 6 358804 717608
 11 113 0 52 1 42 1 8 151194 302388
 12 94 0 86 0 38 1 13 265936 531872
 13 81 1 80 1 68 1 5 339111 678222
 14 87 1 79 1 55 1 12 326104 652208
 15 81 1 52 1 45 1 14 162532 325064
 97 2512105
 587 233 220 26487909 126778980
 15
 1 74 0 60 1 32 1 10 119098 238196
 2 100 0 50 1 43 1 8 158276 316552
 3 95 0 74 1 42 1 11 228660 457320
 4 95 0 70 0 30 1 8 133319 266638
 5 45 1 37 1 24 1 11 34261 68522
 6 67 0 60 0 25 1 8 87763 175526
 7 55 1 51 1 35 1 11 77276 154552
 8 76 1 71 1 61 1 10 237589 475178
 9 119 0 88 1 51 1 8 424460 848920
 10 98 0 81 0 26 1 7 171983 343966
 11 86 1 69 1 61 1 13 306714 613428
 12 117 0 54 1 30 1 10 135700 271400
 13 96 0 40 1 24 1 8 59931 119862
 14 54 1 52 1 41 1 8 93324 186648
 15 89 0 61 1 41 1 10 159373 318746
 98 2512205
 587 233 220 22877226 107816346
 15
 1 106 0 55 1 38 1 11 185981 371962
 2 69 1 50 1 48 1 18 107231 214462
 3 106 1 63 1 57 1 7 271275 542550
 4 71 1 66 1 51 1 14 204250 408500
 5 62 1 41 1 36 1 10 58147 116294
 6 75 1 49 1 39 1 12 106390 212780
 7 90 1 64 1 53 1 7 200660 401320
 8 96 1 79 1 55 1 9 314583 629166
 9 83 1 75 1 67 1 7 356026 712052
 10 58 1 48 1 30 1 10 58424 116848
 11 81 0 59 0 24 1 8 81032 162064
 12 71 1 56 1 41 1 11 105841 211682
 13 111 0 76 1 40 1 7 233287 466574
 14 113 0 27 1 26 1 7 62485 124970
 15 50 1 41 1 36 1 9 55849 111698
 99 2512305
 587 233 220 19258068 54604071
 15
 1 51 1 46 1 44 1 14 77510 155020
 2 95 0 92 1 47 1 14 324092 648184
 3 116 0 39 1 23 1 7 73072 146144
 4 51 1 37 1 32 1 7 36506 73012
 5 117 0 44 1 38 1 8 134307 268614
 6 103 1 89 1 73 1 7 475235 950470
 7 73 1 55 1 54 1 6 140337 280674
 8 116 0 98 0 40 1 9 373090 746180
 9 62 0 48 0 22 1 8 43560 87120
 10 106 0 38 1 30 1 7 105077 210154
 11 100 0 40 1 32 1 7 80590 161180
 12 87 0 53 0 26 1 5 99343 198686
 13 57 1 35 1 35 1 4 42117 84234
 14 80 1 75 1 75 1 11 304317 608634
 15 111 0 88 0 32 1 6 229802 459604
 100 2512405
 587 233 220 23091548 88839187
 15
 1 78 1 49 1 47 1 7 149325 298650
 2 46 1 45 1 43 1 7 60751 121502
 3 98 0 44 1 36 1 9 122681 245362
 4 100 0 89 0 31 1 8 187774 375548
 5 108 0 76 1 47 1 7 333643 667286
 6 75 0 36 1 28 1 5 49918 99836
 7 108 1 82 1 56 1 14 386843 773686
 8 45 1 41 1 24 1 16 38591 77182
 9 103 0 48 1 38 1 9 116463 232926
 10 74 1 62 1 46 1 13 186472 372944
 11 96 0 56 1 44 1 9 158762 317524
 12 117 0 64 1 42 1 10 204747 409494
 13 73 1 71 1 50 1 6 215473 430946
 14 61 1 48 1 47 1 6 120406 240812
 15 91 0 49 1 27 1 13 89965 179930
