100
 1 2502505
 587 233 220 20072383 120548221
 20
 1 108 0 76 0 30 1 10 162591 325182
 2 110 0 43 1 25 1 6 95044 190088
 3 92 1 81 1 55 1 5 368503 737006
 4 81 0 33 1 28 1 5 56161 112322
 5 120 1 99 1 73 1 6 523741 1047482
 6 111 0 70 1 48 1 4 236481 472962
 7 98 0 72 1 46 1 7 285896 571792
 8 95 0 66 0 31 1 6 131528 263056
 9 85 0 84 0 30 1 5 151286 302572
 10 71 0 32 1 25 1 5 37508 75016
 11 36 1 34 1 25 1 4 26938 53876
 12 97 1 67 1 62 1 8 315987 631974
 13 33 1 25 1 23 1 2 12564 25128
 14 95 0 27 1 26 1 5 51112 102224
 15 94 0 81 1 44 1 8 220020 440040
 16 41 1 39 1 38 1 4 37713 75426
 17 104 1 74 1 65 1 4 317588 635176
 18 52 1 41 1 36 1 4 62945 125890
 19 104 0 78 0 34 1 6 212551 425102
 20 83 1 77 1 46 1 6 221379 442758
 2 2502605
 587 233 220 18499630 76429653
 20
 1 49 0 25 1 21 1 10 16120 32240
 2 60 1 51 1 41 1 7 112394 224788
 3 103 1 76 1 64 1 6 442345 884690
 4 95 1 70 1 62 1 6 272285 544570
 5 111 0 49 1 26 1 1 114732 229464
 6 85 1 84 1 72 1 9 432703 865406
 7 48 1 36 1 31 1 7 37767 75534
 8 86 0 76 0 38 1 7 217443 434886
 9 71 1 48 1 47 1 7 131905 263810
 10 90 0 43 1 33 1 7 78595 157190
 11 98 0 52 1 44 1 7 142183 284366
 12 73 0 37 1 23 1 6 49858 99716
 13 61 1 48 1 39 1 8 95278 190556
 14 75 1 75 1 63 1 6 305784 611568
 15 74 1 42 1 40 1 6 90928 181856
 16 98 0 88 0 26 1 3 158478 316956
 17 97 0 69 1 41 1 11 199267 398534
 18 89 1 77 1 46 1 6 265394 530788
 19 73 1 64 1 55 1 5 201111 402222
 20 84 1 69 1 66 1 4 290660 581320
 3 2502705
 587 233 220 25762041 150427969
 20
 1 97 0 81 0 27 1 4 181261 362522
 2 102 0 78 0 39 1 4 250282 500564
 3 113 0 46 1 36 1 10 115071 230142
 4 66 1 50 1 42 1 7 99325 198650
 5 101 0 30 1 26 1 6 61865 123730
 6 100 0 56 1 35 1 6 157601 315202
 7 91 0 50 1 40 1 4 135606 271212
 8 106 1 61 1 56 1 4 271300 542600
 9 103 1 63 1 58 1 9 301169 602338
 10 75 1 57 1 41 1 7 140756 281512
 11 71 1 68 1 64 1 5 251415 502830
 12 85 0 67 1 39 1 7 139422 278844
 13 97 1 63 1 56 1 7 249784 499568
 14 61 0 48 1 30 1 5 56371 112742
 15 80 0 54 1 35 1 5 90809 181618
 16 73 1 66 1 62 1 12 192050 384100
 17 90 1 74 1 69 1 8 322002 644004
 18 118 0 61 1 40 1 4 179611 359222
 19 94 0 43 1 31 1 4 98257 196514
 20 90 0 49 1 30 1 8 98825 197650
 4 2502805
 587 233 220 22800660 121444162
 20
 1 113 0 92 0 33 1 7 297937 595874
 2 52 1 37 1 28 1 6 37799 75598
 3 57 1 33 1 29 1 8 46636 93272
 4 99 0 37 1 30 1 5 81701 163402
 5 92 0 64 1 33 1 11 150072 300144
 6 119 0 59 1 39 1 4 164492 328984
 7 54 1 52 1 49 1 16 112505 225010
 8 75 0 45 1 35 1 4 99696 199392
 9 79 1 68 1 44 1 6 208974 417948
 10 116 0 49 1 47 1 5 179859 359718
 11 83 0 44 1 23 1 7 51676 103352
 12 98 1 96 1 56 1 9 473385 946770
 13 78 1 72 1 57 1 4 275855 551710
 14 98 0 88 1 47 1 9 273182 546364
 15 41 1 33 1 31 1 13 32575 65150
 16 59 1 35 1 34 1 6 52909 105818
 17 83 0 78 0 37 1 4 212702 425404
 18 68 0 34 1 33 1 8 59546 119092
 19 103 0 69 1 49 1 8 220751 441502
 20 97 0 53 1 32 1 13 105639 211278
 5 2502905
 587 233 220 22996820 160568430
 20
 1 88 0 54 1 39 1 6 152271 304542
 2 94 0 54 1 36 1 4 141334 282668
 3 87 0 77 1 43 1 5 207826 415652
 4 100 1 80 1 72 1 7 428644 857288
 5 83 0 40 1 36 1 7 93119 186238
 6 91 0 54 0 22 1 10 83651 167302
 7 109 0 58 1 54 1 10 306754 613508
 8 94 0 55 1 30 1 10 99679 199358
 9 34 1 32 1 31 1 12 29928 59856
 10 83 1 80 1 57 1 5 243474 486948
 11 108 0 40 1 26 1 8 93200 186400
 12 72 0 37 1 32 1 3 58489 116978
 13 93 0 93 0 28 1 4 212955 425910
 14 71 0 56 1 33 1 5 105563 211126
 15 104 0 78 0 26 1 5 150236 300472
 16 94 0 85 1 44 1 3 256622 513244
 17 82 1 75 1 65 1 11 319261 638522
 18 109 0 81 0 28 1 3 167745 335490
 19 79 1 73 1 45 1 5 221950 443900
 20 104 1 91 1 76 1 3 542496 1084992
 6 2503005
 587 233 220 21324630 68181607
 20
 1 86 1 84 1 45 1 6 246393 492786
 2 81 0 45 1 34 1 14 107326 214652
 3 70 1 54 1 37 1 13 111772 223544
 4 71 1 61 1 52 1 7 154042 308084
 5 78 1 73 1 40 1 8 184862 369724
 6 69 1 63 1 46 1 7 135671 271342
 7 72 1 67 1 56 1 8 213290 426580
 8 75 0 75 0 36 1 9 136093 272186
 9 94 1 88 1 50 1 5 248980 497960
 10 65 1 51 1 50 1 10 113982 227964
 11 81 1 56 1 46 1 8 176420 352840
 12 68 0 44 1 27 1 7 60191 120382
 13 108 0 52 1 45 1 9 200560 401120
 14 114 0 80 1 44 1 7 309919 619838
 15 84 0 39 1 22 1 6 52979 105958
 16 62 0 58 1 30 1 6 82772 165544
 17 86 0 68 0 33 1 8 121240 242480
 18 59 0 52 0 22 1 3 51986 103972
 19 42 0 33 1 21 1 10 20833 41666
 20 110 0 74 1 38 1 5 269001 538002
 7 2503105
 587 233 220 19008165 53278665
 20
 1 118 0 79 1 51 1 6 334097 668194
 2 86 0 32 1 31 1 6 64233 128466
 3 64 1 58 1 52 1 5 116506 233012
 4 42 1 42 1 32 1 4 47794 95588
 5 64 1 55 1 43 1 6 122853 245706
 6 84 0 70 0 35 1 7 156975 313950
 7 76 0 57 1 36 1 6 109298 218596
 8 95 1 60 1 55 1 6 281658 563316
 9 80 1 66 1 52 1 8 186290 372580
 10 109 0 73 0 23 1 6 138069 276138
 11 72 1 65 1 54 1 3 158364 316728
 12 98 0 55 1 44 1 4 161669 323338
 13 88 0 61 1 31 1 5 144382 288764
 14 94 1 82 1 66 1 5 337685 675370
 15 78 1 77 1 64 1 6 247366 494732
 16 77 0 32 1 30 1 6 65701 131402
 17 91 1 61 1 61 1 5 235682 471364
 18 101 1 100 1 77 1 4 644025 1288050
 19 103 1 63 1 59 1 5 324605 649210
 20 117 0 61 1 57 1 6 357589 715178
 8 2503205
 587 233 220 23543086 105806385
 20
 1 75 1 58 1 57 1 3 183307 366614
 2 57 1 37 1 30 1 5 39698 79396
 3 79 0 74 0 35 1 4 144392 288784
 4 104 1 99 1 74 1 6 499873 999746
 5 55 1 46 1 31 1 9 58107 116214
 6 99 0 98 0 33 1 6 220476 440952
 7 90 1 85 1 59 1 7 374604 749208
 8 115 0 74 1 44 1 4 258566 517132
 9 107 0 67 0 21 1 6 116462 232924
 10 81 1 76 1 55 1 9 303718 607436
 11 118 0 84 0 27 1 9 195060 390120
 12 67 1 60 1 38 1 6 131311 262622
 13 78 1 48 1 46 1 8 124963 249926
 14 67 1 53 1 49 1 3 116020 232040
 15 74 1 43 1 38 1 4 83826 167652
 16 89 1 81 1 62 1 5 338912 677824
 17 95 0 54 1 28 1 5 99867 199734
 18 72 1 72 1 51 1 8 197316 394632
 19 93 0 72 0 35 1 6 209793 419586
 20 40 1 33 1 23 1 6 25049 50098
 9 2503305
 587 233 220 23807791 96602787
 20
 1 90 1 70 1 63 1 3 333685 667370
 2 84 0 78 0 28 1 1 130436 260872
 3 94 0 85 0 39 1 6 220278 440556
 4 80 1 76 1 54 1 7 274111 548222
 5 69 1 50 1 45 1 6 134944 269888
 6 70 1 57 1 37 1 8 106187 212374
 7 94 1 61 1 54 1 4 225001 450002
 8 92 0 44 1 29 1 7 83890 167780
 9 72 1 53 1 37 1 4 125294 250588
 10 89 0 43 1 27 1 4 62347 124694
 11 91 0 44 1 28 1 7 89131 178262
 12 78 1 76 1 68 1 11 350618 701236
 13 84 0 61 1 33 1 7 117312 234624
 14 107 0 40 1 39 1 5 105118 210236
 15 114 1 75 1 69 1 7 372498 744996
 16 57 1 55 1 48 1 11 132233 264466
 17 99 0 57 1 47 1 4 216458 432916
 18 92 0 66 1 44 1 7 217224 434448
 19 73 1 48 1 42 1 10 126521 253042
 20 99 0 46 1 39 1 10 128637 257274
 10 2503405
 587 233 220 18771673 110460582
 20
 1 68 0 66 0 31 1 6 123877 247754
 2 120 0 34 1 26 1 4 89222 178444
 3 95 1 76 1 60 1 5 354079 708158
 4 61 1 47 1 34 1 8 76401 152802
 5 53 1 45 1 36 1 9 55929 111858
 6 80 1 52 1 42 1 5 119224 238448
 7 109 0 63 0 28 1 7 168765 337530
 8 74 0 64 1 35 1 6 115212 230424
 9 53 1 40 1 36 1 3 63341 126682
 10 102 1 96 1 59 1 8 504501 1009002
 11 64 1 60 1 47 1 10 133281 266562
 12 99 0 90 0 32 1 8 175039 350078
 13 76 1 50 1 43 1 5 115131 230262
 14 90 0 75 0 25 1 6 130793 261586
 15 94 0 65 1 37 1 4 194350 388700
 16 117 0 34 1 28 1 5 98682 197364
 17 39 1 28 1 24 1 5 18291 36582
 18 92 0 60 1 42 1 9 175504 351008
 19 102 0 78 1 49 1 13 315924 631848
 20 82 1 69 1 46 1 9 160425 320850
 11 2503505
 587 233 220 23686708 129414834
 20
 1 74 1 63 1 61 1 4 249096 498192
 2 71 0 60 0 25 1 8 93586 187172
 3 106 1 80 1 59 1 7 330380 660760
 4 109 0 76 1 42 1 7 273652 547304
 5 118 0 56 0 22 1 6 100209 200418
 6 105 0 67 1 43 1 7 225372 450744
 7 72 1 65 1 37 1 4 125061 250122
 8 84 1 59 1 54 1 5 205694 411388
 9 91 0 69 0 26 1 10 135517 271034
 10 69 0 31 1 28 1 9 49887 99774
 11 76 0 67 1 37 1 8 166429 332858
 12 48 1 39 1 25 1 6 29068 58136
 13 91 1 79 1 66 1 6 398551 797102
 14 72 1 63 1 42 1 6 154383 308766
 15 74 1 74 1 60 1 10 203256 406512
 16 85 0 78 0 20 1 10 102226 204452
 17 52 1 32 1 32 1 8 41148 82296
 18 83 1 63 1 54 1 11 232009 464018
 19 71 0 32 1 26 1 4 39779 79558
 20 65 0 53 1 30 1 7 71301 142602
 12 2503605
 587 233 220 18123297 53540606
 20
 1 95 1 80 1 57 1 5 377692 755384
 2 112 0 87 0 23 1 7 139095 278190
 3 116 0 41 1 40 1 10 129984 259968
 4 98 1 80 1 56 1 5 390287 780574
 5 108 1 60 1 59 1 6 292804 585608
 6 82 1 77 1 67 1 8 361917 723834
 7 67 1 46 1 36 1 7 80993 161986
 8 104 0 72 1 44 1 12 295603 591206
 9 89 0 56 0 24 1 4 73984 147968
 10 64 1 36 1 36 1 5 50663 101326
 11 101 0 86 0 31 1 5 225647 451294
 12 69 1 65 1 37 1 9 110914 221828
 13 106 0 39 1 22 1 8 75693 151386
 14 100 0 58 1 37 1 9 153985 307970
 15 56 1 53 1 35 1 4 76518 153036
 16 66 1 53 1 51 1 7 139704 279408
 17 116 0 36 1 20 1 8 74145 148290
 18 48 1 35 1 33 1 11 34394 68788
 19 63 1 62 1 41 1 9 106501 213002
 20 59 1 53 1 48 1 7 96994 193988
 13 2503705
 587 233 220 23735465 100741929
 20
 1 52 0 36 1 25 1 12 29427 58854
 2 63 0 37 1 21 1 11 39239 78478
 3 100 0 61 1 36 1 9 171689 343378
 4 79 0 52 1 36 1 8 118048 236096
 5 99 0 63 1 36 1 9 158577 317154
 6 97 0 49 1 30 1 9 99412 198824
 7 90 1 69 1 55 1 10 261045 522090
 8 91 0 33 1 28 1 8 55473 110946
 9 111 0 76 1 41 1 4 216898 433796
 10 95 0 44 1 35 1 5 105921 211842
 11 74 0 47 1 29 1 8 90543 181086
 12 100 0 48 0 20 1 6 72740 145480
 13 75 0 38 1 30 1 8 70916 141832
 14 86 1 68 1 44 1 8 205847 411694
 15 72 0 52 1 33 1 8 108285 216570
 16 112 0 52 0 25 1 5 88563 177126
 17 109 0 48 1 40 1 7 149125 298250
 18 83 1 74 1 42 1 16 198253 396506
 19 101 0 93 0 40 1 6 275207 550414
 20 76 0 66 0 31 1 15 110643 221286
 14 2503805
 587 233 220 26113871 66913799
 20
 1 68 0 48 1 31 1 4 84897 169794
 2 104 1 80 1 63 1 10 469945 939890
 3 82 0 46 0 21 1 6 51159 102318
 4 114 1 78 1 60 1 9 349835 699670
 5 90 1 74 1 66 1 4 363263 726526
 6 112 0 54 1 36 1 3 158146 316292
 7 71 1 64 1 54 1 4 178575 357150
 8 74 0 53 1 33 1 8 94603 189206
 9 75 1 62 1 57 1 4 194384 388768
 10 68 1 62 1 52 1 4 141236 282472
 11 64 1 49 1 47 1 7 118851 237702
 12 60 1 39 1 36 1 4 60895 121790
 13 55 1 45 1 35 1 7 59287 118574
 14 59 1 35 1 31 1 4 40225 80450
 15 104 0 47 1 34 1 3 115761 231522
 16 81 0 74 1 38 1 9 169202 338404
 17 101 0 77 1 45 1 8 237777 475554
 18 116 0 55 1 36 1 7 167902 335804
 19 77 1 71 1 47 1 6 225016 450032
 20 90 0 73 1 38 1 8 196482 392964
 15 2503905
 587 233 220 19207629 65817599
 20
 1 100 0 44 1 37 1 6 140689 281378
 2 90 1 78 1 55 1 5 241815 483630
 3 65 1 57 1 42 1 5 124551 249102
 4 85 0 58 1 41 1 7 180303 360606
 5 81 1 69 1 50 1 8 248094 496188
 6 84 1 78 1 51 1 4 250238 500476
 7 109 1 73 1 73 1 3 458568 917136
 8 73 1 58 1 52 1 5 155579 311158
 9 73 1 49 1 40 1 6 127887 255774
 10 120 0 60 1 39 1 7 176794 353588
 11 111 1 80 1 68 1 7 477957 955914
 12 71 1 70 1 53 1 6 161270 322540
 13 71 1 70 1 59 1 7 260613 521226
 14 93 0 78 0 33 1 7 146740 293480
 15 83 1 71 1 43 1 7 152431 304862
 16 49 0 48 0 23 1 4 34082 68164
 17 94 0 49 1 44 1 5 167016 334032
 18 66 0 30 1 27 1 8 42186 84372
 19 77 1 54 1 40 1 4 104021 208042
 20 79 1 73 1 61 1 6 292288 584576
 16 2504005
 587 233 220 18385122 55539580
 20
 1 43 1 40 1 39 1 7 47134 94268
 2 97 0 76 1 40 1 6 205068 410136
 3 67 1 63 1 47 1 7 171561 343122
 4 98 0 57 1 38 1 4 135618 271236
 5 73 0 71 0 27 1 5 115405 230810
 6 66 1 56 1 41 1 6 132081 264162
 7 82 1 75 1 72 1 4 325449 650898
 8 93 0 71 1 43 1 7 220844 441688
 9 95 0 35 1 28 1 5 78029 156058
 10 88 1 72 1 68 1 3 307970 615940
 11 88 0 85 0 35 1 11 170738 341476
 12 100 1 83 1 69 1 4 400655 801310
 13 74 0 30 1 27 1 4 41190 82380
 14 82 1 64 1 61 1 6 239815 479630
 15 63 1 38 1 32 1 7 57234 114468
 16 108 1 97 1 70 1 8 496954 993908
 17 87 1 72 1 53 1 6 217126 434252
 18 107 0 75 0 24 1 10 125746 251492
 19 101 0 31 1 30 1 6 57690 115380
 20 86 0 56 0 23 1 2 77227 154454
 17 2504105
 587 233 220 24714890 171920098
 20
 1 72 0 49 1 35 1 7 90789 181578
 2 75 1 66 1 47 1 7 192609 385218
 3 78 0 30 1 22 1 9 45441 90882
 4 119 1 79 1 79 1 6 658819 1317638
 5 76 1 65 1 62 1 7 254466 508932
 6 119 1 81 1 65 1 4 438859 877718
 7 91 0 77 0 36 1 7 212489 424978
 8 113 0 89 0 27 1 7 197072 394144
 9 98 0 59 1 44 1 5 158564 317128
 10 76 1 55 1 43 1 6 137528 275056
 11 58 1 51 1 31 1 5 59680 119360
 12 94 0 40 1 25 1 10 64078 128156
 13 89 0 66 1 43 1 5 152797 305594
 14 119 0 55 1 50 1 6 292520 585040
 15 70 0 43 1 34 1 6 79656 159312
 16 76 1 71 1 56 1 6 190812 381624
 17 80 0 58 1 40 1 7 166183 332366
 18 79 1 57 1 46 1 3 164518 329036
 19 70 1 68 1 61 1 5 227908 455816
 20 93 0 46 1 39 1 7 146388 292776
 18 2504205
 587 233 220 26123354 88494703
 20
 1 104 0 55 1 30 1 3 129410 258820
 2 92 1 89 1 73 1 4 455806 911612
 3 88 0 88 0 43 1 7 233498 466996
 4 90 1 60 1 60 1 4 210689 421378
 5 79 1 53 1 41 1 6 145921 291842
 6 96 0 91 0 28 1 7 217050 434100
 7 100 1 90 1 79 1 3 475897 951794
 8 73 0 42 1 32 1 3 82857 165714
 9 115 1 85 1 60 1 6 472043 944086
 10 113 1 83 1 76 1 3 489266 978532
 11 68 0 50 1 31 1 2 69246 138492
 12 70 0 41 1 30 1 10 62349 124698
 13 104 0 60 0 26 1 8 126796 253592
 14 86 0 36 1 29 1 6 75251 150502
 15 114 0 31 1 29 1 6 72457 144914
 16 44 1 44 1 42 1 6 56515 113030
 17 73 1 68 1 62 1 7 193501 387002
 18 98 1 94 1 74 1 3 420279 840558
 19 92 0 44 1 40 1 3 105032 210064
 20 99 1 98 1 68 1 6 503144 1006288
 19 2504305
 587 233 220 19248308 59758885
 20
 1 60 0 45 1 26 1 9 51802 103604
 2 71 1 43 1 39 1 6 90527 181054
 3 99 1 71 1 64 1 7 368218 736436
 4 61 1 41 1 40 1 3 85126 170252
 5 83 1 79 1 43 1 3 216452 432904
 6 63 1 52 1 35 1 4 102204 204408
 7 54 0 33 1 20 1 5 24321 48642
 8 62 1 57 1 51 1 9 157451 314902
 9 79 1 76 1 71 1 6 285605 571210
 10 91 1 81 1 48 1 5 222962 445924
 11 95 0 70 0 23 1 4 126372 252744
 12 101 0 57 1 42 1 11 176838 353676
 13 119 1 76 1 61 1 8 464068 928136
 14 78 0 54 0 22 1 7 81068 162136
 15 93 0 68 0 25 1 9 136972 273944
 16 104 0 94 0 27 1 2 235331 470662
 17 66 1 65 1 36 1 12 99999 199998
 18 68 1 66 1 48 1 11 192587 385174
 19 100 0 46 0 21 1 4 76918 153836
 20 106 0 81 0 30 1 10 200513 401026
 20 2504405
 587 233 220 22219106 90604133
 20
 1 97 1 77 1 66 1 6 304481 608962
 2 81 1 69 1 69 1 5 336811 673622
 3 109 0 53 0 24 1 12 112319 224638
 4 98 0 33 1 20 1 8 41014 82028
 5 86 0 56 1 34 1 8 145626 291252
 6 76 0 50 1 35 1 6 97383 194766
 7 109 0 42 1 22 1 3 85063 170126
 8 82 1 69 1 42 1 9 154902 309804
 9 58 1 43 1 31 1 6 54432 108864
 10 99 0 80 1 48 1 5 329660 659320
 11 89 0 68 1 39 1 4 211281 422562
 12 74 1 53 1 40 1 7 112188 224376
 13 97 0 43 1 32 1 7 86982 173964
 14 112 0 70 1 51 1 8 346332 692664
 15 73 0 29 1 20 1 3 28295 56590
 16 74 1 72 1 68 1 4 249772 499544
 17 70 1 64 1 58 1 6 180192 360384
 18 90 0 62 1 38 1 8 177422 354844
 19 76 1 69 1 58 1 10 235019 470038
 20 113 0 65 1 53 1 5 310252 620504
 21 2504505
 587 233 220 19712413 146675161
 20
 1 109 1 93 1 72 1 7 467271 934542
 2 95 0 67 0 32 1 4 163900 327800
 3 119 0 45 1 36 1 4 117360 234720
 4 95 1 78 1 62 1 4 356018 712036
 5 116 0 89 0 32 1 6 296772 593544
 6 98 0 65 1 38 1 8 157818 315636
 7 72 0 51 0 24 1 7 70940 141880
 8 102 0 88 0 26 1 9 157107 314214
 9 99 0 47 1 44 1 7 181577 363154
 10 106 0 52 1 31 1 8 109491 218982
 11 55 1 41 1 32 1 6 55951 111902
 12 71 0 65 0 29 1 9 91905 183810
 13 58 1 57 1 48 1 4 132692 265384
 14 79 0 56 0 25 1 3 78891 157782
 15 77 1 67 1 53 1 8 170077 340154
 16 60 1 41 1 40 1 10 78766 157532
 17 75 0 51 1 31 1 8 87829 175658
 18 86 0 56 1 40 1 4 169389 338778
 19 39 1 35 1 30 1 8 35138 70276
 20 119 0 76 1 48 1 9 298882 597764
 22 2504605
 587 233 220 26764473 141903085
 20
 1 89 1 78 1 50 1 3 252694 505388
 2 73 1 65 1 46 1 6 195323 390646
 3 94 0 66 1 39 1 7 150465 300930
 4 66 1 59 1 42 1 7 136470 272940
 5 106 1 93 1 70 1 5 440881 881762
 6 80 1 71 1 62 1 2 295526 591052
 7 60 0 36 1 26 1 10 44931 89862
 8 72 0 31 1 31 1 6 49918 99836
 9 63 0 63 0 31 1 6 74678 149356
 10 74 0 39 1 23 1 9 52497 104994
 11 105 0 72 1 52 1 10 258653 517306
 12 101 0 76 1 45 1 11 254572 509144
 13 93 1 73 1 65 1 5 313655 627310
 14 74 1 47 1 42 1 5 112923 225846
 15 72 0 33 1 28 1 8 40451 80902
 16 99 0 91 0 45 1 5 352681 705362
 17 79 1 60 1 44 1 7 136027 272054
 18 81 1 57 1 50 1 7 151398 302796
 19 99 1 72 1 61 1 4 272989 545978
 20 38 1 35 1 31 1 7 33001 66002
 23 2504705
 587 233 220 19948344 140745887
 20
 1 84 0 81 0 23 1 4 98822 197644
 2 115 1 72 1 64 1 4 338670 677340
 3 77 0 49 1 25 1 15 84771 169542
 4 40 1 37 1 22 1 10 21220 42440
 5 97 0 96 0 46 1 6 346682 693364
 6 95 0 43 1 25 1 12 64521 129042
 7 90 0 69 0 28 1 6 141270 282540
 8 56 1 51 1 49 1 3 87572 175144
 9 118 1 93 1 80 1 5 728641 1457282
 10 56 1 47 1 41 1 5 82199 164398
 11 78 0 71 0 27 1 7 105508 211016
 12 88 0 62 1 41 1 10 167728 335456
 13 87 0 53 0 21 1 8 63083 126166
 14 105 0 47 1 28 1 8 84399 168798
 15 103 1 68 1 65 1 3 306483 612966
 16 67 0 64 0 31 1 10 108267 216534
 17 83 0 37 1 27 1 8 57562 115124
 18 44 1 31 1 29 1 10 24068 48136
 19 91 1 69 1 49 1 13 241093 482186
 20 90 0 61 1 42 1 10 165035 330070
 24 2504805
 587 233 220 23485824 81059205
 20
 1 113 0 80 0 29 1 4 230915 461830
 2 98 1 65 1 62 1 5 311724 623448
 3 60 1 59 1 46 1 5 119010 238020
 4 100 1 97 1 64 1 5 380763 761526
 5 99 0 88 0 23 1 3 172991 345982
 6 106 0 49 1 33 1 5 140650 281300
 7 78 0 54 1 30 1 1 111355 222710
 8 71 1 68 1 41 1 3 163184 326368
 9 83 0 80 0 35 1 5 185349 370698
 10 99 0 55 0 27 1 7 97274 194548
 11 91 0 51 1 43 1 5 146858 293716
 12 99 1 78 1 72 1 4 349849 699698
 13 102 0 88 0 37 1 9 265433 530866
 14 97 1 75 1 72 1 6 469076 938152
 15 83 0 63 0 27 1 3 113465 226930
 16 78 0 38 1 36 1 6 88635 177270
 17 120 0 88 1 55 1 10 518401 1036802
 18 77 0 72 1 38 1 8 134970 269940
 19 45 1 38 1 25 1 4 37230 74460
 20 73 0 48 0 23 1 7 63381 126762
 25 2504905
 587 233 220 19292050 151210957
 20
 1 75 0 54 1 35 1 10 108520 217040
 2 107 0 60 1 49 1 8 277527 555054
 3 70 1 67 1 42 1 10 119544 239088
 4 78 1 71 1 44 1 10 161031 322062
 5 78 0 61 0 27 1 6 101045 202090
 6 78 1 73 1 48 1 3 192067 384134
 7 109 0 87 0 32 1 5 189831 379662
 8 91 0 87 0 25 1 7 142289 284578
 9 67 1 51 1 47 1 4 142192 284384
 10 67 1 63 1 60 1 8 219146 438292
 11 115 0 59 1 34 1 6 192261 384522
 12 102 0 35 1 34 1 10 75316 150632
 13 117 0 54 1 48 1 4 229747 459494
 14 70 1 61 1 40 1 6 139140 278280
 15 64 1 63 1 59 1 6 210486 420972
 16 95 1 87 1 63 1 5 389717 779434
 17 113 0 92 0 23 1 5 152957 305914
 18 113 0 49 1 32 1 7 108559 217118
 19 99 1 75 1 63 1 5 416308 832616
 20 56 1 55 1 46 1 5 118443 236886
 26 2505005
 587 233 220 25979228 155877630
 20
 1 86 0 71 1 41 1 13 170966 341932
 2 75 1 58 1 58 1 5 178212 356424
 3 100 0 81 0 27 1 8 190933 381866
 4 59 0 42 1 24 1 10 42127 84254
 5 69 0 37 1 30 1 8 57212 114424
 6 63 1 50 1 36 1 7 78801 157602
 7 96 0 72 0 34 1 7 161117 322234
 8 111 0 71 0 29 1 7 184396 368792
 9 102 1 67 1 53 1 10 322198 644396
 10 71 0 34 1 32 1 6 69188 138376
 11 88 1 75 1 53 1 2 305899 611798
 12 50 1 46 1 42 1 6 58949 117898
 13 84 0 70 1 41 1 13 164478 328956
 14 98 0 48 1 44 1 6 171300 342600
 15 54 0 43 1 25 1 3 47300 94600
 16 63 1 61 1 49 1 9 156331 312662
 17 106 0 96 1 51 1 7 397194 794388
 18 97 0 64 0 26 1 9 98638 197276
 19 68 0 39 1 29 1 7 60655 121310
 20 68 1 62 1 39 1 8 131543 263086
 27 2505105
 587 233 220 26520429 102840593
 20
 1 118 0 66 1 47 1 8 279970 559940
 2 99 0 56 0 25 1 3 101854 203708
 3 91 1 83 1 48 1 10 237582 475164
 4 104 0 66 1 40 1 4 215070 430140
 5 75 0 60 1 33 1 9 97135 194270
 6 113 1 78 1 60 1 5 331744 663488
 7 36 1 36 1 29 1 6 32123 64246
 8 56 1 48 1 40 1 3 91530 183060
 9 67 0 40 1 22 1 8 52405 104810
 10 92 1 78 1 64 1 4 314376 628752
 11 73 0 61 1 31 1 7 94703 189406
 12 72 1 66 1 58 1 7 246960 493920
 13 56 0 44 1 26 1 8 55876 111752
 14 93 0 65 1 34 1 8 144268 288536
 15 113 0 63 1 50 1 3 221976 443952
 16 35 1 34 1 31 1 6 27332 54664
 17 100 1 99 1 80 1 8 611609 1223218
 18 105 0 69 0 20 1 6 97732 195464
 19 77 0 60 1 38 1 4 148101 296202
 20 98 0 69 0 30 1 4 162132 324264
 28 2505205
 587 233 220 26893029 171118092
 20
 1 62 1 59 1 52 1 10 148555 297110
 2 54 1 52 1 50 1 6 101828 203656
 3 102 1 69 1 65 1 4 406289 812578
 4 97 0 76 1 46 1 7 251385 502770
 5 52 1 50 1 37 1 5 65074 130148
 6 93 0 85 0 23 1 3 115650 231300
 7 90 0 38 1 38 1 8 84894 169788
 8 66 1 60 1 40 1 8 101258 202516
 9 38 1 31 1 26 1 7 20796 41592
 10 86 0 60 1 36 1 7 136224 272448
 11 92 0 47 1 34 1 1 124573 249146
 12 103 0 69 0 22 1 7 95456 190912
 13 79 1 71 1 42 1 14 203245 406490
 14 66 0 33 1 20 1 9 30364 60728
 15 100 0 93 0 45 1 8 328370 656740
 16 91 0 84 0 21 1 5 98386 196772
 17 92 0 47 1 29 1 11 90403 180806
 18 76 1 55 1 40 1 7 116605 233210
 19 98 1 90 1 53 1 6 383518 767036
 20 81 1 75 1 53 1 11 200646 401292
 29 2505305
 587 233 220 23513646 127859742
 20
 1 91 1 58 1 57 1 3 239140 478280
 2 92 1 78 1 53 1 11 320451 640902
 3 112 0 48 1 28 1 4 133957 267914
 4 78 0 47 1 26 1 7 60564 121128
 5 41 1 40 1 28 1 5 29751 59502
 6 57 1 47 1 32 1 6 72934 145868
 7 54 1 47 1 40 1 6 62100 124200
 8 85 0 80 0 25 1 3 146959 293918
 9 89 1 86 1 54 1 9 339644 679288
 10 118 1 94 1 68 1 6 566780 1133560
 11 98 0 63 1 36 1 7 149124 298248
 12 81 0 42 1 38 1 4 83174 166348
 13 86 0 59 1 39 1 4 161467 322934
 14 91 0 67 1 40 1 4 199369 398738
 15 73 1 61 1 41 1 9 154727 309454
 16 67 1 59 1 57 1 6 153652 307304
 17 84 0 75 0 33 1 9 169708 339416
 18 96 1 88 1 70 1 4 436550 873100
 19 67 0 44 1 30 1 5 76700 153400
 20 82 1 76 1 64 1 5 300546 601092
 30 2505405
 587 233 220 19113323 56042407
 20
 1 64 0 53 1 32 1 5 77762 155524
 2 51 1 42 1 28 1 10 46457 92914
 3 49 1 32 1 30 1 13 29844 59688
 4 109 1 68 1 59 1 2 323885 647770
 5 66 0 43 1 32 1 10 57948 115896
 6 120 0 71 1 47 1 7 307720 615440
 7 109 0 57 1 41 1 10 159435 318870
 8 100 0 70 0 28 1 6 156988 313976
 9 76 1 70 1 51 1 7 178506 357012
 10 85 0 40 1 26 1 4 59090 118180
 11 79 1 71 1 55 1 8 232946 465892
 12 93 1 73 1 55 1 6 304886 609772
 13 101 1 75 1 75 1 7 505385 1010770
 14 89 1 58 1 53 1 8 236158 472316
 15 98 0 53 1 36 1 7 124316 248632
 16 118 0 53 1 31 1 8 147055 294110
 17 77 0 43 1 37 1 6 75378 150756
 18 64 1 60 1 46 1 5 118893 237786
 19 74 0 67 1 37 1 5 146826 293652
 20 89 0 47 1 38 1 9 140718 281436
 31 2505505
 587 233 220 24478438 154370593
 20
 1 70 1 63 1 49 1 8 134966 269932
 2 84 1 54 1 49 1 4 186908 373816
 3 89 0 70 1 42 1 9 163308 326616
 4 80 0 48 1 39 1 12 134699 269398
 5 114 0 47 1 42 1 5 165119 330238
 6 92 0 62 1 34 1 6 171955 343910
 7 72 1 66 1 43 1 11 138450 276900
 8 120 0 55 1 46 1 7 222835 445670
 9 106 0 62 0 25 1 12 112706 225412
 10 72 0 53 1 34 1 9 99704 199408
 11 74 0 44 1 35 1 8 97961 195922
 12 103 0 71 0 28 1 5 171192 342384
 13 115 0 35 1 31 1 7 88917 177834
 14 117 0 62 1 39 1 10 218523 437046
 15 60 1 32 1 32 1 9 49438 98876
 16 86 0 80 0 39 1 7 188318 376636
 17 71 1 70 1 42 1 7 125665 251330
 18 87 0 58 1 32 1 6 145160 290320
 19 97 0 44 1 29 1 7 97948 195896
 20 95 0 61 0 30 1 12 115938 231876
 32 2505605
 587 233 220 19565125 103512535
 20
 1 95 0 76 1 44 1 5 247722 495444
 2 81 0 47 1 34 1 7 113059 226118
 3 71 0 52 1 30 1 6 97145 194290
 4 96 0 52 1 28 1 10 105575 211150
 5 104 0 80 1 50 1 9 321508 643016
 6 77 1 64 1 57 1 12 229717 459434
 7 75 0 45 1 36 1 6 82869 165738
 8 65 1 49 1 39 1 5 77911 155822
 9 70 1 49 1 41 1 6 109561 219122
 10 111 0 44 1 42 1 5 169743 339486
 11 108 0 94 1 51 1 13 329146 658292
 12 43 1 40 1 26 1 7 34313 68626
 13 70 1 47 1 39 1 14 98071 196142
 14 84 0 36 1 26 1 8 60354 120708
 15 103 0 97 0 27 1 9 225185 450370
 16 54 0 54 0 24 1 6 53226 106452
 17 63 1 46 1 38 1 7 92860 185720
 18 80 0 52 1 37 1 3 109690 219380
 19 67 0 59 0 20 1 6 61777 123554
 20 102 0 89 0 23 1 5 153284 306568
 33 2505705
 587 233 220 26568591 176700503
 20
 1 40 1 36 1 21 1 4 24754 49508
 2 76 0 45 1 31 1 5 92730 185460
 3 63 1 54 1 51 1 7 149239 298478
 4 114 1 77 1 69 1 7 379060 758120
 5 95 1 57 1 53 1 7 226184 452368
 6 92 0 36 1 20 1 7 55149 110298
 7 90 1 84 1 47 1 8 231184 462368
 8 84 0 69 0 24 1 9 99550 199100
 9 57 1 35 1 35 1 6 59329 118658
 10 78 1 76 1 50 1 9 239676 479352
 11 81 0 67 1 37 1 6 155256 310512
 12 73 1 51 1 43 1 4 107538 215076
 13 64 0 54 1 30 1 11 73618 147236
 14 85 1 73 1 51 1 5 251144 502288
 15 83 0 58 0 23 1 8 74441 148882
 16 114 0 71 0 27 1 9 168169 336338
 17 67 1 56 1 50 1 8 131770 263540
 18 79 1 51 1 46 1 7 158225 316450
 19 89 0 57 1 36 1 8 130926 261852
 20 109 0 72 1 46 1 7 254876 509752
 34 2505805
 587 233 220 21866838 77343181
 20
 1 68 0 35 1 27 1 7 57809 115618
 2 118 0 57 1 43 1 6 250200 500400
 3 73 0 72 0 36 1 3 167546 335092
 4 85 1 58 1 50 1 5 169543 339086
 5 86 0 56 1 33 1 4 138411 276822
 6 99 0 44 1 31 1 7 97097 194194
 7 93 1 54 1 49 1 5 196373 392746
 8 89 0 69 0 26 1 4 111511 223022
 9 98 1 90 1 74 1 6 551251 1102502
 10 58 1 48 1 46 1 6 104916 209832
 11 56 0 55 0 22 1 1 48005 96010
 12 104 1 63 1 59 1 6 257574 515148
 13 80 1 69 1 66 1 5 261344 522688
 14 110 1 59 1 58 1 8 305014 610028
 15 96 1 79 1 63 1 7 426253 852506
 16 82 1 77 1 57 1 6 244620 489240
 17 55 1 48 1 34 1 6 53942 107884
 18 120 0 99 0 40 1 3 311719 623438
 19 97 0 43 1 34 1 6 119081 238162
 20 115 0 68 1 55 1 5 362921 725842
 35 2505905
 587 233 220 22209288 176512073
 20
 1 100 0 33 1 31 1 7 80490 160980
 2 84 0 68 1 42 1 6 198856 397712
 3 95 0 84 0 31 1 10 161048 322096
 4 57 1 39 1 30 1 4 56421 112842
 5 76 1 71 1 60 1 6 266583 533166
 6 71 1 68 1 46 1 9 153624 307248
 7 109 0 51 1 26 1 7 117399 234798
 8 109 0 54 1 45 1 8 212203 424406
 9 84 0 55 1 29 1 14 91337 182674
 10 104 0 66 0 20 1 8 97626 195252
 11 119 0 76 1 39 1 10 264262 528524
 12 75 1 74 1 43 1 9 149516 299032
 13 84 0 36 1 26 1 6 68228 136456
 14 77 0 45 1 32 1 9 94614 189228
 15 75 1 57 1 42 1 11 149608 299216
 16 51 1 50 1 42 1 3 89532 179064
 17 63 1 59 1 41 1 8 95396 190792
 18 71 0 70 0 34 1 10 109773 219546
 19 74 1 71 1 66 1 7 215356 430712
 20 38 1 31 1 30 1 10 27427 54854
 36 2506005
 587 233 220 20450135 82200644
 20
 1 41 1 39 1 26 1 10 35378 70756
 2 110 0 40 1 34 1 5 105601 211202
 3 94 1 77 1 52 1 8 304909 609818
 4 119 1 96 1 71 1 2 520513 1041026
 5 67 1 63 1 47 1 5 150428 300856
 6 61 1 43 1 31 1 10 69280 138560
 7 72 0 53 1 35 1 7 83450 166900
 8 64 1 38 1 38 1 7 81026 162052
 9 110 0 71 1 45 1 13 257951 515902
 10 73 1 71 1 52 1 9 212450 424900
 11 95 1 92 1 55 1 7 302890 605780
 12 86 0 74 0 31 1 7 150610 301220
 13 99 1 62 1 52 1 8 228795 457590
 14 81 0 44 1 31 1 7 92784 185568
 15 113 1 94 1 70 1 2 456849 913698
 16 109 0 100 0 28 1 5 194606 389212
 17 63 0 34 1 30 1 6 45834 91668
 18 111 0 43 1 28 1 4 102756 205512
 19 48 1 35 1 28 1 4 35946 71892
 20 97 0 53 1 38 1 7 158999 317998
 37 2506105
 587 233 220 26791502 186902899
 20
 1 98 0 73 1 44 1 4 274798 549596
 2 60 1 60 1 38 1 5 98472 196944
 3 105 1 73 1 60 1 5 313985 627970
 4 90 1 77 1 52 1 7 229523 459046
 5 66 0 58 0 24 1 4 61509 123018
 6 106 1 76 1 55 1 4 385101 770202
 7 55 1 44 1 36 1 4 58446 116892
 8 82 0 58 0 23 1 8 91490 182980
 9 74 1 61 1 58 1 10 212888 425776
 10 81 0 39 1 24 1 4 56659 113318
 11 71 1 65 1 39 1 5 159096 318192
 12 105 0 97 0 47 1 5 384232 768464
 13 114 1 97 1 69 1 5 469561 939122
 14 103 1 78 1 55 1 6 352460 704920
 15 93 1 66 1 55 1 6 283262 566524
 16 78 1 75 1 74 1 3 369131 738262
 17 118 0 67 1 58 1 4 399372 798744
 18 91 0 61 0 22 1 2 103833 207666
 19 96 0 58 0 24 1 4 101600 203200
 20 80 1 76 1 44 1 4 237036 474072
 38 2506205
 587 233 220 25457909 126759113
 20
 1 104 0 94 1 50 1 4 358045 716090
 2 102 0 87 0 36 1 4 228278 456556
 3 115 0 42 1 33 1 10 103266 206532
 4 61 1 58 1 32 1 11 90087 180174
 5 70 1 62 1 48 1 5 133386 266772
 6 91 1 79 1 78 1 4 458353 916706
 7 90 1 57 1 53 1 6 199787 399574
 8 78 0 68 0 25 1 4 85728 171456
 9 77 1 44 1 39 1 8 93332 186664
 10 97 1 89 1 56 1 9 290789 581578
 11 58 0 38 1 26 1 2 42234 84468
 12 64 1 44 1 33 1 5 57750 115500
 13 57 0 38 1 25 1 7 34558 69116
 14 70 0 65 0 28 1 4 77337 154674
 15 93 1 73 1 61 1 6 267481 534962
 16 61 1 47 1 46 1 6 87051 174102
 17 111 0 72 0 26 1 7 127973 255946
 18 102 1 78 1 63 1 8 373699 747398
 19 88 1 65 1 62 1 7 224935 449870
 20 63 1 51 1 38 1 3 82930 165860
 39 2506305
 587 233 220 24685088 188881172
 20
 1 89 1 56 1 45 1 12 193814 387628
 2 53 1 37 1 34 1 7 43462 86924
 3 54 0 35 1 25 1 8 29134 58268
 4 73 0 39 1 33 1 10 75169 150338
 5 73 1 39 1 38 1 6 86520 173040
 6 50 1 42 1 29 1 8 53391 106782
 7 62 1 59 1 54 1 10 130541 261082
 8 98 0 53 1 44 1 5 172768 345536
 9 94 0 32 1 31 1 10 83216 166432
 10 97 0 64 0 28 1 10 156322 312644
 11 102 0 77 1 42 1 8 206873 413746
 12 80 1 75 1 44 1 3 159415 318830
 13 93 0 52 1 41 1 13 175844 351688
 14 77 0 51 1 38 1 5 127705 255410
 15 57 1 54 1 52 1 8 105110 210220
 16 105 0 97 0 46 1 8 408730 817460
 17 103 1 76 1 54 1 9 297229 594458
 18 72 0 53 1 34 1 7 88232 176464
 19 42 1 38 1 35 1 12 33925 67850
 20 61 1 58 1 46 1 8 141004 282008
 40 2506405
 587 233 220 24859007 173869275
 20
 1 85 1 77 1 62 1 2 304260 608520
 2 94 0 63 1 32 1 5 154757 309514
 3 83 1 75 1 45 1 4 172696 345392
 4 95 1 95 1 54 1 6 303137 606274
 5 76 0 76 0 30 1 7 132288 264576
 6 113 0 66 1 44 1 3 262516 525032
 7 108 1 71 1 61 1 4 402549 805098
 8 118 0 62 1 37 1 6 176090 352180
 9 93 1 58 1 48 1 11 184060 368120
 10 60 0 32 1 29 1 9 38756 77512
 11 97 1 75 1 59 1 7 324145 648290
 12 105 0 56 1 35 1 3 140078 280156
 13 67 1 58 1 53 1 8 179931 359862
 14 96 0 51 1 37 1 5 142600 285200
 15 91 0 52 1 32 1 6 100073 200146
 16 73 0 70 0 32 1 6 109314 218628
 17 96 0 80 0 22 1 10 141208 282416
 18 94 1 82 1 66 1 8 420422 840844
 19 95 1 76 1 73 1 2 393804 787608
 20 64 0 29 1 23 1 7 27210 54420
 41 2506505
 587 233 220 21861477 84179430
 20
 1 109 1 80 1 68 1 3 364527 729054
 2 90 0 45 1 31 1 6 109528 219056
 3 66 1 56 1 34 1 9 87390 174780
 4 76 0 66 1 34 1 8 138919 277838
 5 111 0 80 1 53 1 8 329305 658610
 6 86 0 59 0 29 1 5 98847 197694
 7 80 1 72 1 63 1 2 245020 490040
 8 81 0 47 0 22 1 6 56749 113498
 9 114 1 80 1 64 1 6 382211 764422
 10 90 0 37 1 32 1 10 78372 156744
 11 75 1 48 1 40 1 8 109642 219284
 12 67 1 52 1 45 1 5 124022 248044
 13 88 1 82 1 74 1 7 402484 804968
 14 100 0 63 0 23 1 9 113609 227218
 15 103 0 53 1 48 1 5 158836 317672
 16 79 1 44 1 41 1 8 95460 190920
 17 89 1 85 1 50 1 5 230810 461620
 18 60 1 54 1 44 1 4 87289 174578
 19 65 0 52 1 27 1 6 61613 123226
 20 88 1 71 1 45 1 7 212177 424354
 42 2506605
 587 233 220 26211173 134710707
 20
 1 76 1 74 1 50 1 8 233475 466950
 2 86 0 40 1 29 1 7 87033 174066
 3 66 1 55 1 48 1 5 155343 310686
 4 75 0 57 1 37 1 4 125295 250590
 5 102 0 83 0 29 1 8 168878 337756
 6 74 1 58 1 52 1 4 147181 294362
 7 89 0 65 1 36 1 5 184934 369868
 8 99 1 68 1 67 1 5 309243 618486
 9 80 1 78 1 66 1 5 292363 584726
 10 65 1 57 1 45 1 5 125816 251632
 11 112 0 59 1 30 1 3 138708 277416
 12 79 1 75 1 68 1 8 329912 659824
 13 97 0 48 1 30 1 11 109348 218696
 14 73 0 70 0 31 1 3 140479 280958
 15 90 0 83 1 44 1 4 216616 433232
 16 101 1 93 1 64 1 4 447616 895232
 17 89 1 82 1 78 1 8 439325 878650
 18 85 0 54 0 26 1 4 105477 210954
 19 57 1 34 1 29 1 3 42474 84948
 20 78 1 71 1 68 1 4 259975 519950
 43 2506705
 587 233 220 25189920 154561188
 20
 1 82 1 80 1 71 1 7 329303 658606
 2 66 0 37 1 27 1 5 46249 92498
 3 77 0 76 0 31 1 3 129266 258532
 4 100 0 56 1 38 1 2 151907 303814
 5 93 1 86 1 67 1 3 478597 957194
 6 89 0 76 0 30 1 3 149727 299454
 7 98 1 90 1 67 1 6 489354 978708
 8 87 0 52 1 42 1 2 148142 296284
 9 53 1 42 1 35 1 5 55345 110690
 10 116 0 53 1 36 1 3 168556 337112
 11 85 1 79 1 46 1 2 202232 404464
 12 106 0 91 0 24 1 4 190151 380302
 13 112 0 84 1 46 1 10 383183 766366
 14 89 1 56 1 47 1 7 156245 312490
 15 62 1 51 1 39 1 3 100783 201566
 16 69 1 67 1 50 1 8 203848 407696
 17 93 0 74 1 46 1 5 225567 451134
 18 74 0 48 1 35 1 2 80423 160846
 19 95 1 87 1 66 1 10 393655 787310
 20 84 0 54 1 30 1 6 107601 215202
 44 2506805
 587 233 220 22445236 87276894
 20
 1 114 0 67 0 25 1 13 135592 271184
 2 92 0 79 0 25 1 12 151550 303100
 3 89 0 87 0 36 1 12 243317 486634
 4 95 0 71 1 36 1 3 165119 330238
 5 90 0 83 1 43 1 5 234645 469290
 6 93 0 39 1 28 1 11 83823 167646
 7 69 0 54 1 31 1 11 75660 151320
 8 107 0 61 1 37 1 3 159437 318874
 9 98 0 52 1 40 1 8 126921 253842
 10 83 1 69 1 60 1 6 289718 579436
 11 98 1 63 1 58 1 9 279686 559372
 12 45 1 40 1 26 1 9 32291 64582
 13 63 1 44 1 36 1 9 77553 155106
 14 96 0 56 1 43 1 8 171997 343994
 15 88 0 42 1 35 1 9 108928 217856
 16 40 1 37 1 36 1 11 38442 76884
 17 97 1 74 1 67 1 6 316068 632136
 18 76 1 45 1 42 1 3 110573 221146
 19 64 1 43 1 42 1 4 72813 145626
 20 91 0 53 1 37 1 4 160343 320686
 45 2506905
 587 233 220 25635531 182091654
 20
 1 63 0 55 1 31 1 5 78229 156458
 2 120 0 43 1 23 1 4 102356 204712
 3 97 1 72 1 57 1 7 263521 527042
 4 77 1 76 1 42 1 4 189339 378678
 5 93 0 74 0 20 1 11 109777 219554
 6 65 1 63 1 43 1 9 148538 297076
 7 108 0 71 1 40 1 13 234965 469930
 8 79 0 36 1 21 1 7 44424 88848
 9 68 0 62 0 26 1 7 70711 141422
 10 68 1 50 1 40 1 5 118650 237300
 11 79 0 42 1 31 1 6 89517 179034
 12 76 0 56 1 38 1 9 105522 211044
 13 80 1 79 1 51 1 7 251959 503918
 14 115 0 69 0 29 1 3 180704 361408
 15 113 0 50 1 30 1 6 136498 272996
 16 96 0 90 0 22 1 6 114128 228256
 17 60 0 41 1 26 1 13 54186 108372
 18 118 0 93 0 36 1 7 299224 598448
 19 80 0 72 0 33 1 5 126184 252368
 20 98 1 96 1 76 1 6 556568 1113136
 46 2507005
 587 233 220 19902053 140046793
 20
 1 86 0 58 1 36 1 7 132151 264302
 2 71 0 69 0 22 1 2 81225 162450
 3 108 0 78 1 54 1 4 375237 750474
 4 104 1 58 1 57 1 7 227485 454970
 5 96 1 65 1 58 1 6 266439 532878
 6 58 0 37 1 26 1 7 42719 85438
 7 73 1 72 1 49 1 3 179503 359006
 8 98 1 67 1 56 1 10 328173 656346
 9 117 0 89 0 23 1 8 181104 362208
 10 109 1 76 1 73 1 6 412020 824040
 11 95 0 61 1 34 1 6 133693 267386
 12 106 0 73 1 49 1 4 241034 482068
 13 66 1 39 1 35 1 5 70444 140888
 14 82 1 76 1 43 1 1 175826 351652
 15 93 0 87 0 26 1 9 137411 274822
 16 68 1 64 1 63 1 6 211348 422696
 17 70 0 53 1 30 1 3 79601 159202
 18 68 0 65 0 30 1 9 86585 173170
 19 94 0 57 0 26 1 6 102500 205000
 20 104 0 79 0 38 1 7 198766 397532
 47 2507105
 587 233 220 26712926 146208089
 20
 1 118 0 54 1 42 1 8 199938 399876
 2 112 0 95 0 20 1 7 148815 297630
 3 118 0 38 1 37 1 8 137820 275640
 4 76 0 38 1 38 1 5 90334 180668
 5 100 0 56 1 34 1 9 151090 302180
 6 100 0 73 1 50 1 8 243505 487010
 7 75 0 58 1 36 1 10 136140 272280
 8 76 1 51 1 41 1 7 126027 252054
 9 82 0 75 1 39 1 6 189800 379600
 10 84 1 76 1 44 1 8 226605 453210
 11 80 1 68 1 50 1 9 186012 372024
 12 61 0 46 1 28 1 7 64170 128340
 13 80 1 75 1 51 1 4 264185 528370
 14 92 1 62 1 49 1 6 225045 450090
 15 72 0 48 0 21 1 10 61216 122432
 16 54 1 37 1 33 1 7 39979 79958
 17 46 1 37 1 34 1 10 34987 69974
 18 109 0 37 1 24 1 4 65752 131504
 19 63 1 56 1 33 1 6 95545 191090
 20 111 1 62 1 61 1 11 340349 680698
 48 2507205
 587 233 220 19843896 108537251
 20
 1 59 1 49 1 48 1 1 92778 185556
 2 79 1 63 1 46 1 4 202065 404130
 3 95 0 58 1 38 1 6 177876 355752
 4 95 0 79 1 47 1 4 212276 424552
 5 72 0 46 1 27 1 7 64429 128858
 6 88 1 74 1 72 1 5 360442 720884
 7 90 1 77 1 67 1 5 337690 675380
 8 96 0 59 1 36 1 9 137529 275058
 9 62 1 55 1 46 1 6 104848 209696
 10 92 0 77 1 43 1 6 267469 534938
 11 100 0 66 1 41 1 5 181052 362104
 12 76 1 72 1 44 1 7 166519 333038
 13 95 0 68 1 35 1 8 195520 391040
 14 108 0 66 1 48 1 10 284985 569970
 15 86 1 78 1 52 1 2 242014 484028
 16 92 0 86 0 40 1 10 193794 387588
 17 66 1 39 1 38 1 5 72384 144768
 18 85 1 80 1 59 1 5 242291 484582
 19 86 0 71 0 33 1 6 160870 321740
 20 118 0 45 1 23 1 2 83636 167272
 49 2507305
 587 233 220 23560176 170263035
 20
 1 91 0 54 1 45 1 8 134697 269394
 2 105 1 77 1 72 1 5 371664 743328
 3 79 1 78 1 48 1 6 252087 504174
 4 109 1 76 1 59 1 5 365416 730832
 5 48 1 37 1 30 1 10 37143 74286
 6 44 1 37 1 27 1 6 37555 75110
 7 79 1 76 1 54 1 5 230327 460654
 8 116 0 78 0 20 1 6 137123 274246
 9 101 0 71 1 49 1 6 232467 464934
 10 102 0 100 0 49 1 4 335249 670498
 11 105 0 43 1 22 1 6 72040 144080
 12 107 1 84 1 61 1 9 427519 855038
 13 110 0 71 0 23 1 2 138065 276130
 14 75 0 39 1 34 1 7 60797 121594
 15 73 0 47 1 32 1 6 97643 195286
 16 60 0 60 0 25 1 9 79281 158562
 17 43 1 33 1 31 1 7 38006 76012
 18 100 1 74 1 57 1 7 304308 608616
 19 93 0 47 1 41 1 10 147633 295266
 20 45 1 33 1 28 1 7 31277 62554
 50 2507405
 587 233 220 20309541 124711179
 20
 1 60 1 40 1 32 1 7 60328 120656
 2 98 1 75 1 55 1 3 291705 583410
 3 60 1 59 1 39 1 6 101412 202824
 4 81 0 56 1 40 1 9 146008 292016
 5 119 0 34 1 25 1 13 68892 137784
 6 107 0 61 1 42 1 13 232198 464396
 7 108 0 85 0 20 1 9 159009 318018
 8 97 0 66 1 45 1 6 229433 458866
 9 66 0 35 1 26 1 4 38453 76906
 10 69 0 32 1 20 1 6 27916 55832
 11 78 0 63 1 38 1 5 144046 288092
 12 95 0 77 1 47 1 4 271900 543800
 13 40 1 34 1 30 1 9 31756 63512
 14 88 0 42 0 20 1 9 58842 117684
 15 103 1 84 1 69 1 10 455818 911636
 16 119 0 72 0 34 1 10 223066 446132
 17 115 0 61 1 47 1 5 213509 427018
 18 68 0 50 1 28 1 8 74273 148546
 19 71 0 63 0 24 1 6 91895 183790
 20 87 0 68 1 40 1 7 193383 386766
 51 2507505
 587 233 220 22215379 84919235
 20
 1 66 1 64 1 36 1 6 124857 249714
 2 97 1 73 1 49 1 4 208340 416680
 3 69 1 60 1 43 1 8 109963 219926
 4 52 0 37 1 20 1 10 23807 47614
 5 109 0 63 1 37 1 11 156718 313436
 6 79 0 57 0 24 1 11 66461 132922
 7 95 0 72 0 22 1 6 117505 235010
 8 65 1 50 1 39 1 10 83279 166558
 9 98 0 42 1 30 1 14 77377 154754
 10 53 1 40 1 36 1 9 61443 122886
 11 82 1 54 1 51 1 10 160897 321794
 12 77 0 33 1 31 1 7 58530 117060
 13 66 1 56 1 49 1 8 115371 230742
 14 101 1 68 1 62 1 6 268352 536704
 15 82 1 64 1 46 1 8 160427 320854
 16 88 1 83 1 58 1 5 287488 574976
 17 108 0 51 1 29 1 10 117941 235882
 18 91 1 76 1 62 1 9 340753 681506
 19 61 0 32 1 25 1 7 35438 70876
 20 70 0 47 1 30 1 7 86848 173696
 52 2507605
 587 233 220 22799132 78938107
 20
 1 96 0 72 0 31 1 6 171827 343654
 2 75 1 72 1 47 1 6 206039 412078
 3 80 0 25 1 20 1 7 35758 71516
 4 114 1 94 1 61 1 9 392475 784950
 5 100 0 40 1 39 1 9 117919 235838
 6 72 1 51 1 48 1 6 158022 316044
 7 36 1 28 1 24 1 3 19934 39868
 8 85 0 58 1 35 1 5 136789 273578
 9 85 1 84 1 58 1 5 350480 700960
 10 95 0 48 0 24 1 8 73485 146970
 11 115 0 70 0 25 1 3 166354 332708
 12 108 0 49 1 42 1 8 168123 336246
 13 73 0 64 0 26 1 7 85361 170722
 14 68 1 54 1 35 1 3 105734 211468
 15 83 1 62 1 60 1 6 248163 496326
 16 57 1 56 1 43 1 11 84162 168324
 17 101 1 57 1 56 1 12 259105 518210
 18 56 1 48 1 42 1 4 100521 201042
 19 93 0 55 1 38 1 9 127705 255410
 20 53 1 53 1 53 1 11 128525 257050
 53 2507705
 587 233 220 21101324 65640218
 20
 1 78 0 37 1 27 1 6 68625 137250
 2 89 0 70 0 25 1 10 136359 272718
 3 90 0 84 0 41 1 11 211637 423274
 4 85 0 75 1 42 1 7 167503 335006
 5 91 0 77 1 44 1 3 211843 423686
 6 114 1 87 1 71 1 8 427985 855970
 7 90 0 37 1 25 1 5 61567 123134
 8 105 1 80 1 77 1 4 544566 1089132
 9 74 1 71 1 50 1 6 201316 402632
 10 62 1 57 1 55 1 6 167148 334296
 11 89 0 45 1 26 1 5 89359 178718
 12 65 1 54 1 47 1 5 105106 210212
 13 79 0 62 0 28 1 2 83435 166870
 14 84 0 40 1 35 1 9 89436 178872
 15 55 1 44 1 42 1 4 61025 122050
 16 115 0 30 1 29 1 6 79607 159214
 17 93 0 60 0 25 1 8 123419 246838
 18 96 1 83 1 50 1 7 286399 572798
 19 86 1 75 1 62 1 5 337203 674406
 20 76 0 60 1 36 1 5 105192 210384
 54 2507805
 587 233 220 18738434 73786676
 20
 1 99 0 68 0 23 1 10 129198 258396
 2 68 1 52 1 40 1 10 126994 253988
 3 101 1 66 1 61 1 10 343850 687700
 4 57 0 56 0 22 1 6 56445 112890
 5 81 1 54 1 47 1 11 151023 302046
 6 86 0 34 1 25 1 5 47317 94634
 7 54 0 46 1 27 1 8 59027 118054
 8 95 0 65 1 34 1 7 160870 321740
 9 105 0 57 1 29 1 9 106001 212002
 10 120 0 63 0 28 1 7 158782 317564
 11 64 1 62 1 42 1 9 119306 238612
 12 78 0 65 0 21 1 7 81384 162768
 13 98 0 94 0 45 1 6 254190 508380
 14 94 0 58 0 26 1 5 127098 254196
 15 113 0 81 1 51 1 5 337907 675814
 16 83 1 80 1 76 1 6 397655 795310
 17 86 1 64 1 53 1 6 197840 395680
 18 68 0 44 1 33 1 5 69908 139816
 19 52 1 40 1 31 1 7 49613 99226
 20 95 0 67 1 38 1 4 171928 343856
 55 2507905
 587 233 220 19997439 63034163
 20
 1 100 0 94 0 28 1 8 224183 448366
 2 81 1 78 1 66 1 10 341700 683400
 3 111 0 49 0 21 1 9 78670 157340
 4 119 0 63 1 37 1 5 198928 397856
 5 72 0 50 1 30 1 5 94108 188216
 6 58 1 58 1 40 1 7 100433 200866
 7 108 0 55 1 29 1 13 122914 245828
 8 54 1 49 1 38 1 7 85457 170914
 9 69 1 46 1 44 1 7 102553 205106
 10 88 1 71 1 61 1 7 237253 474506
 11 83 0 58 1 35 1 5 112021 224042
 12 108 0 77 0 37 1 7 193177 386354
 13 108 1 62 1 57 1 4 288453 576906
 14 73 0 61 1 31 1 9 112372 224744
 15 92 0 46 1 43 1 9 128984 257968
 16 62 1 53 1 51 1 7 101446 202892
 17 79 0 69 0 20 1 6 65876 131752
 18 74 1 39 1 38 1 7 67802 135604
 19 92 0 70 0 28 1 2 127840 255680
 20 78 1 73 1 61 1 8 225786 451572
 56 2508005
 587 233 220 21306041 92351983
 20
 1 90 0 41 1 34 1 7 87041 174082
 2 64 0 32 1 28 1 18 51356 102712
 3 42 1 31 1 31 1 11 31785 63570
 4 94 0 90 0 44 1 4 323767 647534
 5 68 1 63 1 53 1 8 201403 402806
 6 55 0 30 1 21 1 6 30324 60648
 7 72 0 64 0 31 1 7 127860 255720
 8 75 0 56 1 34 1 4 100424 200848
 9 62 0 34 1 31 1 7 45256 90512
 10 79 0 55 1 32 1 8 117423 234846
 11 99 0 74 0 27 1 5 126033 252066
 12 89 1 54 1 48 1 11 171947 343894
 13 93 0 78 0 32 1 8 147845 295690
 14 119 0 80 1 59 1 3 343025 686050
 15 80 1 72 1 42 1 10 162914 325828
 16 111 0 47 1 27 1 9 108151 216302
 17 73 1 72 1 49 1 6 208015 416030
 18 115 0 87 0 32 1 14 195652 391304
 19 100 1 66 1 61 1 8 322463 644926
 20 80 0 61 0 23 1 8 84662 169324
 57 2508105
 587 233 220 25987353 148005389
 20
 1 85 0 73 1 40 1 4 162688 325376
 2 73 1 62 1 54 1 6 206117 412234
 3 90 0 63 1 41 1 7 207721 415442
 4 75 0 61 0 24 1 5 65918 131836
 5 57 1 53 1 44 1 4 98152 196304
 6 93 0 70 1 45 1 7 251180 502360
 7 73 0 36 1 33 1 9 53165 106330
 8 95 1 80 1 75 1 5 418926 837852
 9 93 1 89 1 78 1 5 507328 1014656
 10 113 1 87 1 65 1 6 441907 883814
 11 72 0 46 1 30 1 8 59847 119694
 12 100 1 78 1 70 1 3 430527 861054
 13 53 1 47 1 34 1 6 65167 130334
 14 87 1 54 1 46 1 5 163207 326414
 15 52 1 41 1 37 1 7 50155 100310
 16 79 0 76 0 33 1 8 161671 323342
 17 77 1 77 1 65 1 8 335515 671030
 18 65 0 59 0 27 1 9 66315 132630
 19 54 1 42 1 31 1 7 56783 113566
 20 87 1 45 1 44 1 8 114168 228336
 58 2508205
 587 233 220 20433818 66821641
 20
 1 105 0 81 1 46 1 11 344946 689892
 2 115 1 81 1 61 1 9 484951 969902
 3 72 0 51 0 23 1 4 69787 139574
 4 65 1 56 1 33 1 4 80703 161406
 5 60 0 44 0 21 1 6 40562 81124
 6 85 1 69 1 65 1 4 305627 611254
 7 90 0 82 0 35 1 4 226739 453478
 8 115 1 94 1 64 1 5 502348 1004696
 9 80 0 53 1 33 1 8 115908 231816
 10 95 0 81 0 37 1 6 183998 367996
 11 66 1 46 1 45 1 5 92913 185826
 12 109 0 36 1 25 1 4 86568 173136
 13 89 1 62 1 50 1 9 210149 420298
 14 54 0 32 1 27 1 8 36293 72586
 15 79 0 33 1 32 1 4 62516 125032
 16 80 1 50 1 47 1 5 138393 276786
 17 81 1 57 1 44 1 1 175603 351206
 18 107 0 31 1 21 1 7 54926 109852
 19 91 1 85 1 80 1 5 386509 773018
 20 93 0 68 0 27 1 7 102837 205674
 59 2508305
 587 233 220 25755939 193350368
 20
 1 76 1 52 1 46 1 9 152121 304242
 2 66 0 59 1 31 1 7 78426 156852
 3 62 1 55 1 44 1 9 106901 213802
 4 95 0 46 1 36 1 9 103523 207046
 5 63 1 59 1 35 1 7 102375 204750
 6 100 0 37 1 32 1 7 77862 155724
 7 91 0 54 1 37 1 4 160362 320724
 8 49 1 44 1 36 1 4 51795 103590
 9 109 0 66 1 49 1 4 281435 562870
 10 69 0 48 1 27 1 5 76136 152272
 11 109 1 85 1 62 1 5 460956 921912
 12 48 1 47 1 42 1 8 71070 142140
 13 77 1 67 1 48 1 6 153676 307352
 14 112 1 79 1 76 1 7 512506 1025012
 15 102 0 40 1 28 1 9 102205 204410
 16 106 1 99 1 65 1 4 503317 1006634
 17 86 1 73 1 50 1 5 229895 459790
 18 79 1 76 1 57 1 7 252699 505398
 19 61 1 56 1 39 1 8 98448 196896
 20 100 0 86 0 30 1 5 223699 447398
 60 2508405
 587 233 220 23129004 164766916
 20
 1 78 1 72 1 58 1 5 222950 445900
 2 107 1 57 1 57 1 6 235448 470896
 3 72 1 64 1 37 1 7 106831 213662
 4 93 0 66 0 26 1 6 134675 269350
 5 116 0 67 1 35 1 13 197723 395446
 6 101 0 56 1 39 1 11 158028 316056
 7 108 0 100 0 39 1 6 356463 712926
 8 64 1 55 1 33 1 7 84471 168942
 9 73 1 65 1 53 1 8 207152 414304
 10 106 0 41 1 35 1 6 107922 215844
 11 82 0 78 0 28 1 5 113238 226476
 12 79 1 59 1 58 1 2 202286 404572
 13 92 0 84 0 22 1 5 104998 209996
 14 80 1 65 1 50 1 5 204591 409182
 15 82 0 77 0 24 1 3 128168 256336
 16 74 1 73 1 51 1 6 177722 355444
 17 90 0 43 1 40 1 4 100425 200850
 18 98 1 70 1 51 1 7 242407 484814
 19 69 0 32 1 30 1 7 53792 107584
 20 107 0 69 1 53 1 7 282096 564192
 61 2508505
 587 233 220 24929792 177517930
 20
 1 109 1 68 1 64 1 1 388386 776772
 2 84 1 58 1 55 1 6 216100 432200
 3 96 0 83 0 24 1 2 115813 231626
 4 74 0 67 1 37 1 3 152536 305072
 5 107 1 73 1 70 1 5 424333 848666
 6 80 1 73 1 54 1 6 258942 517884
 7 72 0 41 1 33 1 4 73104 146208
 8 84 1 79 1 74 1 7 378974 757948
 9 40 0 37 1 20 1 3 18521 37042
 10 74 1 73 1 42 1 5 177935 355870
 11 55 1 48 1 33 1 8 57203 114406
 12 109 1 74 1 70 1 5 384484 768968
 13 107 0 44 1 39 1 7 150739 301478
 14 99 0 51 1 47 1 5 167972 335944
 15 80 0 62 1 38 1 6 139224 278448
 16 46 1 43 1 37 1 4 55612 111224
 17 94 0 69 1 36 1 6 167713 335426
 18 98 0 64 1 48 1 5 248515 497030
 19 99 1 91 1 70 1 6 440134 880268
 20 113 0 76 1 52 1 6 276310 552620
 62 2508605
 587 233 220 26688620 211117914
 20
 1 70 1 63 1 50 1 8 190955 381910
 2 100 0 53 1 34 1 8 139123 278246
 3 93 0 78 1 45 1 4 262781 525562
 4 100 0 55 1 48 1 4 175943 351886
 5 98 1 73 1 50 1 8 259187 518374
 6 69 1 45 1 43 1 4 80871 161742
 7 43 1 42 1 36 1 7 48207 96414
 8 104 1 92 1 63 1 5 456086 912172
 9 93 0 36 1 26 1 6 75015 150030
 10 50 1 45 1 41 1 8 70837 141674
 11 119 0 67 1 50 1 6 282527 565054
 12 82 0 49 1 30 1 3 100968 201936
 13 80 0 55 1 31 1 5 97466 194932
 14 105 0 73 1 37 1 8 201226 402452
 15 76 1 76 1 42 1 5 213610 427220
 16 102 0 96 0 22 1 11 192341 384682
 17 120 0 99 0 36 1 7 366938 733876
 18 89 1 70 1 58 1 5 262822 525644
 19 60 1 54 1 46 1 6 114567 229134
 20 120 0 38 1 35 1 8 136977 273954
 63 2508705
 587 233 220 25530031 110238920
 20
 1 82 1 76 1 59 1 4 297276 594552
 2 60 1 51 1 50 1 3 98645 197290
 3 104 1 66 1 61 1 9 365883 731766
 4 71 0 36 1 28 1 5 48846 97692
 5 89 0 77 0 26 1 1 153362 306724
 6 108 1 84 1 66 1 7 359310 718620
 7 90 0 51 1 45 1 5 133468 266936
 8 48 1 35 1 33 1 4 38161 76322
 9 89 1 57 1 52 1 6 236591 473182
 10 99 1 77 1 58 1 5 272673 545346
 11 92 1 86 1 66 1 5 373422 746844
 12 93 0 80 1 46 1 10 206491 412982
 13 72 1 45 1 39 1 6 79398 158796
 14 73 0 46 1 24 1 5 67334 134668
 15 112 0 71 1 37 1 6 198273 396546
 16 70 1 69 1 69 1 4 216410 432820
 17 112 0 64 0 27 1 2 159543 319086
 18 52 1 42 1 39 1 6 64729 129458
 19 120 0 84 0 23 1 7 186552 373104
 20 94 0 61 1 36 1 7 141850 283700
 64 2508805
 587 233 220 24464664 118865735
 20
 1 114 0 54 0 20 1 6 89151 178302
 2 92 1 87 1 50 1 6 289437 578874
 3 114 0 43 1 26 1 4 94748 189496
 4 93 0 69 1 42 1 5 167904 335808
 5 80 1 79 1 64 1 5 292986 585972
 6 99 0 80 0 29 1 5 151410 302820
 7 60 1 54 1 47 1 3 113717 227434
 8 54 1 53 1 32 1 3 55271 110542
 9 113 1 75 1 68 1 15 465209 930418
 10 67 1 66 1 49 1 4 158095 316190
 11 65 0 30 1 21 1 3 32584 65168
 12 110 0 63 0 29 1 4 139485 278970
 13 75 0 60 0 27 1 7 98537 197074
 14 95 0 71 1 40 1 2 234817 469634
 15 92 1 74 1 67 1 11 361650 723300
 16 55 1 43 1 38 1 6 77714 155428
 17 105 0 32 1 31 1 4 78655 157310
 18 90 1 81 1 46 1 4 301753 603506
 19 90 0 60 1 38 1 8 181882 363764
 20 77 0 42 1 22 1 3 49957 99914
 65 2508905
 587 233 220 22891962 108200520
 20
 1 55 0 50 1 26 1 5 44260 88520
 2 48 1 42 1 37 1 4 48178 96356
 3 47 1 34 1 26 1 12 26889 53778
 4 104 0 74 1 50 1 7 300627 601254
 5 83 0 70 1 40 1 6 147145 294290
 6 53 1 52 1 38 1 12 64171 128342
 7 108 0 69 1 49 1 8 308202 616404
 8 78 1 73 1 72 1 10 317228 634456
 9 77 0 62 0 24 1 10 83971 167942
 10 74 0 34 1 21 1 5 35719 71438
 11 49 1 38 1 37 1 9 50740 101480
 12 79 1 50 1 40 1 10 104340 208680
 13 75 0 44 1 35 1 11 77836 155672
 14 98 1 69 1 57 1 5 334860 669720
 15 72 0 62 1 36 1 12 105149 210298
 16 98 0 93 0 41 1 9 325036 650072
 17 98 0 60 1 35 1 7 184546 369092
 18 62 0 40 1 31 1 11 66227 132454
 19 68 1 59 1 37 1 9 108433 216866
 20 60 1 49 1 45 1 6 87927 175854
 66 2509005
 587 233 220 23385787 131767536
 20
 1 87 0 45 1 32 1 14 76328 152656
 2 84 1 63 1 46 1 4 211064 422128
 3 84 1 67 1 44 1 8 172139 344278
 4 76 0 55 1 30 1 6 81807 163614
 5 87 1 78 1 61 1 3 258545 517090
 6 115 0 77 1 53 1 4 372006 744012
 7 78 1 72 1 51 1 4 235001 470002
 8 93 1 91 1 62 1 5 316026 632052
 9 48 1 41 1 40 1 10 64645 129290
 10 92 1 82 1 53 1 4 269779 539558
 11 102 1 69 1 54 1 7 236233 472466
 12 80 0 52 1 34 1 5 110358 220716
 13 90 1 71 1 60 1 6 280433 560866
 14 66 1 43 1 42 1 3 79630 159260
 15 73 1 58 1 52 1 6 182494 364988
 16 66 0 66 0 26 1 5 68054 136108
 17 91 0 40 1 28 1 4 77959 155918
 18 72 0 34 1 33 1 7 67036 134072
 19 120 1 98 1 74 1 6 714409 1428818
 20 68 1 56 1 43 1 6 135040 270080
 67 2509105
 587 233 220 25511269 150230196
 20
 1 119 0 41 1 38 1 5 165699 331398
 2 90 0 44 1 35 1 5 83930 167860
 3 67 0 55 0 27 1 7 86957 173914
 4 71 1 47 1 36 1 4 75179 150358
 5 90 1 55 1 51 1 6 221767 443534
 6 87 0 68 1 40 1 3 212695 425390
 7 87 0 53 1 36 1 11 127998 255996
 8 113 0 47 1 34 1 6 143229 286458
 9 97 0 56 1 35 1 9 122433 244866
 10 90 0 60 0 25 1 11 100136 200272
 11 88 1 75 1 70 1 6 363239 726478
 12 111 0 64 1 51 1 9 220166 440332
 13 105 0 77 0 31 1 13 169746 339492
 14 91 0 33 1 29 1 6 60058 120116
 15 53 1 34 1 31 1 10 40683 81366
 16 73 0 40 1 34 1 11 84534 169068
 17 84 1 56 1 44 1 12 164869 329738
 18 113 0 81 0 29 1 8 210152 420304
 19 89 1 53 1 51 1 10 202747 405494
 20 62 0 30 1 26 1 10 31509 63018
 68 2509205
 587 233 220 26822767 79918809
 20
 1 60 1 44 1 36 1 4 82366 164732
 2 76 1 42 1 40 1 3 87937 175874
 3 65 1 49 1 48 1 6 122762 245524
 4 109 0 92 1 51 1 5 319352 638704
 5 93 0 42 1 31 1 6 88825 177650
 6 83 1 64 1 59 1 3 271301 542602
 7 96 1 90 1 55 1 4 410245 820490
 8 52 1 42 1 31 1 5 46142 92284
 9 98 1 72 1 61 1 6 272855 545710
 10 118 0 98 1 57 1 7 440123 880246
 11 48 1 31 1 25 1 2 24993 49986
 12 75 1 67 1 50 1 4 155290 310580
 13 120 0 66 0 32 1 8 177702 355404
 14 91 1 76 1 65 1 5 404497 808994
 15 102 0 71 1 49 1 9 301322 602644
 16 93 1 89 1 59 1 6 436550 873100
 17 76 0 48 0 23 1 7 53415 106830
 18 63 0 53 0 23 1 4 52364 104728
 19 83 0 59 0 27 1 6 112988 225976
 20 85 1 69 1 53 1 5 212797 425594
 69 2509305
 587 233 220 18253325 62989153
 20
 1 91 0 50 1 32 1 7 98343 196686
 2 118 0 66 1 40 1 13 262423 524846
 3 75 0 69 0 32 1 11 132848 265696
 4 81 0 73 0 32 1 5 160030 320060
 5 97 0 69 0 33 1 8 177412 354824
 6 97 0 31 1 27 1 9 68213 136426
 7 57 1 54 1 29 1 9 53716 107432
 8 77 1 71 1 62 1 7 211445 422890
 9 116 0 84 0 27 1 7 198217 396434
 10 85 0 30 1 29 1 7 50407 100814
 11 112 0 51 1 41 1 7 194050 388100
 12 87 0 81 0 23 1 5 139613 279226
 13 49 1 44 1 26 1 5 43068 86136
 14 63 1 59 1 38 1 10 104201 208402
 15 82 0 44 1 33 1 8 105380 210760
 16 63 1 61 1 44 1 8 127272 254544
 17 69 1 53 1 52 1 9 116190 232380
 18 104 0 78 0 25 1 7 122062 244124
 19 119 0 65 1 37 1 5 225066 450132
 20 76 1 76 1 68 1 8 300733 601466
 70 2509405
 587 233 220 18328855 133320524
 20
 1 56 0 32 1 28 1 3 32081 64162
 2 92 0 68 1 39 1 6 194230 388460
 3 90 0 86 0 29 1 5 157657 315314
 4 73 1 54 1 52 1 7 129897 259794
 5 114 0 100 0 45 1 4 386275 772550
 6 94 0 51 1 36 1 5 128905 257810
 7 108 0 59 1 38 1 8 187318 374636
 8 89 1 82 1 61 1 7 386130 772260
 9 81 1 71 1 43 1 7 167755 335510
 10 61 1 53 1 37 1 8 105509 211018
 11 85 1 70 1 58 1 7 209950 419900
 12 111 0 98 0 39 1 8 322288 644576
 13 66 1 62 1 59 1 3 189901 379802
 14 117 0 87 1 49 1 6 406490 812980
 15 70 1 62 1 40 1 5 124084 248168
 16 36 1 30 1 30 1 4 24243 48486
 17 80 1 62 1 57 1 5 180814 361628
 18 73 1 72 1 54 1 6 189947 379894
 19 89 0 67 1 41 1 4 156947 313894
 20 82 0 51 1 38 1 3 103392 206784
 71 2509505
 587 233 220 21721703 73786765
 20
 1 99 1 64 1 62 1 9 287734 575468
 2 110 0 43 1 37 1 12 151382 302764
 3 96 1 73 1 50 1 5 266866 533732
 4 114 0 53 1 35 1 11 155341 310682
 5 105 0 27 1 22 1 3 50403 100806
 6 75 1 66 1 51 1 3 168997 337994
 7 72 1 61 1 48 1 3 130478 260956
 8 102 0 46 1 32 1 7 130702 261404
 9 59 1 57 1 45 1 5 106465 212930
 10 111 0 45 1 33 1 4 112435 224870
 11 90 1 74 1 58 1 11 344154 688308
 12 55 1 51 1 34 1 3 64782 129564
 13 98 0 73 0 21 1 7 133743 267486
 14 85 0 61 1 35 1 8 135231 270462
 15 41 1 35 1 31 1 8 32786 65572
 16 89 1 86 1 77 1 4 361394 722788
 17 61 1 55 1 47 1 5 127464 254928
 18 96 0 66 1 45 1 6 208131 416262
 19 98 1 79 1 58 1 6 291715 583430
 20 89 0 61 1 34 1 7 131187 262374
 72 2509605
 587 233 220 25145356 129428861
 20
 1 96 1 95 1 68 1 8 374840 749680
 2 69 1 61 1 35 1 4 114149 228298
 3 107 1 70 1 55 1 3 250844 501688
 4 92 0 85 0 34 1 4 218242 436484
 5 96 0 60 1 31 1 4 130474 260948
 6 66 1 38 1 38 1 5 79168 158336
 7 63 1 57 1 36 1 6 88998 177996
 8 51 1 31 1 31 1 6 42933 85866
 9 100 0 75 1 44 1 8 234953 469906
 10 78 1 66 1 53 1 6 182743 365486
 11 33 1 32 1 29 1 4 26928 53856
 12 81 1 72 1 45 1 12 209141 418282
 13 88 0 57 1 38 1 9 162282 324564
 14 52 0 34 1 21 1 6 26928 53856
 15 112 0 69 0 31 1 6 150252 300504
 16 63 1 59 1 57 1 9 184305 368610
 17 76 1 65 1 48 1 6 203166 406332
 18 92 0 60 1 46 1 7 209988 419976
 19 118 0 55 1 52 1 7 267973 535946
 20 96 0 93 0 22 1 7 119118 238236
 73 2509705
 587 233 220 24475188 75218923
 20
 1 90 0 73 1 37 1 7 179661 359322
 2 102 0 95 0 33 1 4 194819 389638
 3 117 0 38 1 30 1 7 101939 203878
 4 75 1 73 1 57 1 7 265196 530392
 5 86 0 36 1 34 1 8 89388 178776
 6 101 1 81 1 62 1 4 417018 834036
 7 90 1 66 1 65 1 10 297075 594150
 8 76 1 69 1 51 1 6 237632 475264
 9 65 0 30 1 30 1 5 47287 94574
 10 61 1 46 1 37 1 6 78596 157192
 11 96 0 52 1 45 1 6 153419 306838
 12 112 0 57 0 27 1 7 129204 258408
 13 103 1 93 1 54 1 2 463799 927598
 14 110 1 84 1 68 1 7 409637 819274
 15 92 0 30 1 27 1 10 64626 129252
 16 116 0 48 1 33 1 5 114328 228656
 17 70 1 43 1 40 1 3 90409 180818
 18 87 1 64 1 54 1 5 232908 465816
 19 88 0 82 0 32 1 9 192161 384322
 20 102 0 76 1 45 1 3 244725 489450
 74 2509805
 587 233 220 22394096 171643690
 20
 1 86 1 79 1 69 1 6 325995 651990
 2 53 1 46 1 31 1 3 51285 102570
 3 96 0 51 1 37 1 5 141960 283920
 4 119 0 55 1 54 1 5 250573 501146
 5 77 0 74 0 37 1 7 130714 261428
 6 96 0 73 0 24 1 3 109839 219678
 7 75 1 67 1 54 1 8 213994 427988
 8 88 1 71 1 61 1 7 279392 558784
 9 120 0 93 0 46 1 3 451278 902556
 10 104 1 70 1 69 1 5 393544 787088
 11 72 1 69 1 61 1 5 213211 426422
 12 68 1 51 1 43 1 4 92744 185488
 13 118 0 71 1 53 1 5 324503 649006
 14 78 1 57 1 54 1 8 148836 297672
 15 72 0 67 0 22 1 4 81272 162544
 16 84 0 82 0 34 1 3 172099 344198
 17 74 0 72 0 33 1 8 154831 309662
 18 48 1 37 1 36 1 7 54274 108548
 19 69 1 57 1 36 1 4 115769 231538
 20 109 1 68 1 59 1 8 345885 691770
 75 2509905
 587 233 220 21411465 141029724
 20
 1 101 0 81 0 24 1 8 153811 307622
 2 94 0 72 0 29 1 5 160872 321744
 3 79 1 72 1 47 1 7 236201 472402
 4 90 0 36 1 35 1 5 86275 172550
 5 68 1 51 1 40 1 5 122075 244150
 6 48 1 45 1 35 1 11 61556 123112
 7 108 1 84 1 69 1 9 515774 1031548
 8 91 0 45 1 31 1 7 107082 214164
 9 84 1 80 1 62 1 4 337713 675426
 10 77 1 71 1 41 1 6 175470 350940
 11 91 0 78 1 42 1 5 250253 500506
 12 82 1 80 1 60 1 10 269807 539614
 13 89 0 42 1 26 1 3 69982 139964
 14 45 1 41 1 30 1 3 43884 87768
 15 79 0 51 1 29 1 8 73518 147036
 16 56 0 53 0 20 1 10 49957 99914
 17 117 0 78 0 39 1 7 298085 596170
 18 84 0 78 1 42 1 2 241916 483832
 19 118 0 66 1 46 1 7 233604 467208
 20 116 0 42 1 30 1 7 104519 209038
 76 2510005
 587 233 220 24594322 62568914
 20
 1 77 0 42 1 30 1 6 85546 171092
 2 98 0 45 1 28 1 3 86541 173082
 3 61 1 58 1 32 1 3 83257 166514
 4 92 1 77 1 61 1 4 282661 565322
 5 58 0 44 1 27 1 4 60221 120442
 6 108 0 72 1 50 1 7 311695 623390
 7 93 1 72 1 71 1 8 330038 660076
 8 111 0 49 1 30 1 5 137350 274700
 9 79 1 66 1 49 1 5 199309 398618
 10 85 0 74 1 39 1 3 187569 375138
 11 106 0 34 1 33 1 5 76951 153902
 12 113 1 91 1 76 1 11 690458 1380916
 13 57 1 49 1 43 1 9 76257 152514
 14 103 0 80 0 27 1 4 168524 337048
 15 74 0 66 0 31 1 7 121595 243190
 16 112 0 66 0 29 1 4 134273 268546
 17 110 1 83 1 67 1 4 402169 804338
 18 119 0 56 1 36 1 1 212855 425710
 19 97 0 87 0 22 1 8 163114 326228
 20 53 0 31 1 25 1 4 25243 50486
 77 2510105
 587 233 220 24335634 90591156
 20
 1 73 0 73 0 36 1 11 152546 305092
 2 87 0 49 1 26 1 9 72746 145492
 3 68 1 53 1 44 1 6 109694 219388
 4 73 0 57 1 33 1 6 84330 168660
 5 65 1 49 1 47 1 7 121787 243574
 6 80 0 65 1 35 1 11 155521 311042
 7 72 0 35 1 26 1 13 57159 114318
 8 75 1 68 1 40 1 8 165160 330320
 9 104 0 53 1 34 1 9 113269 226538
 10 97 0 93 0 45 1 6 245342 490684
 11 79 1 54 1 49 1 7 151093 302186
 12 52 1 32 1 27 1 13 32297 64594
 13 84 1 72 1 59 1 8 244412 488824
 14 74 1 71 1 53 1 9 175231 350462
 15 102 0 70 0 27 1 9 168398 336796
 16 80 1 79 1 52 1 6 278712 557424
 17 102 0 87 0 35 1 8 261169 522338
 18 70 0 31 1 27 1 5 37126 74252
 19 60 1 57 1 51 1 3 112848 225696
 20 84 0 76 0 38 1 4 213496 426992
 78 2510205
 587 233 220 23731715 113438779
 20
 1 105 0 68 1 42 1 6 252614 505228
 2 75 0 37 1 24 1 7 46056 92112
 3 79 0 73 0 26 1 11 93176 186352
 4 95 0 53 1 38 1 8 126684 253368
 5 50 1 41 1 40 1 9 56087 112174
 6 80 1 59 1 52 1 6 165269 330538
 7 90 0 74 0 35 1 5 159861 319722
 8 87 1 60 1 60 1 7 216683 433366
 9 68 1 50 1 39 1 3 91838 183676
 10 78 0 64 0 25 1 7 99245 198490
 11 73 1 65 1 52 1 8 202825 405650
 12 83 0 48 1 38 1 8 108725 217450
 13 87 1 76 1 44 1 6 230667 461334
 14 60 0 38 1 26 1 10 38733 77466
 15 82 1 65 1 64 1 4 284577 569154
 16 52 1 48 1 38 1 6 61480 122960
 17 95 1 91 1 63 1 10 333273 666546
 18 111 0 75 0 25 1 4 181506 363012
 19 117 0 81 0 36 1 8 291029 582058
 20 67 1 45 1 38 1 9 75785 151570
 79 2510305
 587 233 220 21653700 66418018
 20
 1 64 1 48 1 46 1 6 89875 179750
 2 79 0 25 1 22 1 9 31807 63614
 3 89 0 85 0 33 1 12 155736 311472
 4 79 0 66 1 34 1 12 136315 272630
 5 79 0 54 1 31 1 10 95813 191626
 6 115 0 95 0 22 1 7 161815 323630
 7 76 1 54 1 44 1 10 159910 319820
 8 80 0 44 1 29 1 8 78278 156556
 9 66 0 33 1 26 1 6 47775 95550
 10 50 1 32 1 32 1 8 34346 68692
 11 116 0 93 0 21 1 14 145971 291942
 12 113 0 64 1 50 1 6 262891 525782
 13 101 0 80 0 31 1 4 182307 364614
 14 96 0 76 1 46 1 8 216287 432574
 15 61 0 61 0 26 1 5 69375 138750
 16 108 0 26 1 23 1 9 42361 84722
 17 96 0 88 0 31 1 7 213058 426116
 18 80 1 61 1 47 1 9 153961 307922
 19 87 0 74 0 35 1 11 197236 394472
 20 61 1 51 1 50 1 5 109603 219206
 80 2510405
 587 233 220 20905895 69256899
 20
 1 78 1 59 1 54 1 4 185206 370412
 2 120 0 52 0 20 1 10 92571 185142
 3 100 1 67 1 54 1 5 324068 648136
 4 91 0 59 1 37 1 6 170293 340586
 5 112 0 57 1 56 1 7 219261 438522
 6 88 0 46 1 34 1 3 99215 198430
 7 108 0 78 1 53 1 8 401134 802268
 8 100 0 48 1 29 1 12 92794 185588
 9 89 0 88 0 21 1 6 100696 201392
 10 90 0 40 1 21 1 10 65298 130596
 11 89 0 37 1 36 1 4 94853 189706
 12 62 0 53 0 20 1 9 41374 82748
 13 116 0 48 1 40 1 7 181756 363512
 14 64 0 49 1 32 1 5 64104 128208
 15 63 1 56 1 41 1 3 102553 205106
 16 76 1 75 1 70 1 6 345579 691158
 17 100 1 81 1 59 1 4 318477 636954
 18 102 1 95 1 74 1 8 569745 1139490
 19 66 1 56 1 50 1 6 147142 294284
 20 58 0 33 1 22 1 5 33774 67548
 81 2510505
 587 233 220 21270386 138274031
 20
 1 110 0 60 1 55 1 2 236862 473724
 2 80 1 78 1 71 1 6 311861 623722
 3 110 0 75 1 50 1 1 325190 650380
 4 100 0 72 1 40 1 4 174435 348870
 5 103 0 60 1 32 1 5 135880 271760
 6 70 1 60 1 49 1 7 144242 288484
 7 80 1 72 1 62 1 6 227065 454130
 8 120 1 74 1 67 1 8 526045 1052090
 9 75 0 52 1 37 1 5 108471 216942
 10 57 1 54 1 48 1 6 99144 198288
 11 62 1 55 1 53 1 5 153590 307180
 12 83 0 73 0 36 1 6 132111 264222
 13 75 1 64 1 40 1 7 131560 263120
 14 98 0 80 0 31 1 6 160735 321470
 15 112 0 100 1 52 1 3 452580 905160
 16 56 1 49 1 44 1 6 83575 167150
 17 74 0 28 1 26 1 4 37082 74164
 18 68 1 67 1 52 1 5 176093 352186
 19 116 0 96 0 27 1 10 193283 386566
 20 92 0 65 1 45 1 8 199963 399926
 82 2510605
 587 233 220 23481723 105421463
 20
 1 65 1 51 1 50 1 6 125381 250762
 2 113 0 78 0 28 1 9 184236 368472
 3 120 0 35 1 32 1 5 84708 169416
 4 71 0 53 0 20 1 7 57819 115638
 5 94 1 70 1 64 1 4 366040 732080
 6 64 0 33 1 32 1 10 48000 96000
 7 71 0 35 1 21 1 7 39255 78510
 8 85 1 59 1 49 1 4 149036 298072
 9 108 0 62 1 53 1 7 318511 637022
 10 116 0 56 0 25 1 6 103107 206214
 11 75 0 69 1 35 1 8 150991 301982
 12 114 0 85 1 53 1 5 387974 775948
 13 55 0 35 1 20 1 6 33069 66138
 14 89 1 72 1 66 1 5 273068 546136
 15 92 1 62 1 47 1 7 174725 349450
 16 103 0 99 0 42 1 7 328503 657006
 17 66 0 55 1 32 1 8 85021 170042
 18 93 0 62 1 39 1 5 137671 275342
 19 86 1 64 1 50 1 5 177534 355068
 20 75 1 71 1 68 1 10 302904 605808
 83 2510705
 587 233 220 23745751 140723321
 20
 1 83 1 71 1 46 1 13 192497 384994
 2 76 1 63 1 54 1 4 164725 329450
 3 91 0 56 1 40 1 8 144739 289478
 4 61 1 42 1 34 1 7 65269 130538
 5 84 1 67 1 47 1 6 216081 432162
 6 95 1 79 1 57 1 8 366641 733282
 7 90 0 80 0 23 1 4 122619 245238
 8 69 0 43 1 28 1 7 65568 131136
 9 72 1 69 1 48 1 7 202905 405810
 10 83 1 64 1 58 1 4 269028 538056
 11 99 0 94 0 24 1 8 169844 339688
 12 96 1 69 1 53 1 7 272128 544256
 13 71 1 70 1 36 1 7 151347 302694
 14 57 1 52 1 45 1 5 118694 237388
 15 99 0 71 1 43 1 8 253704 507408
 16 72 0 71 0 27 1 9 88374 176748
 17 59 0 37 1 22 1 6 30717 61434
 18 86 1 56 1 44 1 10 156028 312056
 19 80 1 55 1 41 1 6 156914 313828
 20 78 0 58 1 30 1 5 99780 199560
 84 2510805
 587 233 220 24767147 125465688
 20
 1 114 0 77 1 42 1 8 254808 509616
 2 105 1 81 1 74 1 5 536854 1073708
 3 76 1 73 1 50 1 9 226972 453944
 4 104 0 91 0 41 1 10 305380 610760
 5 75 0 70 0 23 1 6 99645 199290
 6 93 0 67 0 20 1 8 82700 165400
 7 89 0 54 0 25 1 6 87063 174126
 8 89 0 46 1 28 1 10 89612 179224
 9 36 1 35 1 24 1 7 19735 39470
 10 72 0 50 1 29 1 8 71606 143212
 11 72 1 41 1 38 1 9 69665 139330
 12 84 0 32 1 24 1 9 42347 84694
 13 85 0 53 1 31 1 5 121520 243040
 14 115 0 94 0 38 1 5 296417 592834
 15 60 1 51 1 38 1 10 93153 186306
 16 74 1 46 1 40 1 8 114655 229310
 17 52 1 50 1 41 1 10 70233 140466
 18 85 1 58 1 50 1 10 195284 390568
 19 116 0 78 0 34 1 5 214057 428114
 20 85 0 53 1 41 1 6 127375 254750
 85 2510905
 587 233 220 19627303 55343695
 20
 1 55 0 37 1 22 1 5 28807 57614
 2 72 0 55 1 31 1 10 82816 165632
 3 61 1 56 1 36 1 4 97638 195276
 4 76 0 72 0 22 1 5 100854 201708
 5 74 1 66 1 61 1 5 240438 480876
 6 43 1 39 1 32 1 8 46383 92766
 7 108 0 98 0 27 1 4 196820 393640
 8 109 1 73 1 65 1 6 395276 790552
 9 97 0 92 0 40 1 7 248311 496622
 10 109 1 80 1 62 1 6 380191 760382
 11 57 1 57 1 45 1 3 114120 228240
 12 114 0 43 1 41 1 6 157252 314504
 13 100 1 69 1 67 1 6 360634 721268
 14 82 0 68 0 24 1 4 106254 212508
 15 97 0 34 1 31 1 3 61727 123454
 16 99 1 95 1 60 1 7 469796 939592
 17 79 1 45 1 45 1 7 119778 239556
 18 44 1 35 1 30 1 2 40748 81496
 19 85 1 65 1 55 1 6 196626 393252
 20 100 1 91 1 76 1 4 418659 837318
 86 2511005
 587 233 220 26807505 75404515
 20
 1 87 0 33 1 28 1 8 61713 123426
 2 97 1 70 1 57 1 8 257013 514026
 3 71 1 57 1 38 1 9 120851 241702
 4 63 1 53 1 47 1 6 99188 198376
 5 77 0 56 1 37 1 7 102972 205944
 6 102 0 67 1 47 1 5 261178 522356
 7 72 0 31 1 29 1 7 45988 91976
 8 84 0 58 1 38 1 6 117841 235682
 9 84 1 57 1 56 1 6 184193 368386
 10 88 0 76 0 33 1 5 150244 300488
 11 109 1 76 1 73 1 10 477647 955294
 12 57 1 55 1 54 1 2 108103 216206
 13 115 0 26 1 25 1 7 50901 101802
 14 71 1 50 1 41 1 8 94216 188432
 15 102 0 59 0 29 1 8 135296 270592
 16 69 1 67 1 45 1 5 172069 344138
 17 50 1 46 1 38 1 5 72278 144556
 18 78 0 76 0 38 1 10 199877 399754
 19 95 0 55 1 31 1 3 118280 236560
 20 98 0 83 0 38 1 9 204972 409944
 87 2511105
 587 233 220 24265868 147652229
 20
 1 119 0 34 1 28 1 5 69400 138800
 2 84 1 69 1 48 1 6 184393 368786
 3 97 1 82 1 78 1 7 423623 847246
 4 109 0 43 1 33 1 6 99062 198124
 5 80 1 75 1 47 1 5 220731 441462
 6 74 0 62 0 30 1 11 89697 179394
 7 40 1 35 1 31 1 10 36106 72212
 8 58 0 43 1 26 1 3 48591 97182
 9 111 1 73 1 71 1 4 420005 840010
 10 95 0 66 1 43 1 7 188811 377622
 11 96 0 82 0 28 1 8 137665 275330
 12 84 1 73 1 66 1 5 342938 685876
 13 62 1 42 1 38 1 6 60439 120878
 14 108 1 91 1 58 1 9 477880 955760
 15 96 0 81 0 25 1 2 119193 238386
 16 42 1 35 1 31 1 4 37800 75600
 17 75 0 54 1 30 1 5 75778 151556
 18 117 0 50 1 33 1 7 117995 235990
 19 115 0 68 1 49 1 6 257945 515890
 20 105 1 66 1 60 1 1 290246 580492
 88 2511205
 587 233 220 20998818 131762182
 20
 1 100 0 60 1 40 1 5 171157 342314
 2 89 0 67 1 34 1 4 181623 363246
 3 92 0 80 0 38 1 7 215656 431312
 4 90 0 81 0 24 1 12 141080 282160
 5 84 0 52 1 38 1 8 145644 291288
 6 77 1 54 1 46 1 6 117449 234898
 7 90 0 49 1 33 1 5 102798 205596
 8 78 0 45 1 27 1 9 72422 144844
 9 76 0 57 0 28 1 11 92936 185872
 10 102 0 38 1 27 1 4 66682 133364
 11 55 1 45 1 39 1 7 83355 166710
 12 115 0 78 0 29 1 4 185236 370472
 13 98 1 58 1 53 1 6 206363 412726
 14 75 1 64 1 44 1 11 129181 258362
 15 61 0 57 0 20 1 5 54196 108392
 16 94 1 92 1 78 1 6 590090 1180180
 17 114 0 58 1 42 1 7 236615 473230
 18 98 0 67 0 27 1 7 131123 262246
 19 85 1 79 1 45 1 12 205438 410876
 20 111 0 49 0 22 1 6 104964 209928
 89 2511305
 587 233 220 20571812 75259908
 20
 1 95 0 92 0 46 1 4 298685 597370
 2 65 1 60 1 40 1 5 96688 193376
 3 103 1 62 1 59 1 3 313880 627760
 4 71 1 65 1 52 1 9 187243 374486
 5 119 0 87 0 28 1 6 186857 373714
 6 109 1 92 1 78 1 6 671893 1343786
 7 58 1 54 1 35 1 6 72290 144580
 8 98 1 73 1 64 1 5 290615 581230
 9 44 1 44 1 40 1 1 61308 122616
 10 70 0 69 1 35 1 7 138632 277264
 11 119 0 61 1 58 1 5 320003 640006
 12 89 1 55 1 45 1 10 165064 330128
 13 75 1 68 1 58 1 5 191980 383960
 14 43 1 37 1 30 1 3 38138 76276
 15 95 0 77 1 41 1 9 244138 488276
 16 65 1 63 1 63 1 4 188108 376216
 17 107 1 70 1 62 1 6 362224 724448
 18 109 0 69 0 21 1 4 115005 230010
 19 54 0 34 1 21 1 4 29370 58740
 20 118 0 45 1 32 1 3 135169 270338
 90 2511405
 587 233 220 19163715 142478415
 20
 1 91 0 52 1 33 1 5 110635 221270
 2 87 1 81 1 63 1 3 274439 548878
 3 113 0 79 1 45 1 6 252743 505486
 4 114 0 52 1 45 1 8 174066 348132
 5 110 1 90 1 66 1 6 489668 979336
 6 81 0 41 1 31 1 4 79665 159330
 7 108 0 67 1 37 1 5 189147 378294
 8 118 0 82 1 57 1 4 469710 939420
 9 96 0 60 0 30 1 4 108395 216790
 10 43 1 42 1 36 1 5 48968 97936
 11 93 1 78 1 77 1 6 395186 790372
 12 85 0 62 0 25 1 6 85597 171194
 13 93 0 83 0 30 1 5 200783 401566
 14 101 1 87 1 77 1 3 474945 949890
 15 112 0 72 1 56 1 7 358280 716560
 16 49 1 39 1 31 1 7 42026 84052
 17 100 0 67 1 38 1 1 180728 361456
 18 76 1 59 1 41 1 4 134412 268824
 19 114 1 64 1 59 1 4 278553 557106
 20 91 0 68 0 34 1 4 176494 352988
 91 2511505
 587 233 220 23276567 167553690
 20
 1 86 1 65 1 57 1 4 208288 416576
 2 61 1 37 1 32 1 3 52678 105356
 3 39 1 33 1 27 1 8 22071 44142
 4 85 0 33 1 26 1 5 49663 99326
 5 101 0 94 0 42 1 3 258916 517832
 6 65 1 53 1 46 1 4 114879 229758
 7 76 1 72 1 39 1 5 135914 271828
 8 47 1 42 1 25 1 3 35079 70158
 9 93 1 76 1 60 1 4 313526 627052
 10 95 1 74 1 51 1 8 270432 540864
 11 97 0 66 0 32 1 4 133695 267390
 12 116 0 78 0 37 1 6 220894 441788
 13 98 0 53 1 47 1 5 206925 413850
 14 68 1 63 1 60 1 9 213059 426118
 15 93 1 91 1 68 1 7 468502 937004
 16 90 0 88 0 35 1 3 189478 378956
 17 93 1 71 1 66 1 5 286877 573754
 18 100 1 89 1 70 1 6 409252 818504
 19 94 0 84 0 35 1 9 181000 362000
 20 74 0 40 1 30 1 5 71831 143662
 92 2511605
 587 233 220 23192962 112021976
 20
 1 96 1 82 1 63 1 6 313907 627814
 2 74 1 63 1 59 1 7 208907 417814
 3 86 0 60 1 43 1 5 145394 290788
 4 90 1 67 1 57 1 10 254770 509540
 5 97 1 91 1 80 1 6 553056 1106112
 6 116 0 61 0 28 1 2 159212 318424
 7 86 0 41 1 35 1 4 107362 214724
 8 67 0 44 1 26 1 7 54380 108760
 9 115 0 79 0 31 1 10 235607 471214
 10 62 1 59 1 46 1 5 147155 294310
 11 49 1 41 1 39 1 3 62615 125230
 12 55 1 48 1 33 1 10 76299 152598
 13 113 1 89 1 63 1 7 553899 1107798
 14 49 1 36 1 33 1 3 37659 75318
 15 71 1 63 1 54 1 4 158731 317462
 16 62 0 58 0 21 1 7 59383 118766
 17 85 0 75 0 34 1 4 168159 336318
 18 64 1 61 1 50 1 9 149589 299178
 19 73 1 53 1 48 1 4 121754 243508
 20 57 1 53 1 47 1 5 86127 172254
 93 2511705
 587 233 220 21559341 82425822
 20
 1 78 0 69 1 37 1 4 142702 285404
 2 115 1 90 1 58 1 7 445133 890266
 3 68 0 53 0 20 1 5 55870 111740
 4 119 0 71 1 47 1 6 337324 674648
 5 100 1 82 1 57 1 3 413229 826458
 6 88 1 76 1 52 1 3 252781 505562
 7 95 0 90 0 43 1 6 220727 441454
 8 87 1 72 1 62 1 7 251842 503684
 9 80 1 66 1 47 1 3 160318 320636
 10 120 1 78 1 67 1 4 417938 835876
 11 103 1 65 1 60 1 3 287210 574420
 12 86 1 60 1 50 1 4 182792 365584
 13 80 0 49 1 37 1 5 97539 195078
 14 94 0 83 0 36 1 4 180560 361120
 15 92 1 59 1 51 1 6 225523 451046
 16 118 0 67 1 35 1 5 206063 412126
 17 80 1 78 1 62 1 4 273220 546440
 18 91 0 58 1 33 1 5 155350 310700
 19 114 0 78 1 49 1 4 352129 704258
 20 76 1 54 1 40 1 2 107438 214876
 94 2511805
 587 233 220 24053036 96009573
 20
 1 75 1 73 1 69 1 8 278423 556846
 2 66 1 56 1 40 1 5 103535 207070
 3 64 1 51 1 41 1 8 88404 176808
 4 90 0 52 1 28 1 9 117067 234134
 5 73 0 33 1 28 1 9 59673 119346
 6 91 1 76 1 60 1 7 337213 674426
 7 54 1 45 1 28 1 10 48185 96370
 8 107 1 81 1 56 1 7 375232 750464
 9 63 1 53 1 44 1 10 107921 215842
 10 88 1 75 1 50 1 11 231943 463886
 11 79 0 76 0 20 1 2 90355 180710
 12 116 1 71 1 66 1 7 483702 967404
 13 84 0 52 1 35 1 6 126787 253574
 14 61 0 56 0 22 1 4 54583 109166
 15 54 1 53 1 31 1 4 71087 142174
 16 86 1 85 1 53 1 6 339076 678152
 17 84 0 71 0 29 1 8 136202 272404
 18 80 1 52 1 41 1 7 116938 233876
 19 83 0 33 1 26 1 4 61675 123350
 20 99 0 60 1 38 1 2 148944 297888
 95 2511905
 587 233 220 18701485 117364739
 20
 1 101 0 69 0 20 1 5 90637 181274
 2 108 0 66 1 54 1 8 308936 617872
 3 74 0 62 1 33 1 9 106934 213868
 4 69 0 61 1 33 1 8 103936 207872
 5 71 0 64 0 31 1 7 94196 188392
 6 38 1 32 1 30 1 6 28683 57366
 7 108 0 47 1 37 1 10 150634 301268
 8 100 0 41 1 36 1 7 108740 217480
 9 99 0 79 0 39 1 8 253470 506940
 10 83 0 55 0 22 1 7 83250 166500
 11 99 0 49 1 36 1 6 138930 277860
 12 83 0 56 0 22 1 7 81545 163090
 13 66 1 52 1 44 1 6 93726 187452
 14 120 0 69 0 29 1 5 190087 380174
 15 101 0 90 1 50 1 6 405111 810222
 16 58 1 54 1 39 1 9 83791 167582
 17 88 1 64 1 58 1 4 244468 488936
 18 82 1 52 1 46 1 7 135066 270132
 19 63 1 63 1 53 1 8 178899 357798
 20 82 1 67 1 60 1 13 249285 498570
 96 2512005
 587 233 220 21700737 120718650
 20
 1 64 0 42 1 26 1 9 51619 103238
 2 92 1 58 1 52 1 7 204908 409816
 3 92 0 85 0 21 1 8 112242 224484
 4 90 0 49 1 33 1 8 99490 198980
 5 54 1 48 1 34 1 6 62819 125638
 6 95 0 62 1 45 1 6 175817 351634
 7 72 1 49 1 46 1 8 122594 245188
 8 56 0 42 1 25 1 10 42982 85964
 9 64 0 34 1 26 1 5 48295 96590
 10 113 0 90 1 54 1 6 473904 947808
 11 113 0 52 1 42 1 5 213201 426402
 12 94 0 86 0 38 1 6 192366 384732
 13 81 1 80 1 68 1 5 395251 790502
 14 87 1 79 1 55 1 9 320068 640136
 15 81 1 52 1 45 1 13 157552 315104
 16 113 0 32 1 24 1 10 63391 126782
 17 92 0 57 0 25 1 5 109302 218604
 18 100 0 40 1 33 1 6 99980 199960
 19 113 0 93 0 40 1 6 368382 736764
 20 74 0 65 0 22 1 13 93747 187494
 97 2512105
 587 233 220 25280753 85662661
 20
 1 74 0 60 1 32 1 7 100886 201772
 2 100 0 50 1 43 1 7 166885 333770
 3 95 0 74 1 42 1 6 261841 523682
 4 95 0 70 0 30 1 8 128806 257612
 5 45 1 37 1 24 1 4 30971 61942
 6 67 0 60 0 25 1 9 74458 148916
 7 55 1 51 1 35 1 4 84456 168912
 8 76 1 71 1 61 1 6 206548 413096
 9 119 0 88 1 51 1 8 433545 867090
 10 98 0 81 0 26 1 6 126052 252104
 11 86 1 69 1 61 1 7 237614 475228
 12 117 0 54 1 30 1 3 126543 253086
 13 96 0 40 1 24 1 4 67452 134904
 14 54 1 52 1 41 1 7 79800 159600
 15 89 0 61 1 41 1 8 154653 309306
 16 82 1 81 1 71 1 8 412187 824374
 17 97 1 53 1 49 1 5 224318 448636
 18 74 0 72 0 35 1 5 117634 235268
 19 83 1 77 1 47 1 7 190578 381156
 20 80 1 48 1 45 1 5 108162 216324
 98 2512205
 587 233 220 20102368 83248154
 20
 1 106 0 55 1 38 1 8 166136 332272
 2 69 1 50 1 48 1 11 133421 266842
 3 106 1 63 1 57 1 11 327577 655154
 4 71 1 66 1 51 1 5 161195 322390
 5 62 1 41 1 36 1 9 65757 131514
 6 75 1 49 1 39 1 7 119963 239926
 7 90 1 64 1 53 1 9 267187 534374
 8 96 1 79 1 55 1 10 328120 656240
 9 83 1 75 1 67 1 5 306545 613090
 10 58 1 48 1 30 1 6 70529 141058
 11 81 0 59 0 24 1 8 83468 166936
 12 71 1 56 1 41 1 4 129928 259856
 13 111 0 76 1 40 1 8 229230 458460
 14 113 0 27 1 26 1 4 53602 107204
 15 50 1 41 1 36 1 8 61465 122930
 16 57 1 55 1 50 1 7 128031 256062
 17 42 0 25 1 21 1 7 14722 29444
 18 115 0 44 1 29 1 3 125888 251776
 19 78 1 54 1 52 1 9 136387 272774
 20 87 0 68 0 31 1 5 129974 259948
 99 2512305
 587 233 220 18140473 107304538
 20
 1 51 1 46 1 44 1 9 78902 157804
 2 95 0 92 1 47 1 12 362436 724872
 3 116 0 39 1 23 1 9 91923 183846
 4 51 1 37 1 32 1 5 43178 86356
 5 117 0 44 1 38 1 8 165952 331904
 6 103 1 89 1 73 1 7 544798 1089596
 7 73 1 55 1 54 1 8 133140 266280
 8 116 0 98 0 40 1 5 320816 641632
 9 62 0 48 0 22 1 5 46460 92920
 10 106 0 38 1 30 1 9 105561 211122
 11 100 0 40 1 32 1 8 89403 178806
 12 87 0 53 0 26 1 8 82154 164308
 13 57 1 35 1 35 1 9 44235 88470
 14 80 1 75 1 75 1 5 318531 637062
 15 111 0 88 0 32 1 6 203429 406858
 16 109 0 42 1 29 1 6 90834 181668
 17 49 1 35 1 29 1 7 34865 69730
 18 92 0 65 0 23 1 4 112135 224270
 19 112 0 32 1 30 1 8 78785 157570
 20 94 0 90 0 30 1 7 210635 421270
 100 2512405
 587 233 220 21696813 142886508
 20
 1 78 1 49 1 47 1 6 135413 270826
 2 46 1 45 1 43 1 4 58285 116570
 3 98 0 44 1 36 1 4 128429 256858
 4 100 0 89 0 31 1 8 173524 347048
 5 108 0 76 1 47 1 6 290680 581360
 6 75 0 36 1 28 1 6 47376 94752
 7 108 1 82 1 56 1 5 438596 877192
 8 45 1 41 1 24 1 4 37294 74588
 9 103 0 48 1 38 1 8 144491 288982
 10 74 1 62 1 46 1 7 180011 360022
 11 96 0 56 1 44 1 11 202291 404582
 12 117 0 64 1 42 1 4 228210 456420
 13 73 1 71 1 50 1 9 163206 326412
 14 61 1 48 1 47 1 3 92848 185696
 15 91 0 49 1 27 1 9 104585 209170
 16 78 0 77 0 28 1 7 141411 282822
 17 119 0 78 0 34 1 3 245877 491754
 18 106 1 78 1 63 1 6 385070 770140
 19 82 1 68 1 62 1 6 264637 529274
 20 100 1 73 1 53 1 6 262924 525848
