100
 1 2502505
 587 233 220 15819843 156145821
 10
 1 108 0 76 0 30 1 20 113864 853279
 2 110 0 43 1 25 1 11 63783 470584
 3 92 1 81 1 55 1 9 172364 1098872
 4 81 0 33 1 28 1 9 37762 344168
 5 120 1 99 1 73 1 9 360398 2505140
 6 111 0 70 1 48 1 13 151399 1475980
 7 98 0 72 1 46 1 4 133332 1177104
 8 95 0 66 0 31 1 12 107032 694544
 9 85 0 84 0 30 1 9 89661 565815
 10 71 0 32 1 25 1 10 31613 214946
 2 2502605
 587 233 220 15851997 118241893
 10
 1 49 0 25 1 21 1 13 11558 113730
 2 60 1 51 1 41 1 9 73115 659508
 3 103 1 76 1 64 1 11 227157 1460579
 4 95 1 70 1 62 1 14 183278 1755949
 5 111 0 49 1 26 1 13 69795 431417
 6 85 1 84 1 72 1 16 206459 1981686
 7 48 1 36 1 31 1 12 26223 179270
 8 86 0 76 0 38 1 11 101275 819288
 9 71 1 48 1 47 1 16 65681 622727
 10 90 0 43 1 33 1 8 69838 576507
 3 2502705
 587 233 220 15362119 144352187
 10
 1 97 0 81 0 27 1 8 102700 692831
 2 102 0 78 0 39 1 16 151580 1070039
 3 113 0 46 1 36 1 12 75739 483031
 4 66 1 50 1 42 1 12 75448 656022
 5 101 0 30 1 26 1 18 32283 213192
 6 100 0 56 1 35 1 13 85205 648321
 7 91 0 50 1 40 1 14 108118 736445
 8 106 1 61 1 56 1 17 209761 1455130
 9 103 1 63 1 58 1 12 177986 1534727
 10 75 1 57 1 41 1 13 102012 854984
 4 2502805
 587 233 220 13541893 94050614
 10
 1 113 0 92 0 33 1 15 147460 902698
 2 52 1 37 1 28 1 17 30510 217425
 3 57 1 33 1 29 1 17 30592 232527
 4 99 0 37 1 30 1 19 56730 499486
 5 92 0 64 1 33 1 13 97236 650330
 6 119 0 59 1 39 1 19 153769 1388689
 7 54 1 52 1 49 1 13 59364 407053
 8 75 0 45 1 35 1 21 50769 345557
 9 79 1 68 1 44 1 13 124950 1079278
 10 116 0 49 1 47 1 22 137774 1252026
 5 2502905
 587 233 220 17204412 115679682
 10
 1 88 0 54 1 39 1 12 89608 756660
 2 94 0 54 1 36 1 12 83893 519036
 3 87 0 77 1 43 1 17 134097 837546
 4 100 1 80 1 72 1 15 329410 2434222
 5 83 0 40 1 36 1 18 59899 409351
 6 91 0 54 0 22 1 7 44907 282901
 7 109 0 58 1 54 1 10 198887 1212505
 8 94 0 55 1 30 1 13 88505 695990
 9 34 1 32 1 31 1 18 14374 118798
 10 83 1 80 1 57 1 8 153213 1169480
 6 2503005
 587 233 220 13353975 83557445
 10
 1 86 1 84 1 45 1 18 144191 1357942
 2 81 0 45 1 34 1 19 67435 641308
 3 70 1 54 1 37 1 13 64021 600747
 4 71 1 61 1 52 1 16 100490 775420
 5 78 1 73 1 40 1 10 109052 871353
 6 69 1 63 1 46 1 13 80208 631067
 7 72 1 67 1 56 1 10 131995 834652
 8 75 0 75 0 36 1 8 85416 662011
 9 94 1 88 1 50 1 12 215005 2113815
 10 65 1 51 1 50 1 13 71648 468130
 7 2503105
 587 233 220 15474138 137841403
 10
 1 118 0 79 1 51 1 16 280857 2529765
 2 86 0 32 1 31 1 8 36944 358263
 3 64 1 58 1 52 1 14 90110 801604
 4 42 1 42 1 32 1 14 25275 215366
 5 64 1 55 1 43 1 16 76473 685132
 6 84 0 70 0 35 1 10 111414 825204
 7 76 0 57 1 36 1 14 77607 518578
 8 95 1 60 1 55 1 14 137550 1331415
 9 80 1 66 1 52 1 14 119818 996745
 10 109 0 73 0 23 1 18 103397 814692
 8 2503205
 587 233 220 14147080 127475024
 10
 1 75 1 58 1 57 1 8 115319 801045
 2 57 1 37 1 30 1 11 31853 263712
 3 79 0 74 0 35 1 14 107800 782983
 4 104 1 99 1 74 1 8 325047 2258403
 5 55 1 46 1 31 1 11 35036 280334
 6 99 0 98 0 33 1 15 151439 1145487
 7 90 1 85 1 59 1 9 216154 1809459
 8 115 0 74 1 44 1 7 214301 2064212
 9 107 0 67 0 21 1 11 87419 547236
 10 81 1 76 1 55 1 13 158376 1531596
 9 2503305
 587 233 220 13992173 98605965
 10
 1 90 1 70 1 63 1 4 160058 1261498
 2 84 0 78 0 28 1 15 90223 810576
 3 94 0 85 0 39 1 16 151016 990437
 4 80 1 76 1 54 1 16 155816 1189357
 5 69 1 50 1 45 1 10 76098 645295
 6 70 1 57 1 37 1 17 76358 522715
 7 94 1 61 1 54 1 15 180224 1416573
 8 92 0 44 1 29 1 20 56662 455683
 9 72 1 53 1 37 1 13 64704 510307
 10 89 0 43 1 27 1 23 61239 388513
 10 2503405
 587 233 220 12349813 80317066
 10
 1 68 0 66 0 31 1 11 81280 736155
 2 120 0 34 1 26 1 14 46293 283393
 3 95 1 76 1 60 1 17 180200 1435977
 4 61 1 47 1 34 1 12 57301 352970
 5 53 1 45 1 36 1 11 47442 379375
 6 80 1 52 1 42 1 12 83543 536303
 7 109 0 63 0 28 1 11 106373 783286
 8 74 0 64 1 35 1 12 81494 674691
 9 53 1 40 1 36 1 16 32452 295877
 10 102 1 96 1 59 1 17 313145 2338441
 11 2503505
 587 233 220 13666418 111320783
 10
 1 74 1 63 1 61 1 13 166615 1054233
 2 71 0 60 0 25 1 12 57941 373520
 3 106 1 80 1 59 1 11 247299 2160296
 4 109 0 76 1 42 1 6 199171 1942010
 5 118 0 56 0 22 1 15 82411 801002
 6 105 0 67 1 43 1 17 158428 1548232
 7 72 1 65 1 37 1 14 102618 666596
 8 84 1 59 1 54 1 19 137271 1046835
 9 91 0 69 0 26 1 13 79028 558123
 10 69 0 31 1 28 1 6 27336 256744
 12 2503605
 587 233 220 16183523 137826109
 10
 1 95 1 80 1 57 1 8 245042 1911260
 2 112 0 87 0 23 1 15 103210 852770
 3 116 0 41 1 40 1 12 82034 810635
 4 98 1 80 1 56 1 15 230884 2233031
 5 108 1 60 1 59 1 8 197895 1558929
 6 82 1 77 1 67 1 9 200391 1211443
 7 67 1 46 1 36 1 8 45060 423443
 8 104 0 72 1 44 1 11 167037 1121766
 9 89 0 56 0 24 1 17 48089 366853
 10 64 1 36 1 36 1 11 45419 377021
 13 2503705
 587 233 220 16887017 145515155
 10
 1 52 0 36 1 25 1 27 19420 171438
 2 63 0 37 1 21 1 13 21252 134771
 3 100 0 61 1 36 1 16 114355 983202
 4 79 0 52 1 36 1 18 59462 573326
 5 99 0 63 1 36 1 13 100456 764761
 6 97 0 49 1 30 1 12 73786 557839
 7 90 1 69 1 55 1 16 181687 1277308
 8 91 0 33 1 28 1 14 48968 389917
 9 111 0 76 1 41 1 24 151102 1026695
 10 95 0 44 1 35 1 16 82794 595464
 14 2503805
 587 233 220 16008115 112331540
 10
 1 68 0 48 1 31 1 10 55901 466299
 2 104 1 80 1 63 1 16 241581 1514560
 3 82 0 46 0 21 1 8 32526 205089
 4 114 1 78 1 60 1 7 256829 2032257
 5 90 1 74 1 66 1 11 215710 1356132
 6 112 0 54 1 36 1 9 102681 778118
 7 71 1 64 1 54 1 8 146132 1092113
 8 74 0 53 1 33 1 12 64042 404674
 9 75 1 62 1 57 1 12 115777 852332
 10 68 1 62 1 52 1 12 120877 1135655
 15 2503905
 587 233 220 13963754 94842608
 10
 1 100 0 44 1 37 1 6 86339 835134
 2 90 1 78 1 55 1 10 221115 1540064
 3 65 1 57 1 42 1 9 64868 447220
 4 85 0 58 1 41 1 9 118891 834823
 5 81 1 69 1 50 1 10 144688 980863
 6 84 1 78 1 51 1 12 175490 1278683
 7 109 1 73 1 73 1 16 275713 1993645
 8 73 1 58 1 52 1 9 127084 979398
 9 73 1 49 1 40 1 11 77091 723054
 10 120 0 60 1 39 1 8 132534 1056499
 16 2504005
 587 233 220 12400725 118887185
 10
 1 43 1 40 1 39 1 16 26940 178979
 2 97 0 76 1 40 1 13 140534 875431
 3 67 1 63 1 47 1 11 98810 672403
 4 98 0 57 1 38 1 14 109908 759864
 5 73 0 71 0 27 1 9 64261 597950
 6 66 1 56 1 41 1 14 63892 503600
 7 82 1 75 1 72 1 13 215656 1784292
 8 93 0 71 1 43 1 19 139102 1269733
 9 95 0 35 1 28 1 21 48731 467932
 10 88 1 72 1 68 1 8 230116 2259197
 17 2504105
 587 233 220 13693449 89176200
 10
 1 72 0 49 1 35 1 9 57684 575199
 2 75 1 66 1 47 1 11 135247 824348
 3 78 0 30 1 22 1 8 25171 191503
 4 119 1 79 1 79 1 9 428197 3148148
 5 76 1 65 1 62 1 11 173357 1702324
 6 119 1 81 1 65 1 14 360632 2470759
 7 91 0 77 0 36 1 11 125825 1057566
 8 113 0 89 0 27 1 4 129177 1243626
 9 98 0 59 1 44 1 5 105085 874238
 10 76 1 55 1 43 1 9 99107 901522
 18 2504205
 587 233 220 15823587 121860594
 10
 1 104 0 55 1 30 1 9 100381 827665
 2 92 1 89 1 73 1 8 283248 2529615
 3 88 0 88 0 43 1 9 147332 972418
 4 90 1 60 1 60 1 7 155996 1296855
 5 79 1 53 1 41 1 6 80841 552397
 6 96 0 91 0 28 1 5 134022 1247597
 7 100 1 90 1 79 1 9 379001 2982778
 8 73 0 42 1 32 1 9 55603 362151
 9 115 1 85 1 60 1 7 243212 1876522
 10 113 1 83 1 76 1 6 314518 2658767
 19 2504305
 587 233 220 12144798 119170870
 10
 1 60 0 45 1 26 1 15 33431 321020
 2 71 1 43 1 39 1 11 69915 501162
 3 99 1 71 1 64 1 11 247519 2462802
 4 61 1 41 1 40 1 11 55484 446720
 5 83 1 79 1 43 1 10 134491 1155025
 6 63 1 52 1 35 1 17 59901 532345
 7 54 0 33 1 20 1 13 16870 130937
 8 62 1 57 1 51 1 17 85973 654329
 9 79 1 76 1 71 1 19 204740 1260900
 10 91 1 81 1 48 1 14 185995 1412253
 20 2504405
 587 233 220 14040463 122333222
 10
 1 97 1 77 1 66 1 10 246233 1482919
 2 81 1 69 1 69 1 21 175164 1672094
 3 109 0 53 0 24 1 12 81779 773176
 4 98 0 33 1 20 1 15 33534 233498
 5 86 0 56 1 34 1 14 78648 548015
 6 76 0 50 1 35 1 12 77076 527893
 7 109 0 42 1 22 1 19 59421 516511
 8 82 1 69 1 42 1 6 125788 1090592
 9 58 1 43 1 31 1 14 41202 379474
 10 99 0 80 1 48 1 16 190673 1432256
 21 2504505
 587 233 220 16788444 143286755
 10
 1 109 1 93 1 72 1 6 421132 2779252
 2 95 0 67 0 32 1 13 97145 947925
 3 119 0 45 1 36 1 13 100200 849948
 4 95 1 78 1 62 1 10 213254 1941836
 5 116 0 89 0 32 1 13 192198 1901479
 6 98 0 65 1 38 1 16 112387 701936
 7 72 0 51 0 24 1 8 42993 362878
 8 102 0 88 0 26 1 10 103931 724840
 9 99 0 47 1 44 1 10 86732 760250
 10 106 0 52 1 31 1 15 74985 467721
 22 2504605
 587 233 220 17564353 123767539
 10
 1 89 1 78 1 50 1 9 201273 1308633
 2 73 1 65 1 46 1 10 96511 657349
 3 94 0 66 1 39 1 5 121180 1161819
 4 66 1 59 1 42 1 11 78122 657727
 5 106 1 93 1 70 1 18 410181 2876540
 6 80 1 71 1 62 1 16 148551 1241299
 7 60 0 36 1 26 1 7 29699 221402
 8 72 0 31 1 31 1 14 40361 296967
 9 63 0 63 0 31 1 16 53682 495258
 10 74 0 39 1 23 1 5 37630 272088
 23 2504705
 587 233 220 16101888 113990914
 10
 1 84 0 81 0 23 1 7 80326 483624
 2 115 1 72 1 64 1 19 273024 1892524
 3 77 0 49 1 25 1 8 40714 329895
 4 40 1 37 1 22 1 7 18692 137936
 5 97 0 96 0 46 1 7 223374 1547401
 6 95 0 43 1 25 1 8 43402 321993
 7 90 0 69 0 28 1 13 94475 812959
 8 56 1 51 1 49 1 8 58626 517132
 9 118 1 93 1 80 1 10 393477 3874914
 10 56 1 47 1 41 1 11 45272 413457
 24 2504805
 587 233 220 16460050 116071721
 10
 1 113 0 80 0 29 1 15 106949 668106
 2 98 1 65 1 62 1 10 204372 1988811
 3 60 1 59 1 46 1 16 96648 696934
 4 100 1 97 1 64 1 5 348638 2608232
 5 99 0 88 0 23 1 15 102372 979628
 6 106 0 49 1 33 1 11 86576 540092
 7 78 0 54 1 30 1 17 50671 335047
 8 71 1 68 1 41 1 10 94481 936730
 9 83 0 80 0 35 1 22 131265 1185653
 10 99 0 55 0 27 1 16 67107 644276
 25 2504905
 587 233 220 16055944 149070731
 10
 1 75 0 54 1 35 1 17 56829 346371
 2 107 0 60 1 49 1 17 151475 1159334
 3 70 1 67 1 42 1 10 96998 793457
 4 78 1 71 1 44 1 13 120989 1119230
 5 78 0 61 0 27 1 10 62074 558002
 6 78 1 73 1 48 1 15 114776 733842
 7 109 0 87 0 32 1 13 130231 1186448
 8 91 0 87 0 25 1 14 112979 831752
 9 67 1 51 1 47 1 12 69937 532431
 10 67 1 63 1 60 1 12 121020 884105
 26 2505005
 587 233 220 15832809 123878994
 10
 1 86 0 71 1 41 1 18 138875 1357431
 2 75 1 58 1 58 1 21 103693 1032113
 3 100 0 81 0 27 1 15 99427 860172
 4 59 0 42 1 24 1 17 29791 235990
 5 69 0 37 1 30 1 18 44266 298363
 6 63 1 50 1 36 1 10 48712 396811
 7 96 0 72 0 34 1 15 108322 782187
 8 111 0 71 0 29 1 13 100676 871498
 9 102 1 67 1 53 1 16 154892 1052106
 10 71 0 34 1 32 1 15 36959 281843
 27 2505105
 587 233 220 15523987 148627165
 10
 1 118 0 66 1 47 1 11 198454 1239796
 2 99 0 56 0 25 1 15 64581 388333
 3 91 1 83 1 48 1 13 153120 1430858
 4 104 0 66 1 40 1 9 135751 1049425
 5 75 0 60 1 33 1 14 78372 549478
 6 113 1 78 1 60 1 13 307921 2133253
 7 36 1 36 1 29 1 14 15352 136754
 8 56 1 48 1 40 1 8 53233 528992
 9 67 0 40 1 22 1 10 24226 196445
 10 92 1 78 1 64 1 12 255558 2342837
 28 2505205
 587 233 220 15207423 110079026
 10
 1 62 1 59 1 52 1 23 85333 601151
 2 54 1 52 1 50 1 11 67365 665615
 3 102 1 69 1 65 1 9 230810 1860590
 4 97 0 76 1 46 1 16 162656 1143023
 5 52 1 50 1 37 1 20 52021 381227
 6 93 0 85 0 23 1 13 76205 695670
 7 90 0 38 1 38 1 25 58703 454687
 8 66 1 60 1 40 1 17 78044 736217
 9 38 1 31 1 26 1 21 14099 90832
 10 86 0 60 1 36 1 20 103209 677734
 29 2505305
 587 233 220 12197241 79625088
 10
 1 91 1 58 1 57 1 12 126017 867172
 2 92 1 78 1 53 1 13 214546 2013754
 3 112 0 48 1 28 1 10 68653 490282
 4 78 0 47 1 26 1 11 41217 350796
 5 41 1 40 1 28 1 17 24488 199546
 6 57 1 47 1 32 1 12 49238 337678
 7 54 1 47 1 40 1 11 51832 365876
 8 85 0 80 0 25 1 18 81102 742311
 9 89 1 86 1 54 1 13 166896 1434922
 10 118 1 94 1 68 1 10 380246 3081899
 30 2505405
 587 233 220 14662347 139426252
 10
 1 64 0 53 1 32 1 16 46831 300082
 2 51 1 42 1 28 1 14 30504 273502
 3 49 1 32 1 30 1 18 23802 180556
 4 109 1 68 1 59 1 17 227079 1945485
 5 66 0 43 1 32 1 11 44677 304504
 6 120 0 71 1 47 1 16 165197 1057160
 7 109 0 57 1 41 1 17 105356 825942
 8 100 0 70 0 28 1 16 113836 1071461
 9 76 1 70 1 51 1 11 137431 1076950
 10 85 0 40 1 26 1 15 42713 339957
 31 2505505
 587 233 220 12406320 74783535
 10
 1 70 1 63 1 49 1 15 97702 625912
 2 84 1 54 1 49 1 17 107892 887290
 3 89 0 70 1 42 1 11 133395 1053637
 4 80 0 48 1 39 1 15 80752 501282
 5 114 0 47 1 42 1 16 114862 892209
 6 92 0 62 1 34 1 11 105708 944635
 7 72 1 66 1 43 1 18 89200 626762
 8 120 0 55 1 46 1 15 127040 943391
 9 106 0 62 0 25 1 13 81214 752138
 10 72 0 53 1 34 1 14 76087 561407
 32 2505605
 587 233 220 17061948 133046452
 10
 1 95 0 76 1 44 1 14 189337 1871596
 2 81 0 47 1 34 1 20 69369 647952
 3 71 0 52 1 30 1 18 58113 367349
 4 96 0 52 1 28 1 11 79271 739296
 5 104 0 80 1 50 1 13 244506 2058470
 6 77 1 64 1 57 1 19 156149 1524527
 7 75 0 45 1 36 1 23 62522 557547
 8 65 1 49 1 39 1 15 63127 406248
 9 70 1 49 1 41 1 12 82884 566599
 10 111 0 44 1 42 1 11 107346 949690
 33 2505705
 587 233 220 16554286 153428698
 10
 1 40 1 36 1 21 1 12 15794 143098
 2 76 0 45 1 31 1 11 54593 504432
 3 63 1 54 1 51 1 14 82025 501177
 4 114 1 77 1 69 1 15 311904 2758261
 5 95 1 57 1 53 1 15 159442 1253071
 6 92 0 36 1 20 1 11 35182 346871
 7 90 1 84 1 47 1 17 144307 1141724
 8 84 0 69 0 24 1 12 73882 489183
 9 57 1 35 1 35 1 14 38573 310321
 10 78 1 76 1 50 1 11 122009 1209288
 34 2505805
 587 233 220 13361349 113380464
 10
 1 68 0 35 1 27 1 13 27421 172477
 2 118 0 57 1 43 1 9 157542 1208737
 3 73 0 72 0 36 1 15 79994 608171
 4 85 1 58 1 50 1 14 142992 1148434
 5 86 0 56 1 33 1 14 71936 633000
 6 99 0 44 1 31 1 9 55500 408728
 7 93 1 54 1 49 1 18 125541 1241784
 8 89 0 69 0 26 1 14 78558 637462
 9 98 1 90 1 74 1 12 267256 1957560
 10 58 1 48 1 46 1 18 71140 680521
 35 2505905
 587 233 220 14985129 117678271
 10
 1 100 0 33 1 31 1 8 58719 375155
 2 84 0 68 1 42 1 15 131565 797670
 3 95 0 84 0 31 1 15 106444 992891
 4 57 1 39 1 30 1 15 38287 256129
 5 76 1 71 1 60 1 22 130885 1115837
 6 71 1 68 1 46 1 18 109787 708883
 7 109 0 51 1 26 1 16 60439 376623
 8 109 0 54 1 45 1 13 158877 1508060
 9 84 0 55 1 29 1 15 60068 485045
 10 104 0 66 0 20 1 14 68788 448364
 36 2506005
 587 233 220 16677457 104898731
 10
 1 41 1 39 1 26 1 17 19213 175805
 2 110 0 40 1 34 1 13 62855 400481
 3 94 1 77 1 52 1 11 211091 1536284
 4 119 1 96 1 71 1 9 484453 4710832
 5 67 1 63 1 47 1 20 93341 707201
 6 61 1 43 1 31 1 15 38355 280665
 7 72 0 53 1 35 1 12 62174 397755
 8 64 1 38 1 38 1 6 38164 320772
 9 110 0 71 1 45 1 13 157155 999351
 10 73 1 71 1 52 1 15 117365 1020763
 37 2506105
 587 233 220 17137364 129053435
 10
 1 98 0 73 1 44 1 10 143374 929710
 2 60 1 60 1 38 1 17 58998 381820
 3 105 1 73 1 60 1 11 218400 1438859
 4 90 1 77 1 52 1 15 182582 1602827
 5 66 0 58 0 24 1 19 38949 352351
 6 106 1 76 1 55 1 13 242480 1807247
 7 55 1 44 1 36 1 14 49138 335964
 8 82 0 58 0 23 1 12 63802 430880
 9 74 1 61 1 58 1 10 120231 1038422
 10 81 0 39 1 24 1 15 44399 337160
 38 2506205
 587 233 220 14809435 123523421
 10
 1 104 0 94 1 50 1 8 283260 2077630
 2 102 0 87 0 36 1 21 180772 1591433
 3 115 0 42 1 33 1 9 94773 772356
 4 61 1 58 1 32 1 9 65441 500917
 5 70 1 62 1 48 1 16 94184 800273
 6 91 1 79 1 78 1 5 255526 2031189
 7 90 1 57 1 53 1 10 130467 804712
 8 78 0 68 0 25 1 12 53267 415432
 9 77 1 44 1 39 1 16 63862 407636
 10 97 1 89 1 56 1 9 250351 2314119
 39 2506305
 587 233 220 15559309 147570813
 10
 1 89 1 56 1 45 1 29 133288 1021336
 2 53 1 37 1 34 1 23 30292 299127
 3 54 0 35 1 25 1 23 24859 185135
 4 73 0 39 1 33 1 27 46994 309142
 5 73 1 39 1 38 1 22 50844 319046
 6 50 1 42 1 29 1 14 26793 265162
 7 62 1 59 1 54 1 24 103863 676679
 8 98 0 53 1 44 1 20 110956 813379
 9 94 0 32 1 31 1 20 46283 341637
 10 97 0 64 0 28 1 23 76182 654878
 40 2506405
 587 233 220 16198088 133593513
 10
 1 85 1 77 1 62 1 8 193388 1612596
 2 94 0 63 1 32 1 7 101991 620992
 3 83 1 75 1 45 1 9 155479 1358364
 4 95 1 95 1 54 1 10 202001 1220191
 5 76 0 76 0 30 1 16 100138 980421
 6 113 0 66 1 44 1 8 142504 1212279
 7 108 1 71 1 61 1 10 222236 1998607
 8 118 0 62 1 37 1 16 127298 860897
 9 93 1 58 1 48 1 13 150617 1366848
 10 60 0 32 1 29 1 5 26138 195562
 41 2506505
 587 233 220 15570303 115286487
 10
 1 109 1 80 1 68 1 8 317244 2610271
 2 90 0 45 1 31 1 14 53166 427600
 3 66 1 56 1 34 1 14 65745 653133
 4 76 0 66 1 34 1 9 100938 819455
 5 111 0 80 1 53 1 15 251910 2322023
 6 86 0 59 0 29 1 14 75149 620822
 7 80 1 72 1 63 1 11 197484 1881709
 8 81 0 47 0 22 1 8 41240 260393
 9 114 1 80 1 64 1 9 348968 3349292
 10 90 0 37 1 32 1 11 44134 422747
 42 2506605
 587 233 220 16050723 147358994
 10
 1 76 1 74 1 50 1 17 133236 878446
 2 86 0 40 1 29 1 11 54543 523549
 3 66 1 55 1 48 1 10 77174 577754
 4 75 0 57 1 37 1 9 79509 764798
 5 102 0 83 0 29 1 10 138503 1135015
 6 74 1 58 1 52 1 15 130066 904534
 7 89 0 65 1 36 1 16 86612 571767
 8 99 1 68 1 67 1 12 247601 1729243
 9 80 1 78 1 66 1 12 197056 1264687
 10 65 1 57 1 45 1 9 91193 789075
 43 2506705
 587 233 220 16262362 103555027
 10
 1 82 1 80 1 71 1 11 199284 1604362
 2 66 0 37 1 27 1 4 30012 212561
 3 77 0 76 0 31 1 4 83675 713637
 4 100 0 56 1 38 1 8 121952 941251
 5 93 1 86 1 67 1 12 241463 1734807
 6 89 0 76 0 30 1 6 109859 789615
 7 98 1 90 1 67 1 16 278165 2595189
 8 87 0 52 1 42 1 11 87583 849863
 9 53 1 42 1 35 1 7 46677 349510
 10 116 0 53 1 36 1 11 131525 1154952
 44 2506805
 587 233 220 15796955 130261473
 10
 1 114 0 67 0 25 1 20 107381 814462
 2 92 0 79 0 25 1 15 90599 656039
 3 89 0 87 0 36 1 19 128715 1094534
 4 95 0 71 1 36 1 14 108827 721267
 5 90 0 83 1 43 1 12 152886 1368562
 6 93 0 39 1 28 1 12 53778 422073
 7 69 0 54 1 31 1 16 52050 361969
 8 107 0 61 1 37 1 13 101861 712649
 9 98 0 52 1 40 1 8 111871 966965
 10 83 1 69 1 60 1 9 142464 1283588
 45 2506905
 587 233 220 12209132 77939650
 10
 1 63 0 55 1 31 1 12 53078 498573
 2 120 0 43 1 23 1 12 59131 412109
 3 97 1 72 1 57 1 22 177150 1456288
 4 77 1 76 1 42 1 22 124992 1123930
 5 93 0 74 0 20 1 11 78071 538779
 6 65 1 63 1 43 1 16 88629 694955
 7 108 0 71 1 40 1 11 179980 1658149
 8 79 0 36 1 21 1 14 30551 283774
 9 68 0 62 0 26 1 19 63205 629425
 10 68 1 50 1 40 1 19 72493 536688
 46 2507005
 587 233 220 14609883 124002753
 10
 1 86 0 58 1 36 1 8 85570 771262
 2 71 0 69 0 22 1 9 59310 509236
 3 108 0 78 1 54 1 12 261714 1996961
 4 104 1 58 1 57 1 10 188713 1569874
 5 96 1 65 1 58 1 13 145410 1239070
 6 58 0 37 1 26 1 9 23382 202894
 7 73 1 72 1 49 1 5 124805 908999
 8 98 1 67 1 56 1 13 193296 1925235
 9 117 0 89 0 23 1 11 103361 888514
 10 109 1 76 1 73 1 8 360024 2980090
 47 2507105
 587 233 220 12554665 77055536
 10
 1 118 0 54 1 42 1 12 160226 1001012
 2 112 0 95 0 20 1 14 113015 925276
 3 118 0 38 1 37 1 17 82523 738092
 4 76 0 38 1 38 1 13 50359 465768
 5 100 0 56 1 34 1 14 96425 659614
 6 100 0 73 1 50 1 17 178053 1436354
 7 75 0 58 1 36 1 10 81792 811581
 8 76 1 51 1 41 1 16 68232 489293
 9 82 0 75 1 39 1 12 118695 829141
 10 84 1 76 1 44 1 13 115255 843826
 48 2507205
 587 233 220 14001852 95076633
 10
 1 59 1 49 1 48 1 5 74956 749196
 2 79 1 63 1 46 1 10 98982 942068
 3 95 0 58 1 38 1 10 104166 890808
 4 95 0 79 1 47 1 11 191709 1342997
 5 72 0 46 1 27 1 11 53180 361575
 6 88 1 74 1 72 1 10 218155 2114379
 7 90 1 77 1 67 1 16 221202 2168013
 8 96 0 59 1 36 1 13 118855 750805
 9 62 1 55 1 46 1 13 73985 502691
 10 92 0 77 1 43 1 10 134746 1028742
 49 2507305
 587 233 220 17172693 123491377
 10
 1 91 0 54 1 45 1 13 91923 784938
 2 105 1 77 1 72 1 8 349012 2503947
 3 79 1 78 1 48 1 14 150585 978899
 4 109 1 76 1 59 1 5 221197 1451563
 5 48 1 37 1 30 1 11 26916 239638
 6 44 1 37 1 27 1 12 20203 150166
 7 79 1 76 1 54 1 6 153281 1015212
 8 116 0 78 0 20 1 12 103938 660458
 9 101 0 71 1 49 1 15 193776 1920591
 10 102 0 100 0 49 1 10 266114 2108336
 50 2507405
 587 233 220 17703147 137578489
 10
 1 60 1 40 1 32 1 13 32013 263273
 2 98 1 75 1 55 1 17 210284 1466124
 3 60 1 59 1 39 1 27 82159 524293
 4 81 0 56 1 40 1 17 86860 862889
 5 119 0 34 1 25 1 9 50310 328258
 6 107 0 61 1 42 1 10 119345 940629
 7 108 0 85 0 20 1 19 88551 720742
 8 97 0 66 1 45 1 22 164780 1231226
 9 66 0 35 1 26 1 17 31582 267502
 10 69 0 32 1 20 1 16 25411 174146
 51 2507505
 587 233 220 15800090 108190143
 10
 1 66 1 64 1 36 1 12 83607 599297
 2 97 1 73 1 49 1 19 143710 1422637
 3 69 1 60 1 43 1 25 71521 616592
 4 52 0 37 1 20 1 16 18789 138746
 5 109 0 63 1 37 1 23 101862 947191
 6 79 0 57 0 24 1 21 55988 411067
 7 95 0 72 0 22 1 20 89095 884735
 8 65 1 50 1 39 1 16 70440 463542
 9 98 0 42 1 30 1 19 64090 412326
 10 53 1 40 1 36 1 13 42278 394864
 52 2507605
 587 233 220 14831751 131554204
 10
 1 96 0 72 0 31 1 12 118042 831241
 2 75 1 72 1 47 1 16 146494 960051
 3 80 0 25 1 20 1 17 16468 143954
 4 114 1 94 1 61 1 10 293690 2254849
 5 100 0 40 1 39 1 15 89325 649909
 6 72 1 51 1 48 1 13 101403 808061
 7 36 1 28 1 24 1 12 11850 94401
 8 85 0 58 1 35 1 18 71693 501439
 9 85 1 84 1 58 1 16 193141 1264960
 10 95 0 48 0 24 1 14 45660 290328
 53 2507705
 587 233 220 17013947 138598689
 10
 1 78 0 37 1 27 1 11 43138 400428
 2 89 0 70 0 25 1 17 77355 662727
 3 90 0 84 0 41 1 8 140975 1056296
 4 85 0 75 1 42 1 7 119432 1189587
 5 91 0 77 1 44 1 7 156904 1297797
 6 114 1 87 1 71 1 12 315508 2525993
 7 90 0 37 1 25 1 8 48748 427532
 8 105 1 80 1 77 1 9 337730 2659295
 9 74 1 71 1 50 1 10 156916 1434077
 10 62 1 57 1 55 1 12 78672 732826
 54 2507805
 587 233 220 13896719 101827527
 10
 1 99 0 68 0 23 1 23 68986 458690
 2 68 1 52 1 40 1 17 65982 410136
 3 101 1 66 1 61 1 20 188286 1571343
 4 57 0 56 0 22 1 17 37596 234494
 5 81 1 54 1 47 1 19 118842 1183927
 6 86 0 34 1 25 1 24 33364 308497
 7 54 0 46 1 27 1 11 30893 258877
 8 95 0 65 1 34 1 17 96500 928145
 9 105 0 57 1 29 1 10 99625 805815
 10 120 0 63 0 28 1 14 101850 955605
 55 2507905
 587 233 220 17185646 130945577
 10
 1 100 0 94 0 28 1 19 136604 1120930
 2 81 1 78 1 66 1 13 220167 1341523
 3 111 0 49 0 21 1 12 64759 500395
 4 119 0 63 1 37 1 20 137149 909652
 5 72 0 50 1 30 1 14 48724 456810
 6 58 1 58 1 40 1 12 55768 545710
 7 108 0 55 1 29 1 17 92469 909117
 8 54 1 49 1 38 1 15 43970 424278
 9 69 1 46 1 44 1 12 64032 405532
 10 88 1 71 1 61 1 9 228180 2153868
 56 2508005
 587 233 220 12095136 95385219
 10
 1 90 0 41 1 34 1 34 51976 451629
 2 64 0 32 1 28 1 17 24635 164237
 3 42 1 31 1 31 1 19 23697 161350
 4 94 0 90 0 44 1 15 152233 1172622
 5 68 1 63 1 53 1 24 102923 796901
 6 55 0 30 1 21 1 23 20635 158428
 7 72 0 64 0 31 1 16 63452 472012
 8 75 0 56 1 34 1 30 64569 551936
 9 62 0 34 1 31 1 31 30175 230205
 10 79 0 55 1 32 1 24 68070 411847
 57 2508105
 587 233 220 17456459 136505095
 10
 1 85 0 73 1 40 1 9 99359 793007
 2 73 1 62 1 54 1 7 138106 1293577
 3 90 0 63 1 41 1 13 134643 1034043
 4 75 0 61 0 24 1 15 59643 515764
 5 57 1 53 1 44 1 8 74629 687494
 6 93 0 70 1 45 1 9 122716 933483
 7 73 0 36 1 33 1 8 39371 323817
 8 95 1 80 1 75 1 7 234606 1785042
 9 93 1 89 1 78 1 11 352874 3261027
 10 113 1 87 1 65 1 9 337651 2395785
 58 2508205
 587 233 220 14013168 102695993
 10
 1 105 0 81 1 46 1 18 218612 2065177
 2 115 1 81 1 61 1 9 236969 2173813
 3 72 0 51 0 23 1 12 36696 326701
 4 65 1 56 1 33 1 10 58688 529443
 5 60 0 44 0 21 1 13 31774 207395
 6 85 1 69 1 65 1 7 167619 1629777
 7 90 0 82 0 35 1 10 151371 944514
 8 115 1 94 1 64 1 8 306410 2868703
 9 80 0 53 1 33 1 9 62132 407373
 10 95 0 81 0 37 1 10 118890 876201
 59 2508305
 587 233 220 16665496 126344083
 10
 1 76 1 52 1 46 1 18 97985 967717
 2 66 0 59 1 31 1 26 51410 324861
 3 62 1 55 1 44 1 25 63495 475527
 4 95 0 46 1 36 1 12 78744 705635
 5 63 1 59 1 35 1 11 72845 640243
 6 100 0 37 1 32 1 23 64331 441460
 7 91 0 54 1 37 1 21 108245 900138
 8 49 1 44 1 36 1 26 39309 392457
 9 109 0 66 1 49 1 18 207208 1758219
 10 69 0 48 1 27 1 19 44374 432203
 60 2508405
 587 233 220 18037785 114045167
 10
 1 78 1 72 1 58 1 14 185725 1384285
 2 107 1 57 1 57 1 11 172283 1140175
 3 72 1 64 1 37 1 19 92252 837967
 4 93 0 66 0 26 1 13 84471 737068
 5 116 0 67 1 35 1 13 130498 1295161
 6 101 0 56 1 39 1 12 93771 706290
 7 108 0 100 0 39 1 11 187940 1395478
 8 64 1 55 1 33 1 10 57446 512249
 9 73 1 65 1 53 1 10 145870 1251451
 10 106 0 41 1 35 1 12 85746 553303
 61 2508505
 587 233 220 16928970 168303367
 10
 1 109 1 68 1 64 1 7 243580 2271833
 2 84 1 58 1 55 1 7 143770 1416536
 3 96 0 83 0 24 1 16 95904 656057
 4 74 0 67 1 37 1 14 103556 917581
 5 107 1 73 1 70 1 7 320341 2183828
 6 80 1 73 1 54 1 13 142463 1009334
 7 72 0 41 1 33 1 13 46311 316945
 8 84 1 79 1 74 1 10 231167 1677843
 9 40 0 37 1 20 1 14 15426 143166
 10 74 1 73 1 42 1 20 99697 937666
 62 2508605
 587 233 220 14743571 104137735
 10
 1 70 1 63 1 50 1 14 120568 830521
 2 100 0 53 1 34 1 9 79824 520877
 3 93 0 78 1 45 1 11 175231 1631031
 4 100 0 55 1 48 1 10 110775 871677
 5 98 1 73 1 50 1 13 157340 1163014
 6 69 1 45 1 43 1 9 58604 385177
 7 43 1 42 1 36 1 15 27399 261622
 8 104 1 92 1 63 1 16 259598 1632932
 9 93 0 36 1 26 1 11 35133 246578
 10 50 1 45 1 41 1 17 43504 328791
 63 2508705
 587 233 220 15368390 124662460
 10
 1 82 1 76 1 59 1 8 219329 1579931
 2 60 1 51 1 50 1 14 74281 566951
 3 104 1 66 1 61 1 7 210516 2006434
 4 71 0 36 1 28 1 7 31066 231846
 5 89 0 77 0 26 1 9 85706 785464
 6 108 1 84 1 66 1 15 335784 2152647
 7 90 0 51 1 45 1 10 95560 597881
 8 48 1 35 1 33 1 9 24862 235610
 9 89 1 57 1 52 1 5 155816 1002989
 10 99 1 77 1 58 1 16 191874 1562017
 64 2508805
 587 233 220 12384322 114514586
 10
 1 114 0 54 0 20 1 16 60487 378492
 2 92 1 87 1 50 1 10 191572 1449379
 3 114 0 43 1 26 1 10 64634 406944
 4 93 0 69 1 42 1 7 143015 1118374
 5 80 1 79 1 64 1 19 217172 2127603
 6 99 0 80 0 29 1 8 112754 1064799
 7 60 1 54 1 47 1 12 78483 554789
 8 54 1 53 1 32 1 16 46025 280242
 9 113 1 75 1 68 1 10 301215 2741642
 10 67 1 66 1 49 1 10 103408 764992
 65 2508905
 587 233 220 16220100 129861905
 10
 1 55 0 50 1 26 1 8 32125 244387
 2 48 1 42 1 37 1 16 39585 303563
 3 47 1 34 1 26 1 17 21506 209463
 4 104 0 74 1 50 1 18 189916 1657179
 5 83 0 70 1 40 1 17 124062 980831
 6 53 1 52 1 38 1 19 43099 342864
 7 108 0 69 1 49 1 11 215000 1770771
 8 78 1 73 1 72 1 20 192953 1591254
 9 77 0 62 0 24 1 15 47967 353489
 10 74 0 34 1 21 1 15 28166 207363
 66 2509005
 587 233 220 17286729 106986660
 10
 1 87 0 45 1 32 1 14 55869 548398
 2 84 1 63 1 46 1 11 108873 884626
 3 84 1 67 1 44 1 12 128406 1227043
 4 76 0 55 1 30 1 11 65437 453736
 5 87 1 78 1 61 1 6 197881 1672653
 6 115 0 77 1 53 1 11 193392 1920692
 7 78 1 72 1 51 1 12 121958 943043
 8 93 1 91 1 62 1 10 254877 1904168
 9 48 1 41 1 40 1 7 31891 259705
 10 92 1 82 1 53 1 11 231880 2073522
 67 2509105
 587 233 220 16603557 109397981
 10
 1 119 0 41 1 38 1 14 92335 902863
 2 90 0 44 1 35 1 15 69634 579011
 3 67 0 55 0 27 1 7 52118 502668
 4 71 1 47 1 36 1 18 53322 413721
 5 90 1 55 1 51 1 17 115423 1093500
 6 87 0 68 1 40 1 19 100693 894623
 7 87 0 53 1 36 1 17 77452 648411
 8 113 0 47 1 34 1 19 98545 871053
 9 97 0 56 1 35 1 25 96951 599520
 10 90 0 60 0 25 1 19 76544 641919
 68 2509205
 587 233 220 12080982 114346552
 10
 1 60 1 44 1 36 1 9 39508 242404
 2 76 1 42 1 40 1 8 52946 322987
 3 65 1 49 1 48 1 11 85197 849294
 4 109 0 92 1 51 1 10 269523 2419431
 5 93 0 42 1 31 1 12 65478 565747
 6 83 1 64 1 59 1 7 149423 1379578
 7 96 1 90 1 55 1 11 194430 1791855
 8 52 1 42 1 31 1 15 34567 219066
 9 98 1 72 1 61 1 8 238087 2283109
 10 118 0 98 1 57 1 12 378875 2526344
 69 2509305
 587 233 220 16903280 124880869
 10
 1 91 0 50 1 32 1 20 72570 637431
 2 118 0 66 1 40 1 16 143909 1152316
 3 75 0 69 0 32 1 12 91553 718994
 4 81 0 73 0 32 1 19 94766 880811
 5 97 0 69 0 33 1 16 121424 906609
 6 97 0 31 1 27 1 17 46731 421110
 7 57 1 54 1 29 1 11 39516 283643
 8 77 1 71 1 62 1 16 153011 996869
 9 116 0 84 0 27 1 16 107978 1002352
 10 85 0 30 1 29 1 14 36520 334646
 70 2509405
 587 233 220 17073108 142426862
 10
 1 56 0 32 1 28 1 9 22089 208521
 2 92 0 68 1 39 1 11 140824 1188487
 3 90 0 86 0 29 1 9 98829 762840
 4 73 1 54 1 52 1 17 82958 527736
 5 114 0 100 0 45 1 17 223762 1785364
 6 94 0 51 1 36 1 14 83231 703339
 7 108 0 59 1 38 1 13 110721 1082207
 8 89 1 82 1 61 1 7 196526 1683054
 9 81 1 71 1 43 1 12 138818 1374649
 10 61 1 53 1 37 1 8 49017 314045
 71 2509505
 587 233 220 14747878 98763616
 10
 1 99 1 64 1 62 1 20 195465 1877933
 2 110 0 43 1 37 1 16 95883 721129
 3 96 1 73 1 50 1 9 183984 1571733
 4 114 0 53 1 35 1 10 86539 566831
 5 105 0 27 1 22 1 12 31902 308882
 6 75 1 66 1 51 1 14 144497 1291868
 7 72 1 61 1 48 1 17 90686 770209
 8 102 0 46 1 32 1 12 66339 444353
 9 59 1 57 1 45 1 12 85292 512937
 10 111 0 45 1 33 1 16 66973 553497
 72 2509605
 587 233 220 17011873 127267422
 10
 1 96 1 95 1 68 1 10 371312 3056321
 2 69 1 61 1 35 1 12 63533 397026
 3 107 1 70 1 55 1 10 234533 1846089
 4 92 0 85 0 34 1 11 134197 899094
 5 96 0 60 1 31 1 12 72172 463223
 6 66 1 38 1 38 1 17 52732 466385
 7 63 1 57 1 36 1 12 62815 378226
 8 51 1 31 1 31 1 15 24882 159421
 9 100 0 75 1 44 1 14 159783 1451616
 10 78 1 66 1 53 1 16 129103 1096976
 73 2509705
 587 233 220 12620377 111118795
 10
 1 90 0 73 1 37 1 9 135991 1192688
 2 102 0 95 0 33 1 15 145009 1075705
 3 117 0 38 1 30 1 10 66356 430421
 4 75 1 73 1 57 1 13 154813 947107
 5 86 0 36 1 34 1 12 61150 576899
 6 101 1 81 1 62 1 14 286583 2543660
 7 90 1 66 1 65 1 9 189314 1367500
 8 76 1 69 1 51 1 15 121970 795606
 9 65 0 30 1 30 1 8 33268 322522
 10 61 1 46 1 37 1 12 50939 426770
 74 2509805
 587 233 220 14129568 110513571
 10
 1 86 1 79 1 69 1 8 197730 1259738
 2 53 1 46 1 31 1 7 42833 392813
 3 96 0 51 1 37 1 9 81242 503989
 4 119 0 55 1 54 1 11 172101 1639420
 5 77 0 74 0 37 1 9 85292 812084
 6 96 0 73 0 24 1 7 97010 681543
 7 75 1 67 1 54 1 12 137600 1213789
 8 88 1 71 1 61 1 5 200931 1665424
 9 120 0 93 0 46 1 14 219844 1636226
 10 104 1 70 1 69 1 9 252449 2299331
 75 2509905
 587 233 220 16690916 138371059
 10
 1 101 0 81 0 24 1 14 101604 679060
 2 94 0 72 0 29 1 16 88724 544950
 3 79 1 72 1 47 1 18 127385 1173153
 4 90 0 36 1 35 1 18 47013 447968
 5 68 1 51 1 40 1 11 59577 454255
 6 48 1 45 1 35 1 17 39843 330980
 7 108 1 84 1 69 1 6 335128 3173324
 8 91 0 45 1 31 1 20 59540 464286
 9 84 1 80 1 62 1 10 207074 1397899
 10 77 1 71 1 41 1 18 111447 793481
 76 2510005
 587 233 220 15747857 148497361
 10
 1 77 0 42 1 30 1 13 53527 378461
 2 98 0 45 1 28 1 8 67532 580663
 3 61 1 58 1 32 1 11 54390 461666
 4 92 1 77 1 61 1 15 249423 1676015
 5 58 0 44 1 27 1 8 39289 262988
 6 108 0 72 1 50 1 15 192190 1638871
 7 93 1 72 1 71 1 12 250543 2384511
 8 111 0 49 1 30 1 14 67778 592015
 9 79 1 66 1 49 1 9 142738 997195
 10 85 0 74 1 39 1 13 118418 915925
 77 2510105
 587 233 220 13809939 107407129
 10
 1 73 0 73 0 36 1 24 109138 699891
 2 87 0 49 1 26 1 13 51383 370186
 3 68 1 53 1 44 1 20 71365 597127
 4 73 0 57 1 33 1 23 78121 503489
 5 65 1 49 1 47 1 18 69392 637882
 6 80 0 65 1 35 1 22 96897 893718
 7 72 0 35 1 26 1 18 27878 251202
 8 75 1 68 1 40 1 18 100096 940727
 9 104 0 53 1 34 1 16 75124 736331
 10 97 0 93 0 45 1 7 232927 1961401
 78 2510205
 587 233 220 13183599 109733232
 10
 1 105 0 68 1 42 1 15 122922 743877
 2 75 0 37 1 24 1 20 38568 319583
 3 79 0 73 0 26 1 20 62636 447292
 4 95 0 53 1 38 1 13 110876 925492
 5 50 1 41 1 40 1 10 38316 232537
 6 80 1 59 1 52 1 19 128524 1276254
 7 90 0 74 0 35 1 19 96292 675909
 8 87 1 60 1 60 1 14 151140 1226094
 9 68 1 50 1 39 1 15 74766 555225
 10 78 0 64 0 25 1 19 61935 431768
 79 2510305
 587 233 220 14301384 111778743
 10
 1 64 1 48 1 46 1 21 70678 481564
 2 79 0 25 1 22 1 30 22962 140264
 3 89 0 85 0 33 1 22 136439 1161677
 4 79 0 66 1 34 1 27 84600 619127
 5 79 0 54 1 31 1 16 61656 444050
 6 115 0 95 0 22 1 24 121328 1035344
 7 76 1 54 1 44 1 20 100492 654830
 8 80 0 44 1 29 1 18 55396 506344
 9 66 0 33 1 26 1 19 28677 192870
 10 50 1 32 1 32 1 20 27481 239717
 80 2510405
 587 233 220 13475443 121643676
 10
 1 78 1 59 1 54 1 13 119164 1013700
 2 120 0 52 0 20 1 12 65472 456693
 3 100 1 67 1 54 1 10 194107 1374570
 4 91 0 59 1 37 1 19 98499 606114
 5 112 0 57 1 56 1 16 205531 1654148
 6 88 0 46 1 34 1 16 81437 746460
 7 108 0 78 1 53 1 13 257873 2015018
 8 100 0 48 1 29 1 9 81860 806477
 9 89 0 88 0 21 1 12 73291 665636
 10 90 0 40 1 21 1 12 43008 318927
 81 2510505
 587 233 220 15966122 121073337
 10
 1 110 0 60 1 55 1 9 193042 1174440
 2 80 1 78 1 71 1 7 265468 2047762
 3 110 0 75 1 50 1 10 230557 2135777
 4 100 0 72 1 40 1 10 170616 1549385
 5 103 0 60 1 32 1 12 99990 789127
 6 70 1 60 1 49 1 14 92565 867720
 7 80 1 72 1 62 1 10 178691 1674619
 8 120 1 74 1 67 1 7 354987 3098907
 9 75 0 52 1 37 1 8 65538 629676
 10 57 1 54 1 48 1 17 82858 661844
 82 2510605
 587 233 220 13238134 110001176
 10
 1 65 1 51 1 50 1 17 67653 647934
 2 113 0 78 0 28 1 14 131926 1045299
 3 120 0 35 1 32 1 14 58048 390565
 4 71 0 53 0 20 1 13 37876 327184
 5 94 1 70 1 64 1 16 231573 1608490
 6 64 0 33 1 32 1 14 28386 243181
 7 71 0 35 1 21 1 17 30715 217563
 8 85 1 59 1 49 1 18 117172 811684
 9 108 0 62 1 53 1 14 195605 1763410
 10 116 0 56 0 25 1 16 69657 613092
 83 2510705
 587 233 220 17403763 151896905
 10
 1 83 1 71 1 46 1 15 135809 1298937
 2 76 1 63 1 54 1 15 105305 638439
 3 91 0 56 1 40 1 15 98465 800545
 4 61 1 42 1 34 1 11 40230 331256
 5 84 1 67 1 47 1 14 118736 1135477
 6 95 1 79 1 57 1 11 228108 1970997
 7 90 0 80 0 23 1 11 99230 887542
 8 69 0 43 1 28 1 9 39474 288490
 9 72 1 69 1 48 1 17 124847 1133847
 10 83 1 64 1 58 1 10 173880 1548553
 84 2510805
 587 233 220 17443758 146944403
 10
 1 114 0 77 1 42 1 11 217212 2032989
 2 105 1 81 1 74 1 14 278987 2061600
 3 76 1 73 1 50 1 17 136886 1281237
 4 104 0 91 0 41 1 13 193851 1826517
 5 75 0 70 0 23 1 15 63035 439501
 6 93 0 67 0 20 1 16 54838 465971
 7 89 0 54 0 25 1 8 69126 609251
 8 89 0 46 1 28 1 10 68266 553987
 9 36 1 35 1 24 1 13 14626 104360
 10 72 0 50 1 29 1 8 59673 542145
 85 2510905
 587 233 220 13564014 116560410
 10
 1 55 0 37 1 22 1 17 22138 207205
 2 72 0 55 1 31 1 9 62879 471830
 3 61 1 56 1 36 1 14 53160 392715
 4 76 0 72 0 22 1 9 70950 507994
 5 74 1 66 1 61 1 14 176534 1723465
 6 43 1 39 1 32 1 13 21513 152979
 7 108 0 98 0 27 1 12 160231 1265362
 8 109 1 73 1 65 1 11 233920 2089945
 9 97 0 92 0 40 1 9 205275 1241926
 10 109 1 80 1 62 1 15 294984 2463358
 86 2511005
 587 233 220 15016424 100732064
 10
 1 87 0 33 1 28 1 17 43240 310843
 2 97 1 70 1 57 1 16 194279 1684666
 3 71 1 57 1 38 1 16 85084 514467
 4 63 1 53 1 47 1 15 85044 662890
 5 77 0 56 1 37 1 14 92288 787872
 6 102 0 67 1 47 1 13 167868 1488370
 7 72 0 31 1 29 1 16 32005 210555
 8 84 0 58 1 38 1 16 106206 802563
 9 84 1 57 1 56 1 17 125401 809478
 10 88 0 76 0 33 1 12 92373 646466
 87 2511105
 587 233 220 14700611 89621175
 10
 1 119 0 34 1 28 1 12 49367 440801
 2 84 1 69 1 48 1 13 127078 811676
 3 97 1 82 1 78 1 14 316512 2809468
 4 109 0 43 1 33 1 9 78699 652214
 5 80 1 75 1 47 1 10 121262 890180
 6 74 0 62 0 30 1 13 68490 673674
 7 40 1 35 1 31 1 14 21135 194045
 8 58 0 43 1 26 1 3 31084 237927
 9 111 1 73 1 71 1 12 278747 2409230
 10 95 0 66 1 43 1 8 152158 1429218
 88 2511205
 587 233 220 14467516 127535237
 10
 1 100 0 60 1 40 1 11 107307 745236
 2 89 0 67 1 34 1 21 120298 986134
 3 92 0 80 0 38 1 18 119607 996382
 4 90 0 81 0 24 1 18 80565 783522
 5 84 0 52 1 38 1 22 90961 704653
 6 77 1 54 1 46 1 13 101555 768645
 7 90 0 49 1 33 1 20 63217 428146
 8 78 0 45 1 27 1 15 41724 267510
 9 76 0 57 0 28 1 16 72307 483912
 10 102 0 38 1 27 1 24 51482 492183
 89 2511305
 587 233 220 13765090 132127140
 10
 1 95 0 92 0 46 1 7 223607 1796001
 2 65 1 60 1 40 1 11 88039 624211
 3 103 1 62 1 59 1 10 174010 1228984
 4 71 1 65 1 52 1 6 124550 908048
 5 119 0 87 0 28 1 12 169183 1054383
 6 109 1 92 1 78 1 13 349449 2316965
 7 58 1 54 1 35 1 7 54643 393292
 8 98 1 73 1 64 1 7 261382 1727941
 9 44 1 44 1 40 1 10 35549 265142
 10 70 0 69 1 35 1 10 79269 482520
 90 2511405
 587 233 220 14910128 103708432
 10
 1 91 0 52 1 33 1 10 69686 644285
 2 87 1 81 1 63 1 11 256235 2357139
 3 113 0 79 1 45 1 9 224750 2230841
 4 114 0 52 1 45 1 6 138753 1087140
 5 110 1 90 1 66 1 7 303329 2911990
 6 81 0 41 1 31 1 12 42731 339708
 7 108 0 67 1 37 1 11 153825 1510509
 8 118 0 82 1 57 1 14 283012 2568672
 9 96 0 60 0 30 1 5 91802 690268
 10 43 1 42 1 36 1 10 33180 304753
 91 2511505
 587 233 220 14802351 128762770
 10
 1 86 1 65 1 57 1 7 175088 1567706
 2 61 1 37 1 32 1 15 34619 294388
 3 39 1 33 1 27 1 11 20782 200856
 4 85 0 33 1 26 1 9 39829 310764
 5 101 0 94 0 42 1 15 186081 1256670
 6 65 1 53 1 46 1 10 93200 708645
 7 76 1 72 1 39 1 18 98340 906825
 8 47 1 42 1 25 1 14 28529 247755
 9 93 1 76 1 60 1 16 194916 1684020
 10 95 1 74 1 51 1 19 164811 1208917
 92 2511605
 587 233 220 17364407 123365597
 10
 1 96 1 82 1 63 1 8 271591 1836978
 2 74 1 63 1 59 1 10 122670 925037
 3 86 0 60 1 43 1 9 130383 797579
 4 90 1 67 1 57 1 11 174769 1107605
 5 97 1 91 1 80 1 15 283897 2489006
 6 116 0 61 0 28 1 6 117839 838921
 7 86 0 41 1 35 1 7 67857 457371
 8 67 0 44 1 26 1 11 41074 248675
 9 115 0 79 0 31 1 9 156988 1153724
 10 62 1 59 1 46 1 7 83568 823119
 93 2511705
 587 233 220 13901955 138163077
 10
 1 78 0 69 1 37 1 5 94252 865682
 2 115 1 90 1 58 1 8 287240 2047888
 3 68 0 53 0 20 1 9 40069 365321
 4 119 0 71 1 47 1 6 230441 1882685
 5 100 1 82 1 57 1 7 251608 2359066
 6 88 1 76 1 52 1 5 201083 1259122
 7 95 0 90 0 43 1 9 177183 1230808
 8 87 1 72 1 62 1 14 162427 1041330
 9 80 1 66 1 47 1 6 129252 833401
 10 120 1 78 1 67 1 9 340825 2768289
 94 2511805
 587 233 220 13224954 81392588
 10
 1 75 1 73 1 69 1 12 200998 1910574
 2 66 1 56 1 40 1 17 78905 546799
 3 64 1 51 1 41 1 18 53809 428328
 4 90 0 52 1 28 1 17 77869 674733
 5 73 0 33 1 28 1 20 35979 218465
 6 91 1 76 1 60 1 13 174292 1550444
 7 54 1 45 1 28 1 11 32307 303618
 8 107 1 81 1 56 1 14 219555 1375182
 9 63 1 53 1 44 1 12 79371 668228
 10 88 1 75 1 50 1 7 173784 1637180
 95 2511905
 587 233 220 15591549 137860556
 10
 1 101 0 69 0 20 1 16 82714 582787
 2 108 0 66 1 54 1 16 171826 1142708
 3 74 0 62 1 33 1 20 65749 463386
 4 69 0 61 1 33 1 20 60921 503048
 5 71 0 64 0 31 1 22 70884 467943
 6 38 1 32 1 30 1 18 16140 128736
 7 108 0 47 1 37 1 14 86452 857849
 8 100 0 41 1 36 1 19 81710 509578
 9 99 0 79 0 39 1 14 168709 1428835
 10 83 0 55 0 22 1 22 40904 349529
 96 2512005
 587 233 220 17060228 163892606
 10
 1 64 0 42 1 26 1 18 29177 187323
 2 92 1 58 1 52 1 13 120376 1179770
 3 92 0 85 0 21 1 11 75780 583785
 4 90 0 49 1 33 1 18 67677 496475
 5 54 1 48 1 34 1 10 50046 437790
 6 95 0 62 1 45 1 14 142404 873886
 7 72 1 49 1 46 1 13 89259 588642
 8 56 0 42 1 25 1 19 29670 243870
 9 64 0 34 1 26 1 11 25889 255724
 10 113 0 90 1 54 1 22 237540 1802378
 97 2512105
 587 233 220 13934346 128459872
 10
 1 74 0 60 1 32 1 15 70314 563753
 2 100 0 50 1 43 1 13 118034 779115
 3 95 0 74 1 42 1 16 130973 1214963
 4 95 0 70 0 30 1 15 112325 1006522
 5 45 1 37 1 24 1 16 20198 184706
 6 67 0 60 0 25 1 14 43022 289656
 7 55 1 51 1 35 1 12 41162 410690
 8 76 1 71 1 61 1 16 190401 1824765
 9 119 0 88 1 51 1 11 255191 1792814
 10 98 0 81 0 26 1 14 115057 1048462
 98 2512205
 587 233 220 12421603 108471711
 10
 1 106 0 55 1 38 1 14 98582 624195
 2 69 1 50 1 48 1 15 95392 728332
 3 106 1 63 1 57 1 14 210012 1410709
 4 71 1 66 1 51 1 14 118699 930910
 5 62 1 41 1 36 1 7 43430 324200
 6 75 1 49 1 39 1 9 79522 595079
 7 90 1 64 1 53 1 11 176867 1445107
 8 96 1 79 1 55 1 14 222867 1567431
 9 83 1 75 1 67 1 9 200597 1754556
 10 58 1 48 1 30 1 9 46208 330237
 99 2512305
 587 233 220 12602166 100358485
 10
 1 51 1 46 1 44 1 26 56131 440604
 2 95 0 92 1 47 1 14 214591 1635916
 3 116 0 39 1 23 1 10 42147 315249
 4 51 1 37 1 32 1 14 31352 239500
 5 117 0 44 1 38 1 10 98343 830610
 6 103 1 89 1 73 1 13 316692 2502455
 7 73 1 55 1 54 1 13 129353 1273132
 8 116 0 98 0 40 1 8 199400 1631882
 9 62 0 48 0 22 1 12 36033 302872
 10 106 0 38 1 30 1 14 59411 443808
 100 2512405
 587 233 220 14890301 107673700
 10
 1 78 1 49 1 47 1 9 99087 962772
 2 46 1 45 1 43 1 15 47371 393966
 3 98 0 44 1 36 1 13 80771 672329
 4 100 0 89 0 31 1 11 118895 829507
 5 108 0 76 1 47 1 17 164371 1365648
 6 75 0 36 1 28 1 19 37629 265884
 7 108 1 82 1 56 1 16 297054 2233058
 8 45 1 41 1 24 1 19 18575 181608
 9 103 0 48 1 38 1 10 88555 880819
 10 74 1 62 1 46 1 15 105670 772101
